global_signal	global_signal_derivative1	global_signal_power2	global_signal_derivative1_power2	csf	csf_derivative1	csf_derivative1_power2	csf_power2	white_matter	white_matter_derivative1	white_matter_derivative1_power2	white_matter_power2	csf_wm	tcompcor	std_dvars	dvars	framewise_displacement	rmsd	t_comp_cor_00	t_comp_cor_01	t_comp_cor_02	t_comp_cor_03	a_comp_cor_00	a_comp_cor_01	a_comp_cor_02	a_comp_cor_03	a_comp_cor_04	a_comp_cor_05	a_comp_cor_06	a_comp_cor_07	a_comp_cor_08	a_comp_cor_09	a_comp_cor_10	a_comp_cor_11	a_comp_cor_12	a_comp_cor_13	a_comp_cor_14	a_comp_cor_15	a_comp_cor_16	a_comp_cor_17	a_comp_cor_18	a_comp_cor_19	a_comp_cor_20	a_comp_cor_21	a_comp_cor_22	a_comp_cor_23	a_comp_cor_24	a_comp_cor_25	a_comp_cor_26	a_comp_cor_27	a_comp_cor_28	a_comp_cor_29	a_comp_cor_30	a_comp_cor_31	a_comp_cor_32	a_comp_cor_33	a_comp_cor_34	a_comp_cor_35	a_comp_cor_36	a_comp_cor_37	a_comp_cor_38	a_comp_cor_39	a_comp_cor_40	a_comp_cor_41	a_comp_cor_42	a_comp_cor_43	a_comp_cor_44	a_comp_cor_45	a_comp_cor_46	a_comp_cor_47	a_comp_cor_48	a_comp_cor_49	a_comp_cor_50	a_comp_cor_51	a_comp_cor_52	a_comp_cor_53	a_comp_cor_54	a_comp_cor_55	a_comp_cor_56	a_comp_cor_57	a_comp_cor_58	a_comp_cor_59	a_comp_cor_60	a_comp_cor_61	a_comp_cor_62	a_comp_cor_63	a_comp_cor_64	a_comp_cor_65	a_comp_cor_66	a_comp_cor_67	a_comp_cor_68	a_comp_cor_69	a_comp_cor_70	a_comp_cor_71	a_comp_cor_72	a_comp_cor_73	a_comp_cor_74	a_comp_cor_75	a_comp_cor_76	a_comp_cor_77	a_comp_cor_78	a_comp_cor_79	a_comp_cor_80	a_comp_cor_81	a_comp_cor_82	a_comp_cor_83	a_comp_cor_84	a_comp_cor_85	a_comp_cor_86	a_comp_cor_87	a_comp_cor_88	a_comp_cor_89	a_comp_cor_90	a_comp_cor_91	a_comp_cor_92	a_comp_cor_93	a_comp_cor_94	a_comp_cor_95	a_comp_cor_96	a_comp_cor_97	a_comp_cor_98	a_comp_cor_99	a_comp_cor_100	a_comp_cor_101	a_comp_cor_102	a_comp_cor_103	a_comp_cor_104	a_comp_cor_105	a_comp_cor_106	a_comp_cor_107	a_comp_cor_108	a_comp_cor_109	a_comp_cor_110	a_comp_cor_111	a_comp_cor_112	a_comp_cor_113	a_comp_cor_114	a_comp_cor_115	a_comp_cor_116	a_comp_cor_117	a_comp_cor_118	a_comp_cor_119	a_comp_cor_120	a_comp_cor_121	a_comp_cor_122	a_comp_cor_123	a_comp_cor_124	a_comp_cor_125	a_comp_cor_126	a_comp_cor_127	a_comp_cor_128	a_comp_cor_129	a_comp_cor_130	a_comp_cor_131	a_comp_cor_132	a_comp_cor_133	a_comp_cor_134	a_comp_cor_135	a_comp_cor_136	a_comp_cor_137	a_comp_cor_138	a_comp_cor_139	a_comp_cor_140	a_comp_cor_141	a_comp_cor_142	a_comp_cor_143	a_comp_cor_144	a_comp_cor_145	a_comp_cor_146	a_comp_cor_147	a_comp_cor_148	a_comp_cor_149	a_comp_cor_150	a_comp_cor_151	a_comp_cor_152	a_comp_cor_153	a_comp_cor_154	a_comp_cor_155	a_comp_cor_156	a_comp_cor_157	a_comp_cor_158	a_comp_cor_159	a_comp_cor_160	cosine00	cosine01	cosine02	cosine03	trans_x	trans_x_derivative1	trans_x_power2	trans_x_derivative1_power2	trans_y	trans_y_derivative1	trans_y_power2	trans_y_derivative1_power2	trans_z	trans_z_derivative1	trans_z_derivative1_power2	trans_z_power2	rot_x	rot_x_derivative1	rot_x_power2	rot_x_derivative1_power2	rot_y	rot_y_derivative1	rot_y_power2	rot_y_derivative1_power2	rot_z	rot_z_derivative1	rot_z_derivative1_power2	rot_z_power2	motion_outlier00	motion_outlier01	motion_outlier02	motion_outlier03
499.1143210843593	n/a	249115.1055115009	n/a	773.9716921176201	n/a	n/a	599032.1801994122	456.61314712369193	n/a	n/a	208495.56612620235	465.44487773687933	502.086683025566	n/a	n/a	n/a	n/a	-0.0662893511	-0.0093024263	-0.10034767720000001	0.1438643843	0.2642313857	-0.616774672	0.26644188679999997	-0.015740109	0.051797676200000003	-0.1010474745	0.1051199043	-0.1160662689	0.0649726796	-0.0060279442	0.0359940635	-0.011991690800000001	0.037647899	-0.0807823282	-0.0372166888	0.0189142684	-0.0312965623	0.0391305562	-0.015044020600000001	0.0310477239	-0.0169102048	0.1115967718	-0.019396620700000002	0.0149716872	-0.0686710201	0.0098554496	-0.0594266516	0.0199344697	-0.0549846613	0.0414984549	-0.004822182899999999	-0.0338023466	0.0556408297	-0.0354593882	-0.0094170909	0.0350514149	-0.0178922015	-0.0130972072	0.0290256285	0.0224409881	-0.0115229228	-0.07914531150000001	-0.0439725875	0.0443346062	-0.0255855552	0.0334943527	-0.0593560069	-0.049197469800000004	0.11605639039999999	-0.0650133327	0.06783269780000001	-0.049323623899999995	0.0159393928	-0.014816178400000001	0.00675591	-0.1207665492	0.032028052599999995	-0.020202336	0.045749819500000004	-0.0403328723	0.0008400348	-0.0185551532	0.0323163063	-0.019028356899999998	0.0257585334	-0.0157702161	0.0059142228000000005	-0.019050128	-0.0579682646	0.0670300494	-0.029871603599999998	0.09120513890000001	0.0053829073	-0.0587095211	0.022342303799999998	0.0791491993	-0.0559097592	-0.0299847539	0.0777376773	0.058984802300000014	0.08412175960000001	-0.09926079800000001	-0.0159553405	-0.0407341593	0.1693756286	-0.0386444048	-0.0509340779	-0.0004576815	-0.0087291894	0.1128783659	0.0171934092	-0.09991527539999999	-0.0447583813	-0.03271238	0.005285946800000001	0.0294482689	0.1214983547	-0.0059318006	-0.0175710021	-0.0512220797	-0.07245523200000001	-0.06851072030000001	0.0440089287	-0.060091652599999996	0.0215206927	-0.054777199500000005	0.0241820217	-0.12600321109999998	0.0563055127	-0.0353376558	0.1509330132	-0.01663082	0.0074817841000000005	-0.0108422572	0.0122226351	-0.2174960223	0.0788753054	-0.0038626341	0.035845246000000004	-0.0323631854	0.032833217799999995	-0.0637014573	0.045800145300000004	-0.0102960002	0.0667844798	-0.0391345506	0.075209894	-0.0895299141	0.18062251140000002	-0.07707733110000001	0.013981015800000001	0.0450235893	-0.0200061184	-0.05623688	0.0993790718	-0.0942381792	-0.0554438833	-0.08155837519999999	0.1038712666	0.0289404958	0.029872558599999998	-0.08274829410000001	0.11505451960000004	0.0182236671	0.0586068705	-0.1332539101	-0.11337891630000001	0.0017732955	0.020055104	0.1255444397	-0.0673599792	-0.015406811599999999	-0.0771310434	0.0077468514	0.0878410792	-0.0034189296999999996	-0.0606837023	-0.052557438600000006	-0.0048393743	0.036854099	0.0419432867	0.1091041759	0.1090898686	0.1090660245	0.1090326458	-0.0472583	n/a	0.0022333469188900003	n/a	-0.0444376	n/a	0.00197470029376	n/a	-0.349379	n/a	n/a	0.122065685641	0.000292825	n/a	8.574648062499999e-08	n/a	2.64698e-23	n/a	7.0065031204e-46	n/a	-0.00055839	n/a	n/a	3.117993921e-07	0.0	0.0	0.0	0.0
497.9188551081192	-1.1954659762400863	247923.1862721802	1.429138900347663	764.0586041146071	-9.913088003013057	98.26931375548142	583785.5505215619	456.7615932659895	0.1484461422975869	0.02203625716303542	208631.15308288523	465.10160768382406	498.9080336703289	0.956926	28.710348	0.04356424499999999	0.018593900000000003	-0.0714481781	-0.037391276800000005	-0.08875719160000001	0.11327827929999999	0.1127176218	-0.3107184223	0.11176443550000001	0.0249343777	0.1517998566	0.050242504800000004	0.0948503345	0.0227218846	-0.0425340363	-0.08690644199999999	0.0959854885	-0.0864040178	-0.11848674199999999	-0.10704627609999999	-0.0292502067	-0.0229288479	0.0395100817	0.0017012199	0.0675350784	-0.0189160149	0.010181482	-0.0408157975	0.0796011494	-0.0775963183	0.024987893599999998	0.1109200488	-0.0029253681	-0.0418103245	0.0364568788	-0.053530407300000006	0.0243561419	0.17254040910000001	-0.10061922220000001	0.0101864508	-0.0648169772	0.06790850150000001	-0.026963461299999998	0.0340398243	0.0174174292	0.08349618019999999	0.0678786768	-0.1030156362	-0.07261485150000001	0.0768731605	-0.046346883	0.0794048869	-0.041106026600000005	-0.0991822141	-0.0826688402	0.0018271061999999999	0.052709531799999994	0.0993660288	-0.0976690466	-0.060139533499999995	0.0083057502	-0.17409947809999998	0.0738165999	-0.0052347607	-0.0757567552	-0.09978283880000001	-0.0071061317000000014	0.026564962200000004	0.0680188394	-0.10005995320000001	0.026013746400000003	0.014137499199999999	-0.034123212	-0.0216206938	-0.0199168653	0.2200980053	0.0427985103	0.0069546715000000005	-0.018441119199999998	-0.0326472962	-0.076226079	0.0206902664	0.0830605079	0.0196673413	0.0159334478	-0.015165710800000001	-0.0580517179	0.0257799383	0.0902311378	-0.0023632566	0.0452102832	-0.0340331111	-0.0158751748	-0.0363826257	-0.0690850813	0.0195009558	-0.031578041200000004	-0.007583498	0.0926584511	0.1264551819	0.0544011372	-0.0040058053	-0.0207411378	-0.006487965	0.06351008849999999	0.1069721877	-0.13862852550000002	-0.0974385489	0.0681668148	-0.0796136437	0.043884477000000005	-0.055431666399999996	-0.0573799965	-0.0768364414	-0.1516059821	-0.0068735712	0.0644799749	0.1589148514	-0.0205141156	-0.0824963596	-0.0032434381	-0.2046098707	0.0661362525	0.0169623988	0.0194661535	0.0619228105	-0.0753617564	-0.0442250356	-0.0471410356	-0.0493100065	0.0035471732	-0.0404164022	-0.0353502656	-0.07208931589999999	0.1689596195	-0.0547326699	-0.0456430555	0.08020450559999999	-0.1140330794	0.0837031919	0.0324097785	0.055983356100000006	-0.0154897008	0.013420833100000001	-0.0011869763	0.0263531358	0.0207205901	-0.0291239042	0.062416027400000004	-0.097821505	-0.0018061019	0.0516319999	-0.07660828830000001	0.0178630215	-0.0142384581	0.003547905	-0.006752835699999999	0.0089657441	0.0052714342	0.0316480859	-0.1458451332	0.0466018315	-0.027254696600000003	-0.0552823593	0.0606787381	0.19424859940000005	-0.0134139104	0.1090660245	0.1089372966	0.1087228625	0.108422891	-0.0606501	-0.013391799999999995	0.00367843463001	0.00017934030723999988	-0.0511867	-0.006749099999999994	0.00262007825689	4.555035080999992e-05	-0.353745	-0.004365999999999981	1.9061955999999835e-05	0.12513552502499994	0.00048756	0.00019473500000000005	2.377147536e-07	3.792172022500001e-08	-9.13729e-05	-9.13729e-05	8.349006854410003e-09	8.349006854410003e-09	-0.000463351	9.5039e-05	9.032411521e-09	2.14694149201e-07	0.0	0.0	0.0	0.0
496.9807661739879	-0.9380889341313149	246989.88194688407	0.8800108483396266	757.7404229737523	-6.31818114085479	39.91941292865314	574170.548608441	456.15406998506216	-0.6075232809273531	0.3690845368687353	208076.53556393695	464.2876801674064	497.61365320158524	1.009644	30.292025	0.05636579500000001	0.0267462	-0.0741903137	-0.050264354500000004	-0.0330495304	-0.0169997614	0.09852551470000001	-0.0158923828	0.043338912599999994	0.0760035611	0.0259036313	0.0364080896	0.048380108600000006	-0.0147788324	0.1109206868	0.047639963099999995	0.053893744199999996	0.0161653961	0.0359493152	-0.0188253267	0.0490184239	0.0607375454	0.041577513999999996	-0.0230059072	-0.0291702474	-0.057196099199999996	-0.0075725026	0.0976468592	0.0084996208	-0.0018676727	-0.0111292923	-0.0951898175	-0.07242690980000001	-0.087942669	0.0247599903	-0.0530657187	0.095393409	-0.0112676761	-0.032004180099999995	0.1517346842	-0.0362960319	-0.1584212532	-0.0666412921	-0.0510657634	-0.0894464051	-0.0602434555	-0.0907946268	-0.10590235529999999	-0.0592229538	0.025707871299999997	-0.0742228196	0.0888691392	-0.098631099	0.0828760341	0.0051281251	-0.043459558899999993	0.0804536855	-0.0272729147	-0.0321292869	-0.014528657	-0.0209079121	-0.0226014606	-0.0053958507	0.1009537734	-0.0018562653	0.0482434296	0.0254086123	0.0436147246	-0.0083577472	-0.08990409699999999	-0.11165948640000001	-0.051856841699999996	-0.0730675433	-0.0047622764	-0.0001271128	0.0030579324	0.059210520499999995	-0.0199234187	0.077133247	-0.0788827834	0.0427307628	0.0687792513	0.017212597	0.043912754500000005	0.09099000880000001	0.12116807369999999	-0.0049867611	0.0067498785	-0.0426893572	0.0356978153	-0.132583063	0.050660473600000006	0.00797819	0.046457285099999995	-0.061832064400000004	0.07318201719999999	-0.13750392890000002	-0.0019477208999999999	0.0347592182	0.0528456291	0.10328666	-0.04756783269999999	-0.1003935734	-0.13778139609999998	-0.0094704359	0.1230930038	-0.0551298088	-0.1030737614	0.0602916508	-0.0210007498	0.1049469566	-0.1240195102	0.0526629658	0.008634108100000001	-0.014151436399999997	-0.008571219100000001	0.0994191855	-0.0175962058	-0.0388405687	-0.027880797599999996	0.0163119503	0.0016245336999999999	-0.0810922177	0.0183957002	0.0072664625	0.0469455958	0.0631983958	0.0247825227	-0.0003155974	0.0148513997	-0.1184075417	0.0236896656	-0.0311667686	-0.0251149002	0.033058324	-0.0864001403	0.0072080275	0.0208235035	0.0515692318	0.1317661251	-0.0370713257	0.010196924	0.1509040807	-0.0605199157	0.0567440346	0.1190669061	0.0197643529	0.021472430499999997	-0.0126774196	0.0688882868	-0.1163632603	-0.044143619	0.0816959975	-0.05344460559999999	-0.0671874103	0.006118027	-0.06538607910000001	0.09155659349999999	0.0729713307	0.0326562395	-0.015466021699999999	0.013473584299999999	0.0380297618	0.1604984622	0.0932623355	0.0999394785	0.0666588446	0.10898973519999999	0.1086323659	0.10803761810000001	0.1072067914	-0.07729569999999998	-0.016645599999999986	0.005974625238489997	0.0002770759993599995	-0.0603421	-0.0091554	0.00364116903241	8.382134916000002e-05	-0.3673300000000001	-0.013585000000000071	0.00018455222500000188	0.13493132890000006	0.000603089	0.000115529	3.63716341921e-07	1.3346949841000002e-08	-5.29396e-23	9.13729e-05	2.80260124816e-45	8.349006854410003e-09	-0.000596045	-0.00013269400000000004	1.760769763600001e-08	3.55269642025e-07	0.0	0.0	0.0	0.0
496.4578184653002	-0.5229477086876955	246470.36551532496	0.2734743060217108	756.1616066283502	-1.5788163454020605	2.4926610525087183	571780.3753387679	456.2232101582154	0.06914017315324372	0.004780363543660524	208139.61748706718	464.38987289979934	492.6344609870909	0.96501	28.952881	0.07835789500000001	0.0386279	-0.07776894940000001	-0.0558871259	0.0255075123	-0.0256389982	0.0671021988	0.021811826800000003	0.056942593099999994	-0.08937208710000001	0.0230061742	0.0698187157	0.059791439	-0.034362909500000004	0.0747250488	-0.0206996899	-0.12434195619999999	-0.0053056593	0.0641225833	0.0675494744	-0.025046375	0.0495296478	-0.045718021100000006	-0.09142478009999999	-0.0005555339	0.0033442738	-0.0284703891	-0.12139230279999999	0.0301334904	0.0052054611	-0.0112149716	0.0827997056	-0.0858946557	0.0142711089	0.045378094	-0.084226463	-0.0177744992	0.0487835047	0.0380815734	-0.0234363909	0.0620577891	-0.0399501595	0.1134401811	0.0395846683	0.013199275600000001	-0.0362483382	0.0448613973	-0.0973925059	-0.0495586383	0.0110824649	-0.0486933375	0.0674500302	-0.109513179	-0.0561091691	0.143796819	-0.0021983241000000002	0.1118418536	-0.013468338100000001	0.0077680875	-0.0347367198	-0.0225572908	0.0022937448	-0.011026184599999999	-0.0605089613	0.0915731006	-0.024080982400000003	-0.0182057976	0.048920361399999994	0.06990857610000001	-0.0726574838	-0.0640534021	-0.0499923381	-0.0306731475	0.10868301699999999	0.0216749823	0.0033657508	0.0806198198	-0.07293732	0.059040057300000004	0.0037090521999999996	0.0235623667	-0.0334908325	0.028993425	0.0076865408999999985	0.006962724399999999	-0.0443293073	0.1599839736	-0.0639010966	0.0779092074	0.0080390203	0.0326034262	-0.1156637798	0.0043515363	0.1072326884	0.1461260679	0.004193199999999999	0.1101734508	-0.091615142	-0.1423625372	0.0019826751	-0.0112594158	0.11278403460000001	-0.0408662836	0.12208843949999999	-0.0193900431	0.11117493769999999	-0.0770616179	-0.0926050751	0.047494742400000005	-0.0199441084	0.0519874249	-0.050782584000000006	0.0173708047	-0.1714840223	0.0551867824	0.0173919819	0.12110387289999999	-0.0308722217	0.0288712504	0.0009505263	0.0515852034	0.0037083012	0.0474863813	-0.0644143831	-0.0048041964	-0.0685142532	0.025750313599999998	-0.0203494635	0.0157009046	0.011770458000000001	-0.1076298757	-0.0004687914	-0.0402635515	-0.0303181983	-0.000353733	-0.0828520826	-0.14096205380000001	0.0590470707	0.034559616800000005	-0.0121889209	-0.0310661125	-0.0098019235	-0.1662333763	-0.0170578956	-0.0682344188	0.0602941082	0.0681825595	0.0137768778	0.027504898	0.08369614639999999	-0.026970936299999998	-0.1225707019	-0.0450059219	0.0037841361	0.018057527900000002	0.0425777057	0.1147111862	-0.1067189198	-0.09405084650000001	-0.1768821428	0.0427987714	-0.06945653480000001	0.0894382329	-0.0420296753	-0.0340520972	0.084733079	0.0333474848	0.10887533449999999	0.108175503	0.10701244730000001	0.105391148	-0.0490968	0.028198899999999975	0.0024104957702399997	0.0007951779612099987	-0.044378	0.015964100000000002	0.0019694068839999994	0.00025485248881000004	-0.353749	0.013581000000000064	0.00018444356100000175	0.12513835500099998	0.000362205	-0.000240884	1.31192462025e-07	5.802510145600001e-08	-9.37629e-05	-9.37629e-05	8.791481416410001e-09	8.791481416410001e-09	-0.000518414	7.763099999999999e-05	6.0265721609999976e-09	2.6875307539600003e-07	0.0	0.0	0.0	0.0
496.36525466404885	-0.09256380125134456	246378.4660377061	0.008568057302098416	756.850667825126	0.6890611967758105	0.4748053329021122	572822.9333873392	455.6544218210089	-0.5687883372065129	0.32352017254214993	207620.9521250379	463.6998109569912	494.22901785585196	0.933359	28.003265000000006	0.024578305	0.0123636	-0.0755248357	-0.0441529619	-0.004027261	0.0002805353	0.10172274560000001	0.0416659378	-0.029365040800000002	0.023694540899999998	0.0870591975	0.10174638150000001	0.0199038649	0.013352281899999999	-0.0603720138	0.1250580354	0.0036822087	-0.0221608616	0.0175366042	-0.0820774328	-0.0111972328	0.0659901205	0.0228914063	-0.0760551555	-0.0366861755	-0.0363283116	-0.0603401224	-0.1172609504	0.046264941	0.007007422199999999	0.0935547726	-0.1046437833	0.10999890130000001	0.0280895791	0.1000933623	0.0267969226	-0.0837394241	-0.0667183325	0.0086884515	-0.052303250499999995	0.11240694009999999	0.044909926100000004	0.0135196676	-0.0333682771	0.1133333999	-0.0278936651	-0.1044637716	-0.10753759630000001	-0.0497210817	-0.025584423999999998	-0.0186017708	0.0197209603	-0.0873344626	-0.0967624165	-0.0719676747	0.0195164396	0.0291978788	0.0661915649	-0.053236737699999995	-0.0553374659	-0.05888531	0.036273526	-0.033048188799999996	-0.1186437282	-0.058625497400000004	-0.049643151399999995	-0.006711889499999999	-0.0508050769	-0.0628610922	0.021247108799999997	0.1001693624	0.0822768783	0.0160155427	0.028742311099999997	0.014556536100000001	0.0366738225	0.0382064831	-0.1196614632	-0.0828592112	0.2095623503	-0.062313019299999994	-0.002052098	-0.09700025570000001	0.0830706249	-0.0250324782	0.054369475599999995	-0.09470667029999999	0.0175851445	0.1034058002	-0.0158290528	-0.0519623179	0.0027220021000000003	-0.0653653052	-0.0633043293	0.10405467210000001	-0.0160415365	0.052654840700000004	-0.07966143469999999	0.007461195699999998	0.012193405	-0.1317684191	0.0221358844	0.0951238139	-0.0168451295	0.0657538357	-0.029091483900000006	-0.0828301034	-0.1066416421	0.0549148764	0.0274030381	0.0139751226	-0.013282253	0.0048246943	-0.0952627001	-0.1354594149	0.0101617967	-0.0050043332	0.046712486500000004	0.0052490718	-0.0209134428	0.08602463689999999	0.0338541703	0.062975762	0.022787564500000003	-0.0632581891	-0.0085746198	-0.1062277133	0.059988695099999996	-0.040746165	-0.06749467440000001	0.045729527699999994	-0.0761982375	0.0196978324	0.082546777	-0.059640867699999996	0.0567271547	-0.0173901026	0.0728549349	-0.1736688596	-0.0145501222	-0.1386094523	0.0879376304	0.0630889014	0.0321504661	0.08703468560000001	-0.0936171983	-0.0264048575	-0.0569036001	-0.0588614589	0.006113249300000001	0.010487086100000001	-0.030641471899999998	0.0053252822	0.0382378387	0.1139865116	0.014359073100000001	0.1284255	-0.0953585511	-0.0735253164	-0.043143461699999996	0.0037106948	0.0369347443	-0.12670216369999998	-0.0744598596	-0.117361975	-0.0237550739	0.0807435953	0.1087228625	0.1075673469	0.1056505759	0.10298611449999999	-0.0469361	0.002160700000000001	0.0022029974832099997	4.668624490000006e-06	-0.050090800000000005	-0.005712800000000011	0.002509088244640001	3.2636083840000125e-05	-0.35383200000000004	-8.300000000005525e-05	6.8890000000091715e-09	0.12519708422400005	0.000240944	-0.00012126099999999998	5.805401113600001e-08	1.4704230120999994e-08	-0.000231571	-0.0001378081	5.3625128041e-08	1.899107242561e-08	-0.000445047	7.336700000000007e-05	5.3827166890000116e-09	1.9806683220899998e-07	0.0	0.0	0.0	0.0
496.7728080057229	0.40755334167403134	246783.22277389077	0.16609972630966974	754.5419696534927	-2.308698171633296	5.330087247702923	569333.5839685723	455.15334165500985	-0.501080165999042	0.2510813327576275	207164.5644197221	463.3057286634014	500.6594685217345	0.926573	27.799665	0.04959475	0.026554	-0.0921644757	-0.0316632662	-0.0591035679	0.0268421308	0.0822389315	0.09609547550000001	-0.0107812728	0.0836978998	0.0927212832	0.1282824397	0.000630654	0.0534285436	0.0251630035	-0.0194242284	-0.0803167664	-0.0266740702	-0.0009615341	0.0032936623	-0.0458814497	-0.1134088893	-0.0855052372	0.0781255775	0.0469099408	-0.1135499458	0.046807704900000004	0.0678084671	0.0261973531	0.021049294500000003	0.0047643053000000005	-0.09785009230000001	0.0483671143	-0.0159345926	-0.0110058304	-0.0138684879	0.08520338400000001	-0.0046829483	-0.022859093799999997	-0.0030410233	0.0681431959	-0.0522694097	0.024884741000000002	-0.0316608861	0.0758078258	0.0021763976000000003	0.1135567947	-0.1219693993	-0.0240643096	-0.07053250559999999	0.0066157835	0.0015314819	-0.1164292675	-0.0110113339	-0.0390251311	-0.0966635726	0.0723225066	0.0045105896	0.047749426799999994	0.0505619067	-0.0227319636	-0.0378768518	-0.0780058066	0.1093681282	-0.0296244535	-0.0761741923	0.0354758525	-0.0160257052	-0.049556074699999994	0.0475822537	-0.0152167114	0.0049063053	-0.0147168599	0.0618452543	0.0739811749	-0.0766688073	-0.09502270730000001	0.0167095137	-0.0370482533	0.0671017134	-0.10944646460000004	0.0120910645	-0.0154303142	0.016509485900000002	-0.045459893700000004	-0.024061483199999997	0.020957088500000002	-0.0753381566	0.0752556974	-0.038734344500000004	0.1187192394	0.0577984255	0.052435256500000006	-0.045572925199999996	0.0108402259	-0.0276802124	-0.11832715	-0.054215252199999994	0.0768460057	0.0242707997	-0.0294484094	0.002172091	-0.2173211159	0.0067610318	0.1259763945	-0.0220519875	0.1143293826	-0.120106779	0.0258517275	0.0700146757	0.0136412035	-0.060121885300000004	0.1025054242	-0.0115011359	-0.0721543229	-0.09397078140000001	0.07704275440000001	-0.0322508632	0.0207672514	0.0506876388	-0.0065661316	-0.0328751753	-0.1397265602	0.043627899500000004	-0.0071071784	-0.0350965201	-0.0677499514	0.0171365115	0.0089940601	0.0184292964	-0.0267895233	0.0148250598	-0.0516062262	0.0210306654	-0.1012161937	0.014422313899999999	0.052041586900000006	-0.0182436676	0.0070650956000000015	-0.1459966973	0.0375626448	0.07723548200000001	-0.024910042900000002	0.043288352	0.021475792799999997	-0.00024380069999999998	0.0416955062	-0.12178813	-0.03844856	0.0208294296	0.035094548999999996	0.0747535087	-0.10538712509999999	-0.04419888190000002	-0.07174371759999999	0.0409716791	0.0489536217	0.0309324229	0.0534146752	0.0051524885	-0.0746257822	0.0994688337	0.0898256078	0.0413383709	-0.11247962789999999	-0.0610451303	0.0675074838	0.10853237240000001	0.1068087481	0.10395628859999999	0.1000051409	-0.062923	-0.015986900000000002	0.003959303929000001	0.0002555809716100002	-0.0587119	-0.0086211	0.003447087201610001	7.432336520999999e-05	-0.370783	-0.016950999999999942	0.00028733640099999787	0.13748003308899998	0.000240944	0.0	5.805401113600001e-08	0.0	-0.000200233	3.1338000000000004e-05	4.0093254289e-08	9.820702440000003e-10	-0.000574424	-0.00012937700000000007	1.673840812900002e-08	3.2996293177600004e-07	0.0	0.0	0.0	0.0
496.85623282337616	0.08342481765328102	246866.11609543694	0.006959700200483189	754.4205394953212	-0.12143015817150625	0.014745283313557029	569150.3504124115	455.43649522786797	0.2831535728581116	0.08017594582231391	207422.4011854438	463.5480151700218	499.8337585581263	0.920921	27.630106	0.05167194499999998	0.033206400000000004	-0.08532326470000001	-0.0143225617	-0.059113319299999995	0.0675857996	0.062306516799999996	0.1020197909	-0.0317338861	-0.0386700262	-0.1026000325	0.1062619824	-0.0003030475	-0.001535387	0.1085105168	0.0263105926	-0.0301311519	0.048138999	-0.0705437843	-0.1228591518	0.014893218799999997	-0.0105432645	0.0060142177	0.0278443014	-0.08873399929999999	-0.0731784076	0.0665254335	0.049730828600000006	0.113718987	0.10220547619999999	0.07895002059999999	-0.0280251998	-0.0091433428	-0.0953245592	0.013092145	-0.019691408100000002	-0.0328065385	0.0360295941	0.0689895219	0.0364759798	0.040906912000000004	-0.0378693461	0.0494542183	0.026116592400000003	-0.0597942421	0.0383052355	0.0742224729	-0.1091020823	-0.041238967	-0.0409290432	0.0179907941	0.0238551173	-0.0641532794	-0.023557529	0.09703209230000001	-0.060659992300000014	0.0152987048	0.0265801597	-0.0104107755	-0.06538979190000001	0.045670721399999996	-0.1479558685	0.0205018875	-0.013129733999999999	0.0201785255	0.0226949727	0.0205600414	0.0807601901	0.0518872642	0.0617207216	-0.0666884413	0.074785402	-0.0658501213	0.08765533439999999	-0.0466127185	0.0144814749	0.036723994100000004	0.0030139599	0.014119130700000001	-0.0196655939	-0.0057758209999999996	-0.0590473961	0.0929308978	-0.024164394	-0.0049705279	-0.0286731254	0.0995481085	-0.022558755899999998	-0.0727596531	-0.030793216	-0.0836397679	0.1371296337	0.0377496861	-0.1308248223	-0.0081043232	-0.08518915839999999	-0.11792920230000001	-0.018704391100000002	0.0143149255	0.043296140700000006	0.039706978399999995	0.09187245470000001	-0.0011227672	-0.0594786992	-0.0988768702	-0.0933804635	-0.0861908553	-0.11066939390000001	0.0446095309	0.0352597419	-0.0042696781	-0.0445870205	0.0569169684	-0.0724676367	0.0784563172	-0.0601806663	0.032389677900000004	0.0280738015	0.0296484048	-0.058713958899999995	-0.0351379042	-0.1015170083	0.010512902	-0.023711512400000002	-0.030743562999999998	0.0100495195	0.0779031605	-0.0509117977	0.0016228098999999999	0.0732850127	-0.07923797889999999	-0.0961511251	-0.0663788843	0.0586797994	-0.08497594619999999	-0.0341410822	0.0045155618	-0.028504037599999997	0.066248599	0.0151596434	-0.0025105241	0.0390593558	-0.0098699198	-0.0576486604	-0.0954632441	-0.0748556128	0.0190945169	0.0532406347	-0.14920018	0.07678012440000001	-0.027864134500000002	0.0206736036	0.0086772153	0.0692569943	0.0277411525	-0.0761957182	-0.0649241387	0.11054975339999999	-0.07981519999999999	-0.0046111151	-0.15850154560000002	0.1386171956	-0.0469542108	0.037627150899999996	-0.017228433799999998	0.07783757919999999	-0.1451836845	0.10830393099999999	0.1059007676	0.1019349164	0.09646489789999999	-0.0577614	0.005161600000000002	0.003336379329960001	2.6642114560000026e-05	-0.060259	-0.0015470999999999955	0.003631147081	2.393518409999986e-06	-0.365979	0.004803999999999975	2.307841599999976e-05	0.133940628441	-0.00036109	-0.000602034	1.303859881e-07	3.62444937156e-07	-5.50921e-05	0.0001451409	3.03513948241e-09	2.1065880852810003e-08	-0.000518414	5.601e-05	3.1371201e-09	2.6875307539600003e-07	0.0	0.0	0.0	0.0
496.54172287335706	-0.3145099500191009	246553.6825540417	0.09891650866101732	755.1192899843634	0.6987504890421405	0.4882522459366306	570205.1421064889	455.88533567932114	0.4488404514531794	0.2014577508606939	207831.4392874473	464.0353699717234	496.8111974208329	0.941999	28.262487	0.08103629000000001	0.0415831	-0.09456247150000001	-0.0319971077	0.0091461851	0.021126626000000003	0.06299794339999999	0.0714822868	-0.0416889639	-0.0547434729	0.065174318	0.1155765307	0.0313930328	-0.0027373033	0.016074363600000002	0.0099870613	-0.0871078071	-0.045899275499999996	0.0805300497	-0.0814635834	-0.0384868338	0.0374903085	0.0371147677	0.0206694711	0.0518732984	0.09681574720000001	0.0073169524	-0.0814641129	-0.019897198600000002	0.0111270727	-0.0787138358	-0.015947374099999998	0.0796180076	0.012871298100000001	-0.0677150059	-0.1007143147	-0.10078494240000001	-0.1735910802	-0.0663900451	0.0884189985	0.0809621695	0.0016597161	0.0414232492	0.07578536129999999	-0.07261924980000001	0.1087567092	0.0178786056	-0.09967542720000001	-0.0440415385	0.0103852541	0.0042655731	-0.0139380075	-0.0649346199	-0.062249362300000013	0.0140294883	0.0257235929	0.09718278699999999	0.0377451252	-0.1058887402	-0.080703055	-0.024070289100000003	-0.05733079980000001	0.0410612764	-0.040990227000000004	0.0134168136	0.0928743703	0.0588188736	-0.0835022416	0.010404835	0.04301869059999999	-0.0026223481	0.0723414672	0.049205623899999995	-0.0872473757	0.0189990446	-0.0045481817	-0.0247127231	0.034936278700000004	0.0786124628	-0.0345232511	-0.0765971923	0.0219714724	-0.011585578000000001	-0.0444182941	-0.0582087479	-0.11368894369999999	0.0310079577	0.09903625220000001	0.022582503599999998	-0.0351337055	-0.0928565123	0.0668719113	-0.0004725571	0.1061364375	0.0470113329	0.0517488299	0.0149281928	0.0205090099	-0.0302637366	-0.022560548	0.073813931	-0.0204175919	-0.039856103500000004	-0.0360161506	-0.0723766412	-0.0202005972	0.20963998690000002	-0.0993540083	0.042313954	-0.0161496919	-0.0090575144	0.0230560806	0.0092606735	-0.1095904449	-0.0711974957	0.0428470612	0.0762824228	0.052568309900000006	-0.0205757658	-0.0984843833	0.0695615927	-0.0299105456	0.0385176661	0.0584512631	-0.012409213999999998	0.0085559175	0.0831693416	0.0222136222	0.0266577704	-0.0618873078	0.0358068952	-0.023919307	-0.0448272669	-0.002838637	-0.0690733658	0.1132636914	0.027392727000000002	-0.0977642888	0.0207453266	0.06815793980000001	0.0335786534	-0.0119774451	-0.030142731699999998	0.160113863	-0.0610990566	-0.0113512923	0.012938131399999999	0.043406830199999996	-0.091162768	-0.035522000000000005	-0.1001927123	0.0081601909	0.0606560342	-0.06823779469999999	-0.0358405914	0.0728349266	-0.05152365019999999	0.002203215	-0.0156530469	-0.0559983817	0.0196519352	0.0031113476	-0.0009525566999999999	0.1056785075	0.11143469980000001	-0.066634417	-0.0710196771	0.10803761810000001	0.1048446753	0.0995928192	0.0923851842	-0.028035	0.029726400000000007	0.000785961225	0.0008836588569600002	-0.054294100000000005	0.005964899999999995	0.0029478492948100004	3.5580032009999945e-05	-0.375966	-0.009986999999999968	9.974016899999937e-05	0.14135043315600002	-8.53831e-05	0.0002757069	7.290273765610001e-09	7.601429470761e-08	-0.000380437	-0.0003253449	1.4473231096899994e-07	1.0584930395600998e-07	-0.000412306	0.00010610800000000004	1.125890766400001e-08	1.6999623763599998e-07	0.0	0.0	0.0	0.0
496.4316125570997	-0.11011031625736224	246444.34594604233	0.01212428174629633	754.5031227687581	-0.6161672156052873	0.37966203758677264	569274.9622678077	456.35722285515885	0.4718871758377077	0.22267750672008765	208261.91485207315	464.40202422754237	495.90458045121284	0.931976	27.96179	0.091993905	0.0466652	-0.10117046619999999	-0.05263200269999999	0.032096721200000004	-0.0884854533	0.0357066185	0.1073449125	-0.030378820499999997	0.10082348630000001	0.024196383199999998	0.0621870801	-0.027216971099999997	0.1050521076	0.0062876006	0.0226439157	-0.0402748755	0.053788188	-0.0534913831	0.0291163572	0.1071156733	0.0634939562	-0.0357531479	-0.0101887846	0.09948911099999999	-0.1391738353	0.0914606327	0.0573758245	-0.0142268509	-0.055598326399999995	-0.1383512757	0.1011489673	-0.0355958231	0.020261751799999998	0.025960313199999998	-0.048711107999999996	0.08297840440000001	0.0187400917	-0.0018969844	0.064955487	-0.08726034419999999	0.1068548908	-0.0296489131	0.0640416685	-0.056946091	0.045759819199999996	-0.027532516	-0.1201248213	-0.0597235299	0.046722380099999995	-0.0478317205	0.031373988900000004	-0.0651785731	-0.056660536500000004	-0.0745057269	-0.0342120374	0.051158107	0.0632817111	0.0128297419	-0.0155212064	0.0068974047	-0.016885423400000002	0.0712881707	-0.0514050863	-0.0271558829	-0.0377870928	-0.0424377846	-0.05784303480000001	0.0079739367	0.0512982704	0.0025055091	0.008281264699999999	0.0191143943	-0.0018964493	-0.058387559299999996	-0.1007902084	0.0173830844	-0.0163638988	-0.0396384418	0.030523831	0.047694235099999996	-0.1003141952	-0.0735703166	0.0351105417	-0.0317333818	0.0066045	-0.0403032352	0.0929373064	-0.1338014592	0.0640031391	0.1351504546	0.0063937957	-0.0632534079	-0.0001873277	-0.015250123400000001	-0.0980037362	0.0037350357	0.0387013873	0.0422919975	-0.032656134100000005	0.08482617449999999	-0.0095491546	-0.0146322103	0.0229160417	0.0580965851	-0.0577403467	-0.0161579413	-0.1196339007	0.057329787800000004	-0.0441736763	0.0576456141	-0.0400167931	0.015434736000000001	-0.0110060083	-0.11289125900000001	-0.04831968	0.0280886493	0.0119515629	0.052897195	-0.0033909311	-0.0006447040000000001	0.0123931261	0.06833744580000001	0.0014947569	0.0088501278	0.017457884	-0.0806497988	-0.0170844434	0.0270740814	0.0222312423	-0.0241309675	-0.0077304538	0.0756106966	0.0466678138	-0.1121104515	0.0698161777	-0.010125485	-0.0742261173	0.052771102199999996	-0.035055272900000004	-0.0997861273	0.05256464	0.035438135600000004	-0.0231388172	-0.0364773098	-0.0454739008	-0.036142375299999994	0.0251573228	0.070509961	0.0140241554	0.0972694815	0.0267088854	0.0222123607	0.052978856399999996	-0.104269438	-0.0329630007	-0.0188842874	-0.0044267811	-0.0894205451	0.1495567135	0.0357353613	-0.0335307775	0.0182198699	0.059223568	-0.0828764224	-0.061936551	-0.1762922266	0.1077335267	0.1036419483	0.09693736609999999	0.087788815	-0.061361300000000014	-0.0333263	0.0037652091376900007	0.0011106422716900002	-0.0631601	-0.008865999999999992	0.003989198232010001	7.860595599999986e-05	-0.39315	-0.017184000000000033	0.00029528985600000114	0.1545669225	0.000335196	0.00042057910000000006	1.1235635841600001e-07	1.7688677935681004e-07	-0.000254772	0.00012566499999999996	6.490877198400002e-08	1.579169222499999e-08	-0.000518414	-0.00010610800000000004	1.125890766400001e-08	2.6875307539600003e-07	0.0	0.0	0.0	0.0
496.4684012661287	0.036788709028996884	246480.87345574575	0.0013534091120201975	754.3373730700349	-0.16574969872317524	0.02747296262682336	569024.872410201	456.51878386676145	0.1615610116026005	0.026101960470055613	208409.40002318687	464.5011642609592	499.4334136685614	0.9235620000000002	27.709328000000006	0.06967160000000001	0.0468377	-0.1150500688	-0.0565401269	-0.0248075266	-0.0792596336	0.0782216107	0.0967293001	0.0041628954	0.0637852759	-0.07101807660000001	0.11215557949999999	0.0226734967	-0.0553550463	-0.0377711771	0.0644289588	-0.0331569311	0.0301609381	0.0351890265	-0.06325268469999999	0.0566891112	0.1151315679	0.0333251643	0.0090787268	-0.04979267019999999	0.09486289560000001	-0.0037357103000000003	0.0107608317	0.0231353329	0.0659538943	0.0176310092	-0.0040962899	-0.08978803980000001	-0.10024441880000001	0.0857538055	0.0240678625	-0.0066584587	-0.0268946906	0.1661493593	-0.1989798002	-0.0508645768	-0.0026615589	-0.0240942392	0.000638388	0.0265349027	-0.0362632608	0.05396173519999999	-0.10042256949999999	-0.069509248	0.0511861466	-0.0537805515	0.0366673704	-0.0736234815	0.0761055929	0.0699943445	0.0024702277	-0.0492317124	0.12201086109999999	-0.024047679199999998	-0.0049959168	-0.0299346942	0.06157048480000001	-0.057990275599999995	0.0119857634	-0.0583052557	0.09720163279999999	-0.003980561	0.0020393494	-0.0176417397	-0.0306583064	0.0582242544	-0.0237241473	-0.035755439300000004	-0.1265694515	0.0398735217	-0.08250138809999999	0.038832005	0.0258670831	-0.026205653199999998	0.0432857572	0.1649590553	-0.0167963161	-0.0728513403	0.026478824900000003	-0.0145482661	-0.0676887973	0.0082432938	0.025166496200000003	-0.125447741	0.1484733776	0.0649160517	0.0045220006	-0.0105094755	0.053058128600000004	-0.07532113160000001	0.0156717625	-0.0398410788	-0.035124771400000004	-0.00415261	-0.1047580741	0.0198903915	-0.11954573800000001	0.1251488915	-0.063412686	0.0015065160999999999	0.0626231344	0.06880149990000001	-0.1015983407	0.07142415120000001	-0.0516556629	0.0713409815	-0.0592513201	0.0762459129	-0.0133984602	0.0817109921	0.014041881599999998	-0.020581425900000002	0.103436689	0.0410960519	-0.0147691804	0.051238197199999995	0.0994976825	-0.04090761	-0.0238188679	-0.0556404679	0.06625759099999999	0.0177961727	0.0652262704	-0.017217422	-0.022826581600000003	-0.0098725123	0.0765876593	0.0599771031	0.0667808218	0.0336024685	0.11073621369999999	0.0152901255	-0.0397631538	0.04945520849999999	-0.014003945700000001	-0.060202254800000014	-0.1260495771	0.1078727828	-0.026523979	-0.028738939100000006	0.0432008514	-0.0758673571	0.0982872666	0.0960971142	0.0756024781	0.0032734733000000004	0.062576344	-0.059360001100000004	0.022853925299999998	-0.0205748972	0.0468090103	-0.0394383491	0.0045154433	-0.0335861337	0.1097315583	0.144072164	-0.0519702288	-0.07557966349999999	0.059559793300000004	0.058156506399999995	-0.1330239609	-2.6244e-05	0.1073917633	0.1022942687	0.0939769123	0.0827014951	-0.057189599999999986	0.004171700000000014	0.003270650348159999	1.7403080890000118e-05	-0.0688163	-0.0056562	0.004735683145689999	3.199259844e-05	-0.379955	0.013194999999999957	0.00017410802499999886	0.14436580202500005	-0.000472113	-0.000807309	2.2289068476900006e-07	6.517478214809999e-07	-0.000380437	-0.00012566499999999996	1.4473231096899994e-07	1.579169222499999e-08	-0.000518414	0.0	0.0	2.6875307539600003e-07	0.0	0.0	0.0	0.0
496.0983454882885	-0.3700557778402072	246113.56839621728	0.13694127871292075	755.2484805479147	0.9111074778797956	0.8301168362484823	570400.2673699339	455.67451947207917	-0.8442643946822841	0.7127823681282436	207639.26769611027	463.7763663040431	493.4850375698191	0.9154850000000002	27.467001	0.04911059999999998	0.0252923	-0.08489345359999999	-0.0372354611	-0.017536313600000002	-0.0046788424	0.07179056190000001	0.0732516599	-0.0455457768	-0.049226232599999996	0.019987034	0.1130003069	0.0554196083	0.0186783735	0.0228932492	0.0251745819	0.0011811624	-0.023773500899999998	-0.108670924	-0.014883461	0.07505809690000001	0.025362994500000003	-0.0323746098	-0.06025425230000001	0.0285260654	0.0101237874	-0.0220239573	-0.1458257184	-0.048742722300000006	0.0513248846	0.0556235934	-0.018233541000000002	-0.053169269400000004	0.0056991426	0.056692592800000004	0.043241288499999996	-0.0063856532999999995	-0.0767381308	0.08462725	0.042709213200000005	-0.0362931338	0.0560502167	-0.0123488224	0.0413065608	-0.0168808478	0.014470614199999999	-0.0049654623	-0.1305089123	-0.045042638499999996	-0.0052314304	-0.008476211899999999	0.0800130184	-0.09383246599999999	-0.0581354247	0.116560024	0.0422113733	0.0294453313	-0.0352240132	0.025078523	-0.044905701500000006	-0.0340790682	0.1883276493	-0.0933913647	-0.0509159225	0.0126239393	-0.017945141100000003	-0.040077043199999995	-0.07695290099999999	-0.0876257285	0.0412411489	0.0089434493	-0.0813941555	0.0433078687	0.0294070484	0.0271181028	-0.1033784264	-0.028722208	0.018687898300000002	0.045234461100000005	0.1192767074	-0.11117662619999999	-0.089070129	0.0814785587	-0.08008584049999999	-0.13381567130000002	0.021858246	-0.0869138211	0.0040049325	-0.0805134284	-0.0112925881	-0.0883469584	-0.09435800529999999	0.1336372735	-0.06139883650000001	-0.0431561903	0.0036495148	0.0556166251	0.0274004767	-0.0097182871	-0.1158066061	-0.1591094669	-0.005374579799999999	0.0446533496	0.1246349223	-0.04587485980000002	-0.12719046109999999	0.0650254479	-0.1282675602	0.046164755	0.0029230003000000004	0.011435417199999999	-0.059342034	-0.008900145600000001	-0.16102208	0.0286110447	0.045316981900000004	0.0136283783	-0.07849151389999999	0.0084754333	-0.0048379945	0.062383996799999994	0.2074750411	-0.0041920615	-0.0460704401	-0.0661894051	-0.0620496223	-0.0588037851	0.0366671654	0.026144643500000002	0.0021968243	-0.022575016899999998	0.08683553220000001	0.0075384669	0.0233143748	-0.1351419901	-0.037485631400000004	0.0350061779	-0.095460669	-0.052365103200000006	0.0133962748	0.0816671742	0.07637952740000001	-0.024878225299999997	-0.0059953577000000004	-0.0819655002	-0.1842249359	-0.0321418927	-0.0407661492	0.0074095468000000015	-0.0416718629	-0.0050122503999999995	0.05856749660000001	0.0145584557	-0.08580453240000001	0.12005128970000001	-0.0948521369	0.09550578529999999	-0.0015548128	0.0870668031	0.0354023255	0.1289605749	-0.0237294054	0.0122728205	-0.20422858170000002	0.0139995798	-0.09236015869999999	0.0427311342	0.10701244730000001	0.1008035212	0.0907207723	0.077151675	-0.0594027	-0.002213100000000002	0.003528680767289999	4.897811610000011e-06	-0.0750933	-0.006277000000000005	0.005639003704890001	3.9400729000000064e-05	-0.360727	0.019228000000000026	0.0003697159840000009	0.13012396852900002	-0.000454061	1.8052000000000064e-05	2.06171391721e-07	3.2587470400000234e-10	-0.000600788	-0.00022035100000000006	3.60946220944e-07	4.8554563201000015e-08	-0.000328967	0.00018944700000000006	3.589016580900002e-08	1.0821928708900001e-07	0.0	0.0	0.0	0.0
496.68619542563863	0.5878499373500858	246697.17672639567	0.34556754884249985	753.1413734848232	-2.107107063091462	4.439900175329926	567221.928454606	455.813834829693	0.13931535761383884	0.019408768867071803	207766.25202215067	463.70880386458106	500.2455660048065	0.975343	29.262924	0.051836399999999984	0.0310824	-0.1349180046	-0.0553559056	-0.0020051623	-0.0413887783	0.0595221876	0.1511285167	-0.0383967085	0.0068793749	0.1278128906	0.09600975279999999	-0.0690322549	0.0893570103	0.017663848700000002	-0.0541369354	-0.057066753	-0.0025239398	0.0047721238	-0.0019998941	-0.0028662818	-0.0215903621	-0.0369096778	-0.0128751615	0.0375203891	-0.047335700700000004	-0.0151399864	-0.0414272977	-0.033180153399999995	0.0380879923	-0.0948640351	0.0337923263	0.0695693587	-0.1034500665	0.0417320152	0.09267735699999999	-0.094359557	0.0112240736	0.0635490146	-0.061089146799999994	0.087554201	-0.009962784399999999	-0.1318230257	0.05479068769999999	-0.0956807385	-0.0736289581	0.012108648999999999	-0.14027338220000002	-0.053661863	-0.0107986167	-0.0331296509	-0.0284791998	0.025802324300000002	-0.1027167026	-0.0641628195	0.060080097699999994	-0.060407568499999995	0.0904241838	-0.0672505365	0.09309727960000001	-0.0359086328	0.0702425476	-0.0814419867	0.0580109241	0.0306244658	0.015457562900000001	0.15604201869999998	-0.077728297	-0.0346655523	-0.0349320121	-0.07261088190000001	-0.096358499	0.1151004054	-0.0338295942	0.07808358209999999	-0.10613958359999999	-0.0989917646	-0.0413349473	-0.0697867632	-0.0421937934	-0.0829863032	0.13062422	0.045811431799999996	-0.0602153768	0.026706245899999998	0.054704603399999996	0.0424044078	0.1630311603	0.0948750322	-0.0679363483	0.0380993445	0.0360321591	-0.0694225472	-0.0926833338	0.0353770154	0.0431713393	0.020706826100000002	0.0966784704	-0.0107420356	0.0047959635	-0.0250457946	-0.0047711073	0.0257850742	-0.058990772000000004	-0.1484435171	0.038437581299999996	-0.0470061679	-0.1413710407	0.0494207149	0.016633181599999998	0.0177603823	0.0657505041	-0.0543795065	-0.0358574387	-0.1127341297	0.0323639351	-0.0771901712	0.0949341199	-0.0199969772	0.0658247125	0.012322249399999999	0.0889287162	-0.1014142876	0.0900294631	-0.014818421399999997	-0.0632016	0.0490876626	0.0340453214	0.0408128711	-0.0190069062	-0.0544586637	0.1615056554	0.020883101499999997	-0.0737118611	-0.11561582	0.0729591711	0.044972486	0.1111871233	-0.0677727779	-0.014602481	0.1456904517	0.0029486853000000005	0.0227195749	0.1518328169	0.06636776	0.06466461820000001	0.0852352352	-0.024333446	-0.0240766194	-0.0941352719	0.1481466816	-0.045850790999999995	0.0929302935	-0.010058596099999999	0.0050679933	-0.0105119264	-0.051542663899999994	0.1125107131	0.021072600499999997	-0.10089700609999999	-0.0505268112	-0.027300898599999998	-0.023513745899999997	0.0190249191	0.04666729309999999	0.046618298200000005	0.0225760487	0.1065957114	0.0991717909	0.08717919119999999	0.07117039139999999	-0.0567956	0.002607099999999994	0.0032257401793600003	6.79697040999997e-06	-0.07223210000000001	0.0028611999999999947	0.00521747627041	8.186465439999968e-06	-0.391055	-0.030328000000000018	0.0009197875840000012	0.15292401302500006	-0.000629188	-0.00017512700000000007	3.95877539344e-07	3.0669466129000025e-08	-0.000711177	-0.00011038900000000003	5.05772725329e-07	1.2185731321000004e-08	-0.000293681	3.528599999999999e-05	1.2451017959999991e-09	8.6248529761e-08	0.0	0.0	0.0	0.0
497.65158898195335	0.9653935563147796	247657.10401626304	0.9319847185740978	754.9475741936427	1.8062007088194605	3.2623610005399213	569945.8397808657	456.3837290693923	0.5698942396992948	0.3247794444424372	208286.1081592845	464.46233815882937	502.1005477836461	1.052705	31.583984	0.06782554999999997	0.0455421	-0.1146584033	-0.022577712200000002	-0.0039004222	-0.0903028608	0.0794168863	0.1057613474	0.0253538746	0.10087757800000001	-0.0346276903	0.0192033303	-0.0428152471	0.0356634745	0.1257425302	0.1138660941	0.1245124633	-0.0377768302	-0.1250311253	0.14715832140000001	0.09173396269999999	-0.19965744800000002	-0.0039710839	0.1185631206	0.045032524299999994	0.0150080575	-0.110299461	0.0009597197	0.026657890299999997	-0.0382583431	0.0227419727	-0.0067202595999999995	-0.0102774243	-0.0698629402	0.0178256668	-0.0174675034	-0.1398310495	0.0852716853	-0.0163162914	-0.026652900400000002	0.0554320454	-0.0189109612	0.0042205454	-0.1590223742	-0.0102339149	-0.0563348064	-0.0744319338	-0.1034545658	-0.0427837446	-0.0173488777	-0.0011538213999999999	-0.06383403809999999	-0.0199973449	-0.012361927	-0.04794552690000002	-0.0912891245	-0.048905900999999995	-0.12461212449999999	0.0645059749	0.18511106440000002	-0.0462620454	0.128210875	-0.0020687954	0.1536853808	-0.075709209	0.0084508773	-0.0890701193	0.1652265501	0.0695952413	0.1551028468	-0.0038268408	-0.1268404142	0.055171470599999994	-0.0645376099	-0.057933734800000004	-0.0013018997999999999	-0.048112939	0.0439706755	0.0452913328	0.04257823349999999	0.1660766518	-0.0167284282	0.07313228990000001	0.046536697	-0.0064400404	-0.0098584067	-0.09788304380000001	0.0652953166	0.05310139269999999	-0.0822016377	0.0419519722	0.0172935173	-0.032034452799999995	-0.070791443	-0.0268253375	-0.0379963498	0.0619889916	0.0783140569	0.025122905600000002	-0.0401261086	-0.10080811699999999	-0.09951316460000001	-2.86111e-05	0.0567031765	-0.048727710099999995	0.044065506100000006	0.12406925390000001	-0.10293916800000001	0.0411018162	0.018444128799999997	-0.00365424	0.043519216299999997	0.064064312	0.0541076496	-0.0388852244	-0.106015996	-0.0172162518	-0.1212487916	-0.0823531377	0.1503641339	-0.058524572699999985	0.1167031861	-0.1039944008	-0.0631387053	0.0088291011	0.12200180710000001	-0.041431034	-0.08394309890000001	-0.013205433700000001	0.22434328480000001	0.0212215917	0.1152285982	0.0472622337	-0.0047357281	0.0359279536	0.049053944599999996	0.0169312641	-0.0621942546	-0.06403220280000001	-0.07570110070000001	-0.0511438531	-0.0879923992	-0.032197085800000004	-0.0365822618	-0.1010347068	0.10971484140000001	-0.0868359898	0.0206204313	-0.0477190725	-0.1655511081	0.1282263933	0.0174631033	0.0413770515	0.0443171398	0.0247616342	-0.0727707446	0.028449868399999998	0.014540205700000001	0.0792688062	-0.047326449699999995	0.0276702153	0.0163317785	0.027962801699999998	-0.066731757	0.11625761009999999	-0.0817863375	-0.0381445571	0.10614170140000001	0.0974013599	0.0833633121	0.06479109400000001	-0.0590342	-0.0022385999999999934	0.0034850367696399997	5.01132995999997e-06	-0.061117999999999985	0.011114100000000016	0.003735409923999999	0.00012352321881000034	-0.347453	0.04360200000000003	0.0019011344040000024	0.12072358720899999	-0.000629188	0.0	3.95877539344e-07	0.0	-0.000532971	0.00017820599999999998	2.8405808684099996e-07	3.1757378435999985e-08	-0.000332892	-3.921099999999999e-05	1.5375025209999989e-09	1.1081708366400001e-07	0.0	0.0	0.0	0.0
497.43092693319926	-0.22066204875409312	247437.5270696218	0.04869173976035377	754.2795513212786	-0.6680228723640766	0.44625455800155145	568937.6415414293	456.6199314101378	0.2362023407454785	0.05579154577364314	208501.76176099887	464.80647380401865	495.75857270215795	1.3274629999999998	39.827454	0.3487139	0.192198	-0.0122695295	0.0831564184	0.0451854298	0.0037244476000000003	-0.0470227067	0.028724818399999998	-0.0709791282	-0.15301343380000001	-0.1054585698	-0.0655853698	-0.0143798599	0.1513279404	-0.0208336181	-0.041031704	-0.14626675449999998	0.1235782825	-0.049670618300000004	0.0067401791	0.0906304589	-0.0199731831	0.0309891435	0.0912926676	0.0429517645	0.0313681279	0.1790025409	0.143749455	-0.2090177712	0.0836613017	-0.0477769192	0.069000687	0.0229861478	0.0702668809	0.036249035299999996	-0.1308520266	-0.1354159232	0.011083991699999999	-0.042273416900000006	0.0071134347999999995	-0.0608546658	-0.0124022341	0.0797050778	-0.14809279960000002	0.1305948886	0.0799568549	-0.08796191630000001	0.008960766	0.0115333082	0.0245008525	0.151075077	-0.1629606753	-0.0584890603	0.10496393050000001	0.030927202400000006	0.080651793	-0.046173680300000006	-0.18238658600000002	0.22101875440000002	0.0237979756	0.12172794039999996	0.0166448121	0.0572515308	-0.17707143039999998	-0.0514962107	-0.0066601289	0.1253158559	0.09250477	0.1835224169	0.1196774769	0.007043002099999998	0.051052359500000005	-0.053905082699999995	-0.09398753630000001	-0.0236212306	0.0727824263	-0.0253974682	0.0762040519	-0.1388192546	-0.15032077859999998	0.110621539	-0.0325112021	0.191128887	0.004558847800000001	0.0072403897	-0.0019508518	-0.08906962269999999	-0.1114954007	-0.0392503038	-0.0541731458	-0.0367571219	0.0885563061	0.09174753779999999	-0.0354389269	-0.1385993367	-0.0114502602	0.1040722576	0.1296256355	-0.1589340331	-0.0822784954	0.0240881432	-0.0490696757	0.0735350082	0.0783476109	0.0824436203	-0.0009084519	-0.033489289900000004	0.0084313854	-0.005683683199999999	-0.0356423888	-0.1587637747	0.06844749559999999	0.1499792981	0.0239134652	0.087083596	0.108063898	-0.0829798763	-0.22587546079999998	0.1225580868	0.0301220019	-0.1203474512	-0.0534696724	0.1351422154	0.1363873096	-0.0948655266	0.00021594380000000002	0.12413351800000001	-0.1641868702	-0.1000718266	0.06488949200000001	0.12366751210000004	-0.0726295543	-0.060142674000000014	0.0062748414	0.1773587423	0.0492321708	-0.0429268573	0.0461397807	0.0907770697	-0.0951952625	0.1516848662	-0.0295278556	0.0056521982999999994	-0.1330254449	-0.0993170742	0.0112730951	-0.10911200230000001	0.0207986371	-0.0996019806	-0.0617272269	0.0168351847	0.0188584815	0.007361093000000002	0.0401188585	0.1102621396	-0.12562804449999998	-0.109462448	-0.0514308167	0.154609815	0.08360483769999999	0.045067011100000005	-0.10003192890000001	0.0021323412	-0.0508279238	-0.0306813174	-0.0229890673	-0.08371122219999999	0.1056505759	0.0954947043	0.0792851412	0.05804945860000001	0.07272589999999997	0.13176009999999996	0.005289056530809995	0.01736072395200999	-0.0414296	0.019688399999999998	0.0017164117561599998	0.00038763309455999977	-0.214656	0.13279700000000005	0.017635043209000008	0.046077198335999985	-0.000975741	-0.00034655300000000004	9.520704990809999e-07	1.2009898180899998e-07	-6.6751e-05	0.0004662200000000001	4.4556960009999995e-09	2.1736108840000004e-07	0.000143703	0.000476595	2.27142794025e-07	2.0650552209e-08	0.0	0.0	0.0	0.0
497.1143044598429	-0.31662247335634675	247122.63169859335	0.1002497906342905	755.4866307916284	1.207079470349754	1.4570408477398429	570760.0493048864	457.31470756209677	0.6947761519589903	0.4827139013309421	209136.7417526061	465.39625921076095	492.6766585538112	1.22052	36.61887	0.26216147	0.160091	0.0540198458	0.1296547398	0.06809025219999999	0.0051833213	-0.1135664834	-0.0401769618	-0.1028801755	-0.0606748121	-0.025112465499999997	-0.18918919739999998	-0.11904295150000001	0.0822682034	-0.4355648038	-0.0270105267	-0.06972332490000001	-0.0526861571	-0.08741118380000001	-0.1660261495	-0.0775979879	0.03994582	-0.0687583309	0.0175988396	0.0456169459	0.095332585	0.0713782475	0.0331429192	-0.18754501629999998	-0.1087869844	0.0228293979	-0.0660009693	-0.0366865095	0.04733682	-0.0538188962	-0.0623345308	-0.051437835599999995	0.06267419190000001	0.0838935925	0.0438341658	-0.0291487228	-0.0002632473	-0.05707649610000001	0.0005958791	0.0161301748	-0.053942043499999995	0.045111323200000004	0.1362388425	0.050759878200000004	0.0787278021	0.0831821182	-0.050384232800000005	0.029528818199999998	-0.0978572989	-0.1247139769	0.0895123892	-0.0913649675	0.07494253299999999	0.133360431	0.14189929869999998	-0.08959786019999999	-0.06940866059999999	0.0832403426	-0.1080941816	0.0740213458	0.1673344791	0.005454068100000001	0.0801198055	-0.0332662394	-0.1402418608	0.040540397400000004	0.1025921893	-0.041437542599999995	-0.014289049299999999	-0.0643621746	0.0356380367	-0.0470853899	-0.0287333584	0.0902886276	-0.0358249152	-0.1260203359	-0.0192942778	0.08004842150000001	-0.09750571710000001	0.167428279	-0.007083681800000002	0.0028050808	-0.08352064990000001	-0.0254467277	0.1187603316	-0.17194996280000002	0.1637361625	0.0281716104	0.011603936799999999	0.034211155	0.0181039981	0.0775712688	-0.0773548978	0.1021275841	-0.0306153838	0.1371417602	0.0484897508	-0.0020043774	0.0439697774	0.067788498	-0.032803161000000004	-0.0055235788	0.13465590300000002	-0.0520108228	-0.0737140537	-0.1027946494	0.07175852370000001	-0.034925613599999995	0.0162970822	-0.1200197926	0.023881262799999997	-0.1518230291	0.0689481716	0.1091043175	0.2080050314	-0.0029782183	-0.0741626921	0.0740040031	-0.0834340058	-0.020593083999999998	0.026335541299999998	0.2016103088	0.0869286351	-0.0775548238	-0.08401010460000001	-0.0080323128	-0.0810055174	-0.0376454914	-0.056255083399999996	0.09252346880000001	-0.018177534199999998	0.0739245146	-0.069033047	0.019948168500000002	0.1252912894	0.0876485915	0.09804090800000001	-0.10246664529999999	-0.1367135267	0.0539537292	-0.0579335822	0.0915697801	0.16376713939999998	-0.10413486050000001	0.047659940899999996	-0.039510625099999995	0.0836279744	0.13671193	0.0249504342	0.0435598161	0.0995567911	0.0220123298	-0.09139133880000001	0.0518217051	0.0867422751	-0.028557452200000007	0.0718243829	0.0992417382	0.1203951072	-0.0591308496	0.0642413657	0.083224201	0.1051225066	0.0934544907	0.0749575099	0.0509831871	0.0229695	-0.04975639999999997	0.0005275979302500001	0.0024756993409599964	-0.00641563	0.03501397	4.116030829690001e-05	0.0012259780951609	-0.06759960000000001	0.14705639999999998	0.021625584780959998	0.004569705920160002	-0.000818061	0.00015768	6.692237997210001e-07	2.48629824e-08	-0.000213666	-0.000146915	4.5653159556e-08	2.1584017225000004e-08	-0.000158396	-0.000302099	9.1263805801e-08	2.5089292816e-08	0.0	0.0	0.0	0.0
496.2079014015393	-0.9064030583036242	246222.2814133197	0.8215665041021633	756.5124397524949	1.0258089608664704	1.052284024193948	572311.0715002721	457.01632656260733	-0.2983809994894955	0.0890312208563503	208863.9227447797	465.2652772804474	484.86994417625084	1.0066560000000002	30.202398	0.07504531	0.040386300000000014	0.10470552	0.1003807935	0.0506778815	-0.054415549900000006	-0.12923763630000001	-0.0656158838	-0.075419288	0.0872640989	-0.1260403507	-0.11492844349999999	-0.0318509194	-0.0229482571	-0.2004660513	-0.0524376682	0.11256834869999999	-0.1520109053	-0.0540418878	0.1424374718	0.037485068999999996	-0.0461772204	-0.022996778	0.0632998876	-0.006559161	-0.1486076009	-0.0539830104	0.0935885457	0.0052949574	0.0104472739	-0.0140516782	-0.085923813	-0.0167721119	0.0560735163	-0.0800081953	-0.0577211667	0.1154170723	0.042654694900000005	0.019602961000000002	0.0109457701	-0.034978533799999996	-0.0192968927	-0.0727768686	-0.0317377596	-0.1120433624	0.1158699185	-0.1538129804	0.1285690011	0.0583105686	0.0594157378	0.0390632742	-0.0091614118	-0.0037110813	0.1167956402	-0.0720556352	-0.046640079699999996	-0.0641319646	-0.0336644918	0.14985677890000001	0.011520006599999999	0.1030057604	-0.1658448485	-0.1108209475	-0.0327188256	0.0823436986	0.0227842971	0.0319713214	0.0544676514	0.0533448609	0.0786972633	-0.0309003242	-0.0102849448	0.14357339689999998	-0.047237583099999994	-0.054954439199999996	0.0790496796	-0.0153573856	0.009650093299999999	0.0610304301	-0.0015953399	0.0430126465	-0.09416418480000001	-0.0535997597	0.0265309427	-0.0394051174	-0.062486687699999995	-0.0123747848	-0.0257643162	-0.010956138999999998	0.0117469787	-0.1597236595	-0.0938162544	-0.1901219264	0.012870131699999999	0.1322329773	0.036038421	-0.1575233173	-0.0141468922	0.07550998269999999	-0.130044259	-0.013559478500000001	-0.023412036299999998	0.09954560130000001	-0.028123242200000002	-0.0057044865000000005	-0.0430879045	-0.052987654599999996	0.12826700259999999	-0.0597142355	-0.0596934558	-0.026552647999999998	-0.0358687698	0.060823969400000004	0.1315821352	0.0209015151	-0.0387106188	-0.0645336883	-0.0454379933	0.06566716360000001	0.029562684300000006	-0.1108343331	-0.1421077462	-0.0682215793	-0.0333411576	-0.1346166172	-0.07916665099999999	0.0500045618	-0.0361041483	-0.0056868998999999995	0.0561824014	0.1576014447	0.0393599077	-0.005718810600000001	-0.08668742060000001	0.0073876616	0.0330197885	-0.0161412909	-0.045321903399999995	-0.0043383675	0.0373302234	-0.1101034392	0.034811922099999996	-0.047311779400000004	-0.0177859619	0.0007374152	-0.007130675400000001	-0.1434051268	0.0302842594	0.1204142959	-0.024178821	-0.177731047	-0.0169077605	0.23772678239999998	-0.0098382833	0.0330816169	0.0587305648	-0.0302129981	0.0390347118	-0.179582155	0.042598068899999994	0.0427167966	0.0906752374	-0.050418347	-0.026073622400000003	-0.0491943725	0.0038904831	0.14192222210000002	0.10455767839999999	0.0912835726	0.07039403450000001	0.043631796900000006	0.0146473	-0.008322200000000002	0.00021454339728999995	6.925901284000003e-05	0.00571033	0.01212596	3.26078687089e-05	0.0001470389059216	-0.0474801	0.02011950000000001	0.0004047942802500005	0.00225435989601	-0.000183866	0.000634195	3.3806705955999985e-08	4.022032980250001e-07	-0.000216194	-2.5280000000000137e-06	4.6739845636e-08	6.3907840000000705e-12	-0.000211226	-5.283e-05	2.7910088999999995e-09	4.461642307599999e-08	0.0	0.0	0.0	0.0
496.0803176277356	-0.12758377380367847	246095.68153763504	0.01627761933798819	755.3655594961334	-1.1468802563614418	1.3153343224316865	570577.1284729068	457.45960205600403	0.4432754933967544	0.19649316304613607	209269.28751323762	465.6576217821956	478.9283907670068	1.021819	30.65732	0.08153377	0.0437901	0.1126119003	0.07841257459999999	0.10928635240000001	-0.0109250976	-0.17493162010000002	-0.0094280981	0.0198437813	-0.1111397494	-0.0009203132	-0.0614632487	0.031313100499999996	-0.0443132151	-0.0597143924	0.013961266200000001	0.060539195899999995	-0.0425983035	-0.050454120899999996	0.1770611261	-0.0809992717	0.1032156807	-0.12189152029999999	0.0598188258	-0.1522610934	-0.1223167926	0.0343696988	-0.1507465331	0.06801949360000001	-0.0166893779	-0.06196109900000001	0.067452963	-0.0554956113	-0.0088983228	0.0034871309999999997	0.10082898230000001	-0.0531943215	-0.11075105369999999	0.050628238799999996	0.008827448100000001	-0.0140620785	-0.0087493669	-0.0853843551	-0.12487888970000001	-0.013741183700000001	0.0107319352	-0.0623551089	0.1654239025	0.0677420325	0.046438440899999996	-0.0152880142	-0.059994425199999986	0.0880716623	-0.029016294300000002	0.0956829906	0.0117681856	-0.039348438	-0.037372706	0.0618703096	0.043813942	0.2101455992	-0.0811562372	0.0845938324	0.1274989582	-0.0738791669	-0.034219716000000004	0.0467955129	-0.18067600829999997	-0.0745377997	-0.0013250832	0.0482893176	0.072763322	0.0533355192	0.0640656431	-0.0812610564	-0.018299016	-0.1409074027	0.0161746152	-0.0960675667	0.065222386	0.0144659514	0.1352707075	0.0443268074	-0.0898957197	-0.0129905622	-0.051840581100000005	-0.0387742425	-0.1401263526	0.0258599921	0.0018304435000000001	-0.0536120719	-0.047435852599999995	-0.1205776059	0.08884932109999999	0.09891109640000001	-0.10381725550000001	0.1156082689	-0.0061946218	-0.0343095416	-0.0345289723	0.0025805462	0.0071922009	-0.10297362689999999	-0.055538143	0.0245900155	0.16890235899999995	-0.0275378008	0.16073312550000002	-0.07589679690000001	-0.048077507699999994	-0.0007586228999999999	0.10274019050000001	-0.0473264312	-0.029835406499999998	0.1002876195	-0.0193669242	-0.0247142971	-0.0461715854	0.0328900166	-0.0356756044	-0.23171605010000002	-0.06518416169999999	-0.0540026727	0.10832152029999999	0.1121954532	0.05992589490000001	-0.0402203754	-0.0213684875	0.0533595935	-0.11348414539999999	0.065913125	-0.0870267806	0.0586694445	-0.0418393773	-0.0927032741	-0.0710709672	0.1449772732	0.0730534135	-0.0702917995	-0.1610963437	0.050082468	-0.08139481280000001	-0.0891689685	0.0485288778	0.0786759367	-0.0602245435	-0.0325543264	0.0340850967	0.028273785099999997	-0.0033717285	-0.050997263	0.0424675681	0.0481501887	0.026140873199999998	-0.029779748300000002	-0.0454331746	0.0509158213	-0.043395578899999995	-0.0353303498	-0.1503127715	0.0907074939	-0.0013861291	0.111243799	0.0419169454	0.13668100390000001	0.0687272895	0.11535114980000001	0.10395628859999999	0.0889849861	0.06560907349999999	0.0360364	0.00513345	-0.009513849999999996	2.63523089025e-05	9.051334182249994e-05	0.0168285	0.01111817	0.00028319841225	0.0001236137041489	-0.0133909	0.0340892	0.0011620735566400002	0.00017931620280999994	-0.000219515	-3.564900000000001e-05	4.8186835224999986e-08	1.2708512010000007e-09	0.000252167	0.000468361	6.358819588900001e-08	2.1936202632100004e-07	-0.000178985	3.2240999999999985e-05	1.0394820809999997e-09	3.2035630225e-08	0.0	0.0	0.0	0.0
495.28103391769326	-0.7992837100423458	245303.30255857922	0.6388544491390566	755.8586816715226	0.4931221753892032	0.2431694798605801	571322.3466582121	456.7121112185569	-0.7474908374471171	0.5587425520673922	208585.95253371148	464.9178444560609	477.3056765928724	1.016497	30.497629	0.06061963	0.0300824	0.1460219048	0.0839455781	0.07093622940000001	-0.0551274809	-0.1291112053	-0.0009466017999999999	-0.0090392753	0.1002637866	0.0141447181	-0.1116127397	-0.0306058531	-0.06190629950000001	0.0989898731	-0.0160611565	-0.0177795726	0.0746897658	0.017595003600000002	0.0314347488	0.0068919254	0.0211723104	0.0511611583	-0.0789163787	0.1085551742	0.0187434855	-0.0885508376	-0.0765088907	0.0526322656	0.0433398521	-0.0782123437	-0.010223475899999999	-0.0750697722	0.14184732279999998	0.0015674666	0.0300225667	-0.0926644042	-0.1838591162	-0.0533458525	0.06746976610000001	0.0196424417	0.0424994076	0.0549588337	0.048504218499999995	-0.1358330458	-0.0885342233	-0.1140466584	0.1850732395	0.0962373184	-0.0298849361	-0.0247347278	-0.0434491599	0.0729945447	-0.026805243	-0.1200323655	0.0575516038	-0.037937856299999996	-0.11027007230000001	0.09374661769999999	-0.0920541033	0.0281570186	0.1552396892	0.07891962400000001	0.0535655829	-0.006670894	0.0747109056	0.0237615328	0.138790451	-0.1365518865	0.008908002	0.0620925076	0.0283503737	0.0325139451	0.21595921899999998	-0.025535867	0.043358313499999995	0.1733905903	0.0643361087	0.0039834996	0.0397737687	-0.0012358376	-0.0769262167	-0.0057449530000000006	0.029438990800000002	-0.1377456047	-0.0256152513	0.0414526152	-0.0035905687	0.0595200346	0.0257068646	0.12356557609999999	-0.0168063216	0.0482952628	0.0014413527	-0.11121897019999999	0.1456260167	-0.0221114474	-0.0620003353	0.104071463	0.019217084199999998	0.0430205318	0.050201835800000004	-0.0877684343	-0.12681944	-0.0228564842	0.018724536599999998	-0.0344834609	0.178466965	-0.0987357483	0.0370479996	0.0027102490999999997	0.0680272068	-0.0516817228	0.0852461737	-0.0902437685	0.0049419773	-0.09206592779999999	-0.1275807739	0.027323634700000002	-0.0740861703	0.009185411899999999	0.09705567130000001	-0.0657722753	-0.050879623	0.12344914380000001	0.033021902	0.0686793384	0.1054193219	-0.14614077179999999	0.1129774763	0.042512216900000004	-0.1204184604	0.0926260662	-0.0015262263	-0.04119178	-0.1536868791	-0.1443968236	-0.0194691519	0.0052087639	-0.0074868756999999985	-0.0348958828	0.0095831656	0.0390015883	0.07336867379999999	-0.11132751119999999	-0.0282868298	0.0081614753	-0.11012360480000001	0.08954488869999999	-0.0042698162	-0.0408068318	-0.010230856	-0.185312527	0.012292331100000001	-0.009588247	0.0903314876	-0.0420059163	-0.0340336796	0.1021215036	-0.001440165	-0.0163100311	0.08423108689999999	-0.07030229959999999	0.049430857	0.002756549	0.1640030177	0.0529189128	0.1033185475	0.0865619461	0.0606176821	0.028239472999999998	0.0141326	0.008999149999999997	0.00019973038275999995	8.098470072249996e-05	0.0112926	-0.0055359	0.00012752281476	3.064618881e-05	0.00682798	0.02021888	0.0004088031084543999	4.66213108804e-05	-0.00049107	-0.00027155500000000004	2.411497449e-07	7.374211802500002e-08	0.000113001	-0.00013916600000000006	1.2769226001000001e-08	1.936717555600001e-08	-0.000285578	-0.000106593	1.1362067648999997e-08	8.155479408399999e-08	0.0	0.0	0.0	0.0
495.08430378144425	-0.1967301362490161	245108.46785075736	0.038702746508556464	755.2333185998314	-0.6253630716912539	0.3910789714351205	570377.3655233143	457.17642721579017	0.4643159972332569	0.21558934528671386	209010.2856017947	465.40929595335837	472.572090231363	0.978563	29.359529	0.05469295	0.0249652	0.1414290384	0.0440276929	0.0244660914	-0.0118929906	-0.0993780443	0.011549501100000002	-0.0357519209	-0.0508065517	-0.1550581178	-0.0770805415	-0.0068375933	-0.030225699300000002	0.0619330179	0.0785608815	-0.0780938939	0.032430281899999996	0.0203776259	-0.0050892064	-0.10425676099999999	0.0180130295	0.0475881369	-0.0677439325	0.0697827855	-0.0641385847	-0.0780452491	-0.050991931100000006	-0.0921781827	-0.0108310289	-0.08152045940000001	0.0137061792	0.0131831272	0.11946657289999996	-0.1138803708	0.1064336542	0.021202150099999997	0.0887283218	0.0204414862	0.06599123009999999	0.1227600922	0.0004600251	-0.0385055174	0.014355793	-0.0335732355	-0.0045296484	0.0449459625	0.1621191259	0.0624171286	0.0074064612	0.0316238242	-0.0626083467	0.0998935165	-0.0110953888	0.0633641984	-0.0237787553	-0.093628252	-0.027058343	-0.0637840306	-0.1306751079	-0.011443733400000001	0.118133321	-0.024197568	-0.0231120562	0.0962663316	0.0396466945	-0.0900611451	0.0771793331	-0.0503841622	0.0146337242	0.0516464416	-0.00011228209999999999	0.059406859699999995	0.0123926027	0.0423003053	-0.10289920970000001	0.0053317479	-0.04435908349999999	-0.044925096	-0.0665285652	-0.0590384716	0.1015768059	0.0951423585	0.1135125572	-0.0660023902	-0.050892862000000004	0.0666175796	-0.0080135774	0.1192585782	0.0789249556	0.06224953530000001	0.0521717704	0.0148338571	0.1112941457	-0.0362492362	-0.0408361524	-0.0608010863	-0.0656361531	0.0668662559	-0.0799524192	0.1241135243	0.0674037407	0.022512741800000003	0.0022215747	-0.0198622483	0.0544351851	0.0252046385	0.1587499254	-0.0575920324	-0.0086300748	-0.035585688	0.0679716796	-0.0119179751	0.0423930787	0.1105914308	-0.062078417000000004	-0.09041070609999999	-0.0048514768	-0.060826781399999995	-0.13217048039999998	0.0850416697	0.0841247609	0.0402288502	-0.16098980359999998	0.06459163400000001	-0.0498066437	0.0270398056	0.06984903519999999	-0.0099161389	0.0632839164	0.0359647244	0.0189722671	0.0374510723	0.0235038328	-0.09364249	0.047487967699999994	-0.0067014624	0.0826739255	0.0121193236	-0.004654302700000001	0.1598586829	0.0223063786	-0.0067158191	0.0643550764	-0.061112678399999995	0.1319052915	-0.0282318677	-0.055305520700000006	-0.0064701899	0.0791995772	-0.0709786616	0.0728778107	-0.0432033888	-0.0007401266999999999	-0.09438241210000001	0.0345778155	0.0073320355	-0.1148007758	-0.053128252300000005	0.0188499648	-0.0154345378	0.0686493826	-0.0242282046	0.0770150836	-0.0263158311	-0.0048590009	-0.08771197900000001	0.1026446782	0.0840178413	0.055435565	0.0202846193	0.00517154	-0.00896106	2.67448259716e-05	8.03005963236e-05	0.0122362	0.0009436000000000009	0.00014972459043999998	8.903809600000021e-07	-0.00385233	-0.01068031	0.0001140690216961	1.4840446428900004e-05	-0.000186573	0.00030449700000000004	3.4809484329000004e-08	9.271842300900004e-08	-5.17274e-05	-0.0001647284	2.67572391076e-09	2.713544576656e-08	-7.26438e-05	0.0002129342	4.534097352963999e-08	5.27712167844e-09	0.0	0.0	0.0	0.0
494.82354920300537	-0.2607545784388776	244850.3448458591	0.06799295017683678	754.3652746431352	-0.8680439566961695	0.7535003107567414	569066.9675874128	456.95581384672136	-0.2206133690688148	0.048670258611893086	208808.61580831945	464.98742220545313	472.3651170349906	0.986222	29.589298	0.024879945	0.012646700000000002	0.1506627685	0.057174687099999996	0.062064944500000004	-0.0043761631	-0.15788636109999998	0.0179858263	-0.049850293399999995	-0.0781245217	-0.016582876899999998	-0.039746475	-0.0274147083	-0.0378229271	-0.0224497004	-0.0811708621	0.0558261679	-0.012942752	-0.0883078624	-0.0291987577	-0.0599270264	-0.0285137617	0.085741421	-0.10058973289999999	0.0037770996999999997	0.0295692428	-0.0567837708	0.059074998499999996	0.106080381	-0.06274516349999999	0.09725062400000001	0.0513349662	0.0241434295	-0.0070193712	-0.06253520929999999	0.043011399400000004	0.1272519442	-0.083230027	-0.019572816	0.0325972555	0.1112431359	-0.0436269018	0.1548432533	0.0326129811	0.0300988398	-0.0140109055	0.1395626515	0.1674656334	0.0594460172	-0.0025391386	-0.0176892128	-0.0519837329	0.0849481717	0.028975421	-0.0518969326	0.0488758137	-0.09563158779999999	0.0511998126	-0.1364275775	0.0378092317	0.0188176657	0.22999573559999997	-0.038439118599999995	-0.0275563609	-0.0858355342	-0.0996265734	-0.018167531100000002	0.0295262107	0.0541895714	-0.030107132999999998	-0.0749638165	-0.1205005094	-0.1382312061	0.06331791099999999	0.051643857599999995	-0.0139601485	-0.0316252754	-0.06263444139999999	0.06091932780000001	0.08417262029999999	0.0394309773	0.0366018919	-0.0180248681	-0.029048086299999998	0.2160643187	-0.00346432	0.0092726635	0.026157636	-0.0213691124	0.045754147300000006	-0.03019843	0.1356729126	0.1288502419	0.030339534100000006	0.067836679	-0.0042507754	0.0112718928	-0.062699252	-0.0024977815	0.047603447400000005	-0.148553455	0.055947270800000004	0.10169795699999999	0.0435470025	-0.1202788865	-0.0851193619	-0.08422997789999999	0.162839165	-0.062105346	0.0111345474	0.0022764594	0.0817538641	-0.05356946730000001	0.0667453338	-0.009660113100000001	0.0439275414	-0.0975944489	0.09688200699999999	-0.0896921715	-0.023660154500000002	0.0194914075	0.2304670404	0.0278678282	0.062233528600000004	-0.0411221607	-0.0048703067	-0.0797527526	-0.0575835707	-0.0096942214	0.014495588799999999	-0.13943176640000002	0.04692265599999999	-0.0370686072	0.0307216902	0.059387489400000014	-0.141121504	-0.000706154	-0.0362938985	-0.0425665072	-0.016596636	0.0008018316	0.025051112200000003	0.0345196335	-0.09902895960000001	0.0866661917	0.1176349364	0.0680764354	0.181590284	-0.1594869415	0.10158064039999999	0.0735796239	0.009617119300000001	-0.0421786038	-0.0686462767	0.0184020172	0.0827399009	0.0333578301	-0.0432521644	-0.0331403487	-0.0499908024	-0.04617355	0.0016230829000000002	-0.0530208645	-0.0692144931	-0.0422316032	-0.0691766596	0.0457125083	0.1019349164	0.08135623	0.0500790271	0.0122163259	0.005164800000000001	-6.739999999999004e-06	2.667515904000001e-05	4.5427599999986574e-11	0.00208476	-0.01015144	4.346224257600002e-06	0.00010305173407360004	0.00291372	0.00676605	4.57794326025e-05	8.489764238399999e-06	-8.466610000000001e-05	0.00010190689999999998	7.1683484892100025e-09	1.0385016267609996e-08	-8.77142e-05	-3.59868e-05	7.693780881639999e-09	1.29504977424e-09	-5.14232e-05	2.1220600000000005e-05	4.503138643600002e-10	2.64434549824e-09	0.0	0.0	0.0	0.0
494.3916712375936	-0.4318779654117861	244423.12458910086	0.18651857700822394	755.9717682724647	1.6064936293295204	2.5808217810763345	571493.3144249971	456.810252975671	-0.14556087105034976	0.021187967180936552	208675.6072236965	465.0629798089003	474.0069281583477	1.00198	30.062082	0.038778080000000006	0.0186605	0.1532793647	0.0349911661	-0.0075538791	-0.0286031666	-0.10983361039999999	-0.0213560994	-0.0156176921	0.029841084599999998	0.0015089932	-0.1282381034	-0.0686337169	-0.1456617025	0.0193928389	0.0453969279	-0.06172124480000001	0.0163455802	0.0719190737	0.0538328502	0.0929320718	-0.1901849625	0.023000831099999997	4.28421e-05	-0.0246966907	0.0713615656	0.0176037594	-0.0149014008	0.0163283104	-0.0695489659	0.0408783765	-0.010656368000000001	0.0438833271	0.034843297999999995	0.053452580300000004	0.079660096	0.0373412401	0.1080534037	0.00041786330000000003	0.0192833454	-0.1690307041	0.0834849973	0.1023202458	-0.1311705068	0.0274537511	0.0390356578	0.0217184471	0.16678114730000002	0.028662524300000002	-0.031350361	-0.0735885522	-0.0142159249	0.04297006230000002	0.0679543999	-0.005281575699999999	-0.0226589696	0.0062382289	-0.10737449539999999	-0.0418718626	0.055076582400000004	0.0070328686	-0.0196547379	-0.08577233349999999	0.0504188783	0.050040611299999996	0.0249015644	-0.012840396100000002	-0.0123483969	-0.0604788526	-0.0753949015	0.0826502396	-0.11232796689999999	-0.0117252954	0.051324783799999996	0.0263930079	0.0246168689	0.1195137358	-0.0663419317	-0.0437482807	-0.017224055	-0.10373375189999999	0.0507469431	0.034033310899999995	-0.0561926032	0.0367935418	0.1288411802	0.10135294630000001	0.0818738608	-0.0091880139	0.06724209440000001	0.0929333609	0.0407133336	-0.0180266151	0.1058665907	0.0784883742	-0.12841602300000002	0.0119705403	0.028124078900000002	-0.0749702788	0.0171472989	-0.1604258321	0.0470320091	0.0415688683	0.06048007530000001	0.1253347152	-0.0119974327	0.06651647200000001	0.1670326986	-0.032020410299999996	0.033330061800000005	0.0750714035	0.0224938934	0.011656533	0.0952119509	0.048297886	-0.017965873400000002	0.022793841000000002	-0.0691373896	-0.1109007516	0.0447347253	-0.0335038012	-0.0100919633	-0.07585595740000001	-0.0333120192	0.0034265496000000003	-0.05517246519999999	0.024046175899999998	0.05014594730000002	-0.0065460793	-0.0597668576	0.0101674781	0.0904501998	0.0666242098	0.063606407	0.0182950861	-0.0696473747	-0.10613238009999999	0.0747759288	-0.0265221756	0.08930569320000001	0.0687442491	0.041186818199999996	0.0153996232	0.0367153956	-0.0093645767	-0.0240397282	0.1518545136	0.024461595899999997	-5.2513100000000004e-05	0.1028153584	0.0898627864	-0.0211024386	0.0010928782	0.042731959800000004	-0.0781730915	-0.050972610599999996	-0.00039883830000000004	-0.0349124351	-0.0212604529	-0.0832142257	0.10954513880000001	-0.0500722666	-0.0502409757	-0.09999999779999999	-0.0794718673	-0.0750079352	0.1316692744	0.10118951	0.07858083469999999	0.044564922	0.0040797138	-0.0054062	-0.010570999999999999	2.9226998440000004e-05	0.000111746041	-0.00215576	-0.00424052	4.6473011776e-06	1.79820098704e-05	0.00684563	0.00393191	1.5459916248100007e-05	4.68626500969e-05	-0.000239794	-0.0001551279	5.7501162436000004e-08	2.406466535841e-08	9.09921e-05	0.00017870630000000001	8.279562262409998e-09	3.193594165969e-08	-0.000118282	-6.68588e-05	4.470099137440001e-09	1.3990631524000001e-08	0.0	0.0	0.0	0.0
493.928192959132	-0.4634782784615936	243965.05979987356	0.21481211460572253	754.471363421885	-1.5004048505796843	2.2512147156430453	569227.0382236781	456.99060724053214	0.18035426486113693	0.032527660853601134	208840.41510607032	465.1398787497765	467.2994126788996	0.963933	28.920591	0.06034411999999999	0.0369653	0.1656109679	0.022201122900000002	-0.0169311823	0.0741218283	-0.11664439089999999	0.027960611200000002	-0.08778126650000001	-0.10062952480000001	0.0541695104	-0.1595816791	0.0182786059	-0.021816489799999998	0.0290236582	-0.1338762456	-0.0365420816	-0.0493409706	0.1429922673	0.0317020919	0.0256115745	0.0766955963	-0.0441712057	-0.1427909181	-0.08854002119999999	0.0811683255	-0.028409229900000006	-0.0834614391	-0.0009608602000000001	0.0082760044	0.0079305271	0.055540145199999995	-0.042376254	-0.09644049689999999	0.0694125218	0.0062752656000000006	-0.038278724	0.008959125600000001	-0.0038745165000000003	-0.2265173718	-0.0268296924	-0.0671176648	0.0017137581	0.0959022249	0.0151177255	-0.031167428900000002	-0.016321724699999998	0.1649811247	0.043509623	-0.0213061166	-0.0818276681	0.021379900099999998	0.11859908779999999	0.024590067200000003	0.046062520999999995	0.013839895900000001	0.0341591185	-0.09924111949999999	-0.0008582696	-0.0081876913	-0.08780575119999999	0.0720634886	0.0547539707	0.0320057091	-0.0049907833	-0.0134418597	-0.047974498399999996	-0.0433637389	-0.1581801976	-0.0728062513	-0.0989269767	0.055450895599999994	0.025099015099999997	-0.0131776627	0.038709607	0.0033238085	-0.10537617269999999	-0.0711518179	0.049117304199999996	0.12267616880000001	-0.0170265524	-0.028605468199999998	-0.0324225187	0.0725094818	-0.0344297935	0.0363077269	-0.051848999400000005	0.048957530199999995	-0.13980376949999998	-0.0639808557	0.0028438616	0.0196537774	7.20319e-05	0.045981085199999994	-0.1024507189	0.0648870614	-0.014321086	0.048072878099999994	-0.08737616150000001	0.1334865062	-0.0287584805	-0.0359761932	0.1389782677	-0.1350399739	0.011955756100000001	0.0085062135	-0.2001115075	0.16442978490000001	-0.0418094632	0.0286497897	0.0703182558	0.058110019900000004	-0.1162671866	0.0275953532	0.0598054869	0.0359390085	0.0382020915	-0.10355278150000001	-0.0232387467	0.029016083300000002	0.0564997396	0.0791029517	0.0090727702	0.0281131462	0.0988916814	-0.0167192272	-0.039304639	0.1468254969	0.0175977281	-0.0224670894	-0.0786067463	-0.0162384378	-0.08819630029999999	-0.0659200834	-0.0218496531	-0.0258380939	0.1366429468	-0.0065985296999999995	-0.11301308019999999	0.0230189425	-0.08862970140000001	-0.0096906803	0.0286275123	-0.0184262615	0.0586559237	-0.0907493115	-0.0925183759	-0.0310525025	-0.0529475458	0.0523790837	-0.011225326599999998	-0.1187077291	-0.0504240857	-0.0641654002	-0.0017899682000000001	0.0037350134000000003	-0.1094812429	-0.0294306889	0.0026682992	0.12141854839999999	0.0319502682	-0.1331741837	-0.18270485390000002	-0.0213291118	0.0480876502	0.13416011279999998	0.0402142572	0.10040872	0.07569553700000001	0.0389105992	-0.0040797138	0.0200666	0.025472799999999997	0.00040266843556	0.00064886353984	-0.00560663	-0.0034508699999999995	3.1434299956899994e-05	1.1908503756899995e-05	0.00689528	4.965000000000004e-05	2.465122500000004e-09	4.754488627840001e-05	0.000281293	0.0005210869999999999	7.912575184900001e-08	2.7153166156900003e-07	0.00014754	5.65479e-05	2.17680516e-08	3.1976649944099997e-09	-6.850090000000001e-05	4.97811e-05	2.4781579172099995e-09	4.692373300810001e-09	0.0	0.0	0.0	0.0
493.81150615517305	-0.11668680395894172	243849.8036112405	0.013615810218152495	754.8127315429359	0.3413681210508912	0.11653219406981592	569742.2596993082	456.7373484805712	-0.2532587599609428	0.06413999949695445	208609.00549706272	464.899151630512	467.3361367374852	0.947267	28.420549	0.057706955	0.0401996	0.1554834914	0.0121832333	0.0023598179	-0.0468618138	-0.10397472880000001	0.0206011018	-0.0407324896	0.0656310981	0.015557360400000001	-0.034629624399999996	0.048735783899999996	0.0046710769000000004	-0.08734262470000001	0.06737202	0.0077299474	0.0984206701	0.2008804862	-0.0030233273	0.0384316121	0.006030277	0.0089245699	-0.16379207140000002	-0.0829005371	0.109103511	0.0335237204	0.06478198389999999	-0.0706814915	-0.0073608858	-0.054459062	-0.0045886875	0.0291635602	0.009768624	-0.09662726	0.042720147	0.0422769935	0.06736298	-0.1021532047	-0.0980800923	0.09033689859999999	0.1017392952	0.1365798271	0.0590097533	0.097989134	-0.0002968545	0.0401887444	0.1446158055	0.0309617139	-0.014992336	-0.0808929937	-0.056668433	0.094896695	0.1269619312	-0.1124302981	-0.0855086712	0.014364303500000003	-0.049017197199999994	-0.051021004800000005	0.1005713175	0.006262901600000001	0.0014380635	0.0380632182	-0.0836824773	0.1056677906	-0.024155429500000002	0.08927974699999999	-0.1008046869	0.0071409709	-0.046666914000000004	-0.0995179294	0.061650645	0.005989303499999999	-0.08394678539999999	0.0746998207	0.0011727498	0.0083379033	0.0159215356	0.0679269612	-0.1370989823	0.0463237105	-0.0011287772	0.014688259399999999	0.0463878488	0.022715474	0.008400119499999999	0.0340571304	-0.0504581051	-0.0707892373	-0.0263253023	0.020064278	-0.093289651	0.0368515009	0.015021675200000001	-0.0755473982	0.0616026391	0.0453184375	0.044657499100000005	0.0715951512	0.0152870776	0.0197183617	-0.0857480672	-0.0725257029	-0.0913331835	0.0090644238	-0.0376755298	0.0730717863	0.1418098579	-0.0324733276	0.025047469	0.07695153219999999	0.0533995013	-0.0049616707	0.1773758583	-0.0137126241	-0.027135677900000002	0.0292248561	-0.0239498083	-0.0530236785	0.0692485362	-0.044396593600000006	0.0402707471	0.097951132	0.1243049838	0.0166815816	-0.1264552868	0.0300292819	0.015450442	0.09651684890000001	-0.057371497	-0.021166453999999998	-0.01598275	-0.0908780991	-0.0638435039	0.0192526138	0.0743341825	0.0103734303	-0.012377731599999999	0.11364118570000001	0.0542669007	-0.0068950046999999995	-0.0743467886	-0.0210698264	-0.0394458059	0.0097888639	0.0532076021	-0.0483991833	-0.0505701581	0.10333806970000001	-0.0049215042	0.0023237744	-0.017490478400000002	0.0356376532	-0.012998303700000002	-0.0690162801	-0.0608583101	0.015347028200000001	0.050646301399999996	0.1465485999	0.0429240096	-0.0221645215	-0.0036721563	-0.0629156854	0.04951828	0.0505369105	-0.016408368700000002	-0.06572868059999999	0.0995928192	0.07270437219999999	0.033133849300000004	-0.0122163259	0.0122624	-0.007804200000000002	0.00015036645375999998	6.090553764000001e-05	0.00249929	0.008105919999999999	6.2464505040999984e-06	6.570593904639999e-05	0.00692636	3.108000000000017e-05	9.659664000000106e-10	4.79744628496e-05	0.00100649	0.0007251970000000001	1.0130221201e-06	5.259106888090001e-07	0.000146115	-1.4249999999999942e-06	2.1349593225e-08	2.0306249999999828e-12	-0.000177194	-0.00010869309999999999	1.1814189987610001e-08	3.1397713636e-08	0.0	0.0	0.0	0.0
493.2416180414717	-0.5698881137013245	243287.2937681691	0.3247724621380538	755.1240000569928	0.3112685140569056	0.09688808784319404	570212.2554620733	456.68482520128373	-0.05252327928747036	0.0027586948671096127	208561.02956912707	464.83679595900077	460.78821954131735	0.964474	28.936811	0.05990284000000001	0.0367654	0.1793297702	-0.011764801	0.0262132894	-0.025098836200000002	-0.1203218267	0.0293629735	-0.0175743898	-0.0498442599	-0.19472687	-0.09140574630000001	0.076834051	-0.0668395285	0.0067642763	-0.0072857229	0.1081708435	0.025582510299999996	0.1535481095	-0.10285765949999999	-0.076402241	-0.1191137479	-0.07020257419999999	0.1100171263	0.08463413759999999	0.0394243169	0.1565732524	-0.0284079083	0.145963227	-0.0005535843	0.1443579531	-0.084021062	-0.041664707	0.016657943600000003	0.0470634253	0.0676959069	0.10490324460000001	0.0032791924	0.07840382559999999	0.0907769007	0.0559945541	0.0006259407	-0.0429054507	0.046853272599999995	0.1330233131	0.0174018044	-0.0017098254999999998	0.169467156	0.029293056499999998	-0.0239884002	-0.08028056160000001	-0.0275156323	0.0952032149	0.0469736693	0.1138989875	-0.00372188	-0.0667654111	0.1083750359	-0.0065840757	0.004179099699999999	-0.0774176354	0.0263432502	0.1300330601	-0.016570525	0.0136986373	0.09386572609999999	-0.018903154	-0.0439026821	-0.0167141305	0.1322087178	-0.0087178708	0.027650365899999998	0.0385074543	-0.008709559399999999	0.0702716924	-0.037961157	-0.0442204749	0.0884814174	-0.09811728300000001	-0.0321742352	0.035605555	0.0606889292	-0.12065559070000001	-0.0150047023	0.0277225541	-0.0150226656	0.054364980800000004	0.0493060528	-0.0656788154	0.073640568	-0.018937573899999997	-0.0311401822	0.03548777	-0.07654784099999999	-0.012772558400000002	0.0092135632	-0.0158147352	0.0458063201	-0.12126916410000001	-0.0244641908	-0.1100155926	0.057025937699999994	0.0283132027	0.0223329265	-0.0242381168	-0.0588486437	0.0266423002	0.1693050043	-0.0331349394	0.029241527799999997	0.0834750888	0.0605967232	-0.0274008657	0.026291617799999997	0.15624133839999998	-0.002342654	-0.0310803462	0.1088278857	0.0702352294	0.047800786	0.0728223008	0.025312515	0.0764126875	0.0132823399	0.09606787289999999	0.1000373042	0.0665002767	0.009871080899999999	0.056999936699999997	0.051837113600000005	0.0800094717	-0.0026442439	-0.0265300403	0.0440961422	-0.0458839755	0.0641980883	0.029069308999999998	-0.0312363032	0.049711352800000004	-0.0541552533	0.024015184300000002	-0.045462163099999994	0.075852882	0.10569556390000001	0.09303324550000001	-0.0204901784	0.0076919888	0.0969454836	0.0325684634	0.0614429566	0.0822864595	0.048652657	-0.0417827912	0.0314108317	0.1214190552	-0.0379709725	-0.0261641988	0.0753370333	-0.0479373854	-0.0197161277	0.0380084804	-0.0360648199	0.0388039898	-0.1174393069	0.029944249300000007	0.0088375849	-0.1231369647	0.0987420929	0.0696115238	0.027252848	-0.0202846193	0.0103514	-0.0019109999999999995	0.00010715148196	3.6519209999999984e-06	0.00810628	0.005606990000000001	6.571177543840001e-05	3.1438336860100015e-05	0.00688421	-4.215000000000035e-05	1.7766225000000293e-09	4.73923473241e-05	0.000398903	-0.0006075869999999999	1.5912360340900005e-07	3.69161962569e-07	-0.000234234	-0.00038034900000000004	5.4865566756000004e-08	1.4466536180099998e-07	-0.000118276	5.8918000000000014e-05	3.4713307240000007e-09	1.3989212176000002e-08	0.0	0.0	0.0	0.0
493.5126068072029	0.2709887657312038	243554.6930776409	0.07343491115252125	755.9218863604269	0.7978863034340975	0.6366225532077288	571417.8982787061	456.5293608316282	-0.15546436965553312	0.024169170232392248	208419.05730133495	464.6669681038366	460.5653523303421	0.970892	29.129354	0.08033034	0.0354523	0.1669124088	-0.0319213443	-0.0069818202	0.0530072648	-0.1133001638	0.0005754763	-0.0550663067	-0.09445004650000001	0.0730631267	-0.0186115152	0.0656795391	-0.050462509100000004	0.011991688700000001	-0.0072799306000000015	0.18282371309999998	-0.0145537157	0.0015779017	0.1366415428	-0.0351419177	-0.0175901584	0.1360329333	0.0603416279	0.11791612779999999	-0.0054928579	0.0782058803	0.0683420137	-0.1443523789	-0.176876605	-0.0731282448	-0.0848536625	-0.0139048634	0.0479793616	0.017703863400000002	0.12271913050000001	0.047484697	-0.0100096519	-0.0199839817	-0.0044736635999999995	-0.020823317	-0.08882489539999999	-0.000161587	0.0125871888	-0.0582604656	0.1021484882	0.1103385853	0.1280291459	0.013732850500000001	-0.0667121139	-0.0635124653	-0.032842550400000003	0.1215302886	-0.0024343408	-0.0158092892	0.0048383246	0.0763454987	0.0603241517	-0.050157526200000004	-0.046115833700000004	-0.057960753	0.008579343	-0.0080748103	0.064375216	-0.1522278319	0.048439742699999996	-0.012053724699999999	-0.1063857719	0.0484741807	-0.0315600032	-0.11910819480000001	-0.029555058399999997	0.0403308069	0.0118089545	-0.0883738536	-0.0215785822	-0.0729222851	0.026812209	-0.0107858217	-0.0794687768	-0.0523637324	-0.1627767653	-0.07202864440000001	0.1061743417	0.24474204579999997	-0.0649474013	0.031635117000000004	-0.114164995	0.037244441499999996	-0.002608316	0.1248077136	-0.0212589004	0.048351545	8.76348e-05	-0.1169226589	-0.07195612480000001	0.016075836200000002	0.0250742427	0.0101000144	-0.1027824074	-0.0452562019	-0.11702400439999999	-0.0405709172	0.014585781499999999	-0.0642715933	-0.0628837483	0.0328664184	0.1270138659	-0.0125907185	0.0694632499	0.039893072599999996	0.09914848400000001	-0.1049698107	0.0418318659	0.0019318548	0.036972683900000004	0.0735642441	0.0414812216	-0.0069569243	-0.0508392545	0.08235280240000001	-0.0041317677	-0.046405263700000005	0.0962306997	-0.0267763307	0.1304100078	-0.0638418818	0.0071477436	0.0869459884	-0.0594561461	0.025096435499999997	0.021866323700000002	-0.0182717457	-0.152083191	0.0115893959	-0.0048055361	0.0372670437	-0.1014615839	0.1357826688	-0.0623880829	-0.0550165357	0.1721134224	-0.1434887992	-0.1219804437	0.1005131784	0.1181017072	0.0106010894	0.00433768	0.013186645700000001	0.0070263498	0.07358424200000001	0.0698519453	-0.0851391201	0.0747778762	-0.0629293107	-0.0163799166	0.0002514584	0.0386960604	0.10582798300000001	0.11095082070000001	0.0325971801	0.0427523142	0.0217278775	-0.010336933199999999	0.0357791011	-0.115744689	-0.0110715321	0.09785683869999999	0.0664213173	0.0212860992	-0.028239472999999998	-0.00365367	-0.01400507	1.33493044689e-05	0.0001961419857049	-0.0119932	-0.020099480000000003	0.00014383684624000005	0.0004039890962704001	0.0267425	0.01985829	0.0003943516817241	0.0007151613062500003	0.000281294	-0.00011760900000000002	7.912631443600001e-08	1.3831876881000004e-08	-0.000105123	0.00012911100000000006	1.1050845128999995e-08	1.6669650321000007e-08	0.000162354	0.00028063000000000003	7.875319690000002e-08	2.6358821315999998e-08	0.0	0.0	0.0	0.0
494.2420793977432	0.729472590540297	244275.2330474051	0.5321302603495718	756.1516481890767	0.2297618286497709	0.052790497904486686	571765.3150590572	455.8508825632005	-0.6784782684276821	0.4603327607286257	207800.02713364887	464.1415470709621	468.5731495758815	0.981802	29.456694	0.096917605	0.045492000000000005	0.1396592388	0.0027487528999999996	-0.0098664704	-0.0210499115	-0.0801441118	-0.006232662900000001	-0.0587402997	0.0551559731	0.016376536100000002	-0.0852209491	-0.0520223571	-0.0311622356	0.12627891089999999	0.09045242210000001	0.040506148799999996	0.0884611515	0.0347037039	0.09404741220000001	0.0081949673	0.0001144023	0.1184529649	-0.0728010208	0.0262905647	-0.0184013541	0.013414670900000002	0.10081867050000001	0.006575151400000001	0.059376403	0.0173611685	-0.006407504499999999	0.093615725	0.0081515787	0.0262606633	0.0678524119	-0.020511819	0.0243672754	-0.0275321297	-0.027875607799999997	-0.10336039710000001	0.1238146642	-0.0516157879	0.0431446568	0.016245268	-0.12105273109999999	0.1623616296	0.130235944	0.047800489800000005	-0.109945356	0.0157833161	-0.0714534476	0.08751094849999999	0.0844999325	-0.0095947305	-0.0650762956	0.1481369366	-0.0062056308	-0.06295793599999999	-0.09861255470000001	-0.025104912599999998	-0.1228095018	0.166962214	-0.029236334500000002	-0.0744708868	0.0125643679	-0.0642862745	0.0229180232	-0.0020376587	-0.13705988619999998	-0.0063306228	0.0504268483	-0.0475674762	0.04491705519999999	0.009777998199999999	0.0647303002	-0.0093554636	0.0670433504	0.0636677746	0.061323066399999994	-0.0179609602	0.041976198099999994	0.0004428319	-0.0490388502	-0.18312146629999998	0.0217018673	-0.056770641399999995	0.0037812072999999996	-0.0587930479	-0.11522158939999999	-0.1075106468	0.1036897948	0.001236575	-0.2093361448	-0.036021771	0.025639678399999997	0.0364832533	0.1695896579	-0.0159004836	0.0287378829	0.0098600013	-0.049012565999999994	-0.0207786824	0.0770475066	-0.10024669	-0.08276598639999999	0.0509814883	0.12619587	-0.0413351765	0.1177971349	-0.0265382041	0.0572785187	0.0082538015	0.14105777	0.0013405232999999998	-0.0091452964	0.1541543863	0.006011474399999999	-0.0372134672	-0.09914118720000001	0.0305666669	-0.11691896210000001	0.123740661	-0.0558144587	0.0620567221	0.12030606349999999	-0.008432955	0.02957262	-0.0831408302	-0.0359291873	-0.1303247987	-0.049649060700000004	-0.0655636225	0.0125629145	-0.0138722897	-0.0530379354	0.0160541532	-0.0329704969	-0.0705045264	0.047099995199999994	-0.0407279562	-0.1082390148	0.048903988899999994	0.08952723630000001	-0.0936680705	-0.1500163835	-0.0445181996	-0.1298120686	-0.1315563196	-0.0122210983	0.047727145	0.06606154339999999	0.12175746929999999	0.0246541386	0.1065496226	-0.0703207844	-0.1068990287	0.1049497383	0.09478331529999999	-0.025654742999999997	-0.1035564791	-0.0173374922	0.0472180543	0.0032902426000000003	-0.0133839775	-0.1179427708	-0.1714082271	0.09693736609999999	0.0631382147	0.0152523765	-0.0360364	0.02685	0.03050367	0.0007209225	0.0009304738834689	-0.00335244	0.00864076	1.12388539536e-05	7.466273337760002e-05	0.00684747	-0.01989503	0.0003958122187009001	4.68878454009e-05	-0.00028298900000000004	-0.0005642830000000001	8.008277412100002e-08	3.184153040890001e-07	-0.000180379	-7.525600000000003e-05	3.2536583641e-08	5.663465536000004e-09	4.43301e-05	-0.0001180239	1.3929640971209996e-08	1.9651577660100005e-09	0.0	0.0	0.0	0.0
495.2463432521665	1.0042638544233	245268.94050464281	1.0085458893011432	756.0375298579393	-0.11411833113743343	0.013022993501592904	571592.7465536944	456.04900924824966	0.19812668504914652	0.039254183328563716	207980.69883631013	464.3322746812381	472.33516082113226	1.0281	30.845757	0.12389346	0.0763593	0.09506349119999999	0.0130637961	0.052882027000000005	-0.0414484335	-0.0566104171	-0.0391992254	-0.022582964	0.034606066	-0.1401992701	0.0092034696	-0.0892847777	-0.085571712	-0.011729931499999999	-0.0331605979	-0.008416276	-0.0265782171	0.1007359231	-0.0581542653	-0.1109557501	-0.0877991298	0.0105460998	-0.0012446742	-0.0623639821	0.039286684599999996	-0.0018641714	0.0760773117	0.0959430417	0.0317695542	-0.0041337464	-0.0956362732	0.010758468500000002	0.054706689800000007	-0.0301165986	0.097681697	-0.0715191483	0.0059152933	0.06407133549999999	-0.0390556075	-0.0313295529	0.0309651676	-0.0259656558	-0.09381192669999999	0.07951248429999999	0.009376005500000001	-0.1404996158	0.1217414191	0.026794406099999998	-0.1067293612	-0.010819111299999998	-0.0458730408	0.042377583200000006	0.06813532900000001	0.0412140309	-0.0036440886	-0.0535440951	0.20429361079999997	-0.050945670400000004	-0.058031151399999995	-0.08657430890000001	-0.0114273731	-0.0615384821	0.08452956539999999	-0.0308032982	0.0300056489	-0.0328759893	-0.0326685044	0.0732171672	0.092611125	-0.1468853945	-0.012198766299999999	0.0117967135	-0.11129833160000001	-0.11160425970000001	-0.010083094499999999	0.015497691899999999	0.048155644299999995	-0.0401771724	-0.0757149459	0.0195346778	0.1512113553	-0.06476429660000001	-0.2376563313	-0.1394220014	-0.0664935438	-0.0539328561	0.08735948939999999	0.004319593	0.06857341139999999	-0.0101041484	-0.1690005654	0.1223062565	-0.049829852699999996	-0.0013946183	-0.0709313856	-0.030260405299999998	0.0737107869	0.0936166984	-0.0520783529	0.0896727176	-0.0506614439	0.016121158700000002	0.1338576673	-0.0635707158	0.1254974938	-0.13788833949999998	0.12388544130000001	-0.0249358563	0.10457466369999999	0.0030775131	0.0244570825	0.0320415318	0.0471370315	0.0982682691	0.009902895600000001	-0.0100827839	0.19218230030000005	0.0385046427	-0.047010520800000004	0.11382556939999999	-0.0350073375	-0.0858218551	0.0011354916	-0.0311792519	0.1072200373	-0.049160995	-0.0706151116	0.1295480471	0.0845719652	-0.0024659238	0.0363199413	0.0530444421	-0.0712348085	0.06932738969999999	0.10768212390000001	0.0389056885	0.1325324165	0.1053391798	0.0764156087	0.0473089622	-0.1247202684	0.0162775201	0.1708888759	-0.013625163700000002	-0.10147921619999999	0.0381037812	0.0727577458	0.120991819	-0.10169549160000001	-0.033624892999999996	0.0990827496	-0.0151178306	-0.1429782055	0.0429568409	-0.058349884500000004	0.0919823818	0.078011476	0.0033235047	0.0884065292	0.010111402	0.0045254059000000004	0.1442455724	-0.0085577658	0.0905481258	0.044599126600000004	0.0443865777	0.0959839967	0.0597668075	0.0091706641	-0.043631796900000006	0.0181669	-0.008683100000000001	0.00033003625561	7.539622560999997e-05	0.0133351	0.01668754	0.00017782489201000005	0.0002784739912516	-0.0317866	-0.03863407	0.0014925913647649	0.00101038793956	0.0008287219999999999	0.001111711	6.867801532839999e-07	1.2359013475209998e-06	-0.000234234	-5.385500000000001e-05	5.4865566756000004e-08	2.9003610250000004e-09	1.2121099999999996e-05	-3.2209e-05	1.037419681e-09	1.4692106520999994e-10	0.0	0.0	0.0	0.0
495.79478757546923	0.5484443233027037	245812.47138700465	0.3007911757629605	754.6501667504671	-1.387363107472197	1.9247763919749108	569496.8741765077	456.78303076046456	0.7340215122148948	0.5387875803942409	208650.7371907155	464.90971053303116	478.2436757403942	1.037723	31.134472	0.07955177	0.0490502	0.0979756746	0.054603186399999996	0.0562839633	0.0513527408	-0.08798556560000001	0.0361256739	-0.041389918399999996	-0.0734142683	-0.0063131616000000005	-0.043785974400000004	-0.0491046089	-0.0366048394	0.0094616666	0.0468365818	0.1827190277	-0.0493420337	-0.015253375800000003	-0.0470104471	0.0651975553	0.08686056699999999	-0.0930272861	0.085467239	-0.014601039599999999	0.1078878297	0.0503431873	-0.0318349995	-0.0163138545	0.0085484279	0.0988323576	0.0743193446	-0.0851822515	-0.1384546823	-0.0625736306	-0.0587639362	-0.0645095403	-0.0313345239	-0.0809882657	0.0111899477	-0.0320670961	-0.1011771834	0.0762949215	0.036323239300000004	0.0455567921	-0.11898881730000001	0.0406012107	0.1327224724	0.0332468269	-0.06291255679999999	0.0414803214	-0.0450413983	0.12117216199999999	-0.016282266200000003	0.0160701997	0.0284962929	0.014127120600000001	-0.013801988400000001	-0.0446777981	0.029788875099999997	0.0312082765	0.0539014186	-0.1091298634	-0.0299943898	-0.1153515184	-0.1011023732	0.0363855837	0.09165496949999999	0.058267365599999996	0.0015060314999999999	0.11419803070000001	0.0062406547	-0.09163152990000001	0.0324591564	0.0668760028	0.03467133	0.0011098006	-0.041146481400000004	-0.0108582427	0.13930593460000001	-0.0175708228	-0.1999084879	-0.0685490137	0.0067836203	-0.037539579	0.0610780545	0.1068776903	-0.0835672437	0.0679553263	-0.049073348899999994	0.0725323178	-0.18842208030000002	-0.08364197849999999	-0.0187565338	0.046443785	-0.0476718951	0.0224436091	-0.09421439289999999	-0.12408546150000001	0.0040035146	0.1158387511	-0.0066417080000000005	-0.1845093103	0.058576994800000004	0.0252004187	-0.0442243848	-0.0309887579	0.1307191744	-0.0357501804	0.061080368600000004	-0.06998563769999999	0.0992569354	-0.09283475640000001	0.0209100961	0.021126349300000003	0.0405226447	0.0120267816	0.0122087957	-0.0556919696	-0.017778873100000002	-0.0281834111	0.0890981424	-0.0193967386	0.043465389400000005	-0.15115818890000002	-0.0179496774	-0.13347244689999999	-0.0492318102	-0.12106721050000001	-0.0336599053	0.0016522525	-0.0134354592	-0.0540925896	0.0664524107	0.0416773169	0.0098524098	-0.057175725	-0.048094048099999995	-0.0567033274	-0.1292286467	-0.1308534163	0.0674933917	-0.1020100673	-0.0959218705	-0.0623622899	-0.035515795600000004	0.1227161081	-0.1397358186	0.1008038961	-0.0374197999	-0.0697738122	-0.1412142832	-0.1301191657	0.0684823163	0.0134545519	-0.0359738646	0.1225337383	0.046980386500000006	-0.0902128514	-0.0755976698	0.046540121500000003	-0.0611314933	0.1602784528	0.0958656524	-0.04463470889999999	0.0181258962	-0.1259043491	0.0949970637	0.05631181110000001	0.0030600974	-0.0509831871	0.00926926	-0.00889764	8.591918094759999e-05	7.91679975696e-05	0.0133452	1.0099999999999e-05	0.00017809436303999998	1.0200999999997978e-10	-0.00987363	0.02191297	0.0004801782542208999	9.74885693769e-05	5.2946e-05	-0.0007757759999999999	2.803278916000001e-09	6.018284021759999e-07	-7.061180000000001e-05	0.0001636222	4.986026299240001e-09	2.677222433284e-08	4.73441e-05	3.5223000000000005e-05	1.2406597289999998e-09	2.2414638048099996e-09	0.0	0.0	0.0	0.0
496.0725368985991	0.2777493231298536	246087.96186501195	0.07714468649909181	755.9932551752223	1.3430884247552513	1.803886516711542	571525.8018704288	457.44221244821716	0.6591816877526071	0.4345204974683756	209253.37772951985	465.6265794016976	479.8155268740081	0.976749	29.305090000000003	0.030377133	0.020749700000000003	0.0992847874	0.043175337800000005	0.0001750426	0.0009223012	-0.0786966307	-0.0303198692	-0.0419677066	0.0378988759	0.0275645883	-0.0898838264	-0.001257057	-0.0220237791	0.0716292506	-0.004759581	-0.0186855891	-0.1004986219	0.0532716518	0.07212062429999999	0.0694161828	0.0161459064	-0.0845342383	0.04793807	-0.0590895623	0.0564253212	-0.050814837800000005	-0.1080228406	0.06527007950000001	-0.037092742799999995	0.0005278901	-0.0491390805	-0.039373887	-0.1712779562	-0.1256366234	-0.091353492	0.0619530686	-0.031616335	-0.0407560671	-0.038521799100000004	-0.06800845700000001	-0.08842563310000001	-0.009040054300000001	-0.043978610700000004	-0.10901947140000001	-0.014336318300000001	-0.0186158252	0.1270176904	0.0170607739	0.0104299085	-0.04338132150000002	-0.0370954168	0.1215525608	0.13783925060000002	-0.054407371399999994	-0.027656350099999998	0.0604393768	0.0186651855	-0.09485991449999999	-0.0230700178	0.0150422877	-0.017397286499999998	-0.14899599560000001	-0.0309591725	-0.06925530769999999	-0.1825539329	-0.0135969918	0.09627374109999999	0.0839485316	-0.112577427	-0.0504844736	-0.0022051947	-0.015483821699999999	-0.0937378256	-0.0106050421	-0.0082414784	0.1363373323	-0.0104156963	0.0164471551	-0.07992266599999999	0.0260928258	0.0623378865	0.1572843968	0.0394005759	-0.0172909857	0.0819884107	0.0571608782	0.055395398600000006	0.0328551033	-0.1185772526	0.072796127	-0.0582093539	0.0125052635	-0.0429005775	0.0171828584	-0.07880958639999999	0.0006649675999999999	-0.0566518933	-0.1625782888	-0.030400019700000006	0.09503135199999999	-0.0166496699	-0.0074746543	-0.0567405891	0.068182948	-0.0025751632	0.1989544375	0.1259893403	-0.0185147406	-0.007619230500000002	0.042659296	0.0364669009	-0.0178725487	0.1866179486	0.0348822785	0.014871583300000001	0.0675685122	0.0377830502	-0.0812026142	-0.05919928610000001	-0.0011203194	-0.026296762400000003	-0.0216043826	-0.0404466069	-0.13449275189999998	-0.09913140869999999	-0.14345081140000002	-0.0469874225	-0.0614794806	-0.006173353299999999	-0.107962665	-0.0208823477	0.0271219378	-0.0511945671	0.0675094028	0.0433921998	-0.1375377324	0.1046202067	0.0038050687	0.0744526796	0.10285555060000001	-0.028497649	0.0292201448	-0.0345945054	-0.1234619106	0.131329621	-0.004445113	-0.0571114113	-0.063941693	-0.008329011899999999	0.06547942030000001	-0.07839219389999999	-0.0445729147	-0.0743148058	-0.0440585804	-0.1062178719	0.008826141800000001	0.1291086116	-0.0691165594	-0.0220796319	0.07326866559999999	-0.0889681767	-0.012084959	0.1280428545	-0.075199868	-0.1299710678	-0.08325561570000001	0.0939769123	0.0527780575	-0.0030600974	-0.05804945860000001	-0.010005600000000002	-0.01927486	0.00010011203136000004	0.00037152022801960013	0.0133433	-1.9000000000008598e-06	0.00017804365488999994	3.6100000000032653e-12	-0.0048212	0.00505243	2.55270489049e-05	2.3243969439999994e-05	-1.6186099999999994e-05	-6.91321e-05	2.619898332099999e-10	4.779247250409999e-09	-7.391339999999997e-05	-3.3015999999999617e-06	5.4631906995599964e-09	1.0900562559999748e-11	-1.1810600000000002e-06	-4.852516e-05	2.3546911530256e-09	1.3949027236000004e-12	0.0	0.0	0.0	0.0
495.85083251956047	-0.22170437903861284	245868.04811034122	0.04915283168489691	754.583956586647	-1.409298588575325	1.9861225117604036	569396.9475379586	457.9422505137904	0.5000380655732215	0.2500380670222094	209711.10480563514	466.0681371111831	477.0268348087301	1.071778	32.156227	0.090076586	0.0460224	0.11414260720000001	0.056216415199999994	0.011496616999999999	0.1041568308	-0.13422328109999998	0.0089646283	-0.0702568115	-0.11373913710000001	-0.021842803199999997	-0.0805062976	-0.0222611108	0.017575713899999998	0.0245237275	-0.0481827237	0.051032833099999994	-0.0135313952	0.0339014346	-0.007283666899999998	-0.0854852016	-0.0918341597	0.0654575171	0.1029269593	0.0164684479	0.0629997018	-0.09252592960000001	-0.028860378500000002	0.0635962174	0.1417418767	-0.06421178940000001	0.049508641	0.0546886005	0.011932777299999999	-0.0404319537	-0.059225741100000014	0.0544002222	0.0422815296	-0.12005874609999999	0.0515766784	0.057035512300000014	-0.0529299166	-0.0607762762	0.1402971163	0.0811047317	-0.0171626952	-0.0200346074	0.14992226220000002	0.0188668566	0.0461540455	-0.092543753	-0.0043205231	0.1784997982	0.0629285319	0.0914653267	-0.0196301645	0.0265105958	-0.0379083992	-0.0330065674	-0.04844311019999999	-0.070240743	-0.1201444683	-0.0421836316	-0.0588636377	0.1936915012	-0.0477387642	-0.0395153275	-0.1274043715	0.023785639900000002	0.031377227	-0.0046956891999999995	-0.0269428007	-0.0162853614	-0.057310756399999996	-0.0764830319	0.007700498199999998	-0.0901598556	-0.0570579301	0.08044124	0.0076696074	0.0707092395	-0.1818574539	-0.0803798283	0.08735462769999999	-0.02854287	0.0151719231	-0.006735640500000001	0.0489683566	0.0748502033	-0.0022838141	-0.042770217400000005	0.050353498200000006	-0.013897867	-0.0291433896	0.1181826711	0.039317633	-0.0416855759	-0.0256556725	0.1041802754	0.0769622014	-0.0992517459	0.058239248499999986	-0.0381725084	-0.0761247255	0.1112741923	0.0659471019	0.020553434199999998	0.1504381317	-0.0252721399	-0.0497356271	0.0807783818	0.0830584433	-0.0999132218	0.0711157104	0.1466967358	0.0007212577	0.0345057069	-0.026715174900000003	-0.0184486331	-0.0114703674	0.0770724113	-0.1145667262	0.0672566097	-0.007128729499999998	0.025713805299999996	-0.1821253436	-0.0043461826	-0.056105372599999995	0.1366189158	-0.037217405499999995	0.0016990175	0.06134315730000001	-0.0022942081	0.027729964399999998	-0.0279517318	0.0517808566	0.1219596119	-0.064137992	0.0229663148	0.052725605999999994	-0.21928473350000002	0.0595171537	-0.0038899748	-0.028692389900000007	-0.0457497586	0.037757188399999995	0.046261488499999996	-0.055237639299999995	-0.012395959199999999	-0.08884852060000001	0.0307955369	-0.0143201374	0.027158380299999996	0.029409651499999998	0.0153937275	0.0581332568	0.0315935723	-0.0135979884	-0.0596393809	-0.09158193710000001	-0.067716288	0.0727486194	-0.051214638099999994	-0.0809043912	-0.053567572	0.1112987363	0.20152167969999998	0.09292389919999999	0.049170489000000005	-0.0091706641	-0.06479109400000001	-0.00691473	0.0030908700000000016	4.78134909729e-05	9.55347735690001e-06	0.0006590519999999999	-0.012684248	4.343495387039999e-07	0.00016089014732550394	0.00878749	0.01360869	0.0001851964435161	7.721998050010001e-05	-0.000633097	-0.0006169109	4.0081181140900003e-07	3.8057905853881e-07	-0.000234234	-0.00016032060000000005	5.4865566756000004e-08	2.5702694784360017e-08	0.000435443	0.00043662405999999996	1.906405697708836e-07	1.8961060624900004e-07	0.0	0.0	0.0	0.0
495.71466964996216	-0.1361628695983086	245733.0337061711	0.018540327057245988	755.9112999114693	1.3273433248223228	1.7618403019503783	571401.8933338473	456.77594164192124	-1.1663088718691483	1.3602763846006856	208644.26086286386	464.8201052282348	483.8461787760164	1.346824	40.408337	0.22895131200000005	0.152355	-0.005182453300000001	-0.0217617534	-0.1057620062	0.1031307976	-0.0176147679	-0.0340035289	-0.0791615838	0.0147136304	0.1125182049	0.09210395869999999	-0.0711280793	-0.06709404440000001	-0.0736487397	-0.0115199773	0.0093251332	0.09503347890000001	0.032888638399999996	0.058146404400000004	-0.065935836	-0.0521789094	-0.142139584	0.0720176029	-0.1291162771	0.10269618970000001	-0.1057301242	0.1230237366	-0.0378382535	0.0751496298	-0.0592203071	0.0385562146	0.1642986404	0.0442661027	0.1441308203	0.0018907817999999999	0.1295031051	0.023039205299999997	-0.2018471264	-0.1430138733	-0.0205448537	-0.017813776200000003	-0.0426650288	-0.0895095675	-0.0929634139	-0.0266844445	-0.0679087089	-0.0142577423	-0.010713251699999999	-0.0002767416	-0.060180337	0.1088982174	0.1284487842	-0.0649134286	-0.0633009334	0.08406291800000001	-0.1061462764	0.022878655699999997	-0.0510320533	-0.018514766999999998	-0.1585144421	-0.0305142106	0.1396863901	0.032355251	0.3158647037	0.0119700696	-0.0041594442	0.0879252192	0.1673762973	0.2898268988	0.32896577920000003	0.0632119984	-0.0142192793	0.0054558901	0.0207054072	0.0071401636999999995	-0.0104248563	-0.1391121125	-0.16865946910000001	-0.0229976582	-0.044048995	-0.028972291600000002	-0.026145694900000002	-0.1460710057	-0.0684990536	-0.051815809500000004	-0.06362328099999999	0.055937255	0.0853888286	-0.054182214299999996	-0.08899600560000001	-0.0176416623	0.0473448821	-0.0037069143	-0.1204596441	0.0969266085	-0.0057574949	-0.0325709388	-0.056890596900000014	0.1489854826	-0.030784425600000002	-0.1274088216	-0.0456199599	0.0768039672	0.042213975099999995	-0.027209886000000003	0.0382621874	-0.013218491	0.0107719106	0.0105889234	0.0609516275	-0.026348716499999997	-0.16873602940000001	0.0286256312	-0.056604958899999995	0.023843213999999998	-0.1235769132	0.0797478383	-0.0733046496	0.0939799208	0.1675880588	-0.0949860956	0.0399722589	-0.1313819668	0.2162658404	-0.0852010168	0.136099113	-0.26503302089999997	-0.0710076149	0.054673739699999994	0.2211286675	0.06652250629999999	0.012736178300000001	0.28633827920000005	-0.0371732042	0.1609270539	0.0146368672	0.1084609423	-0.0480524018	-0.054142795	-0.0285622813	0.0526932689	-0.0038200962	0.0378233808	-0.0314805305	-0.1301687463	0.0498594095	0.068015329	0.014083805	-0.1061860479	-0.1815592979	-0.0493999836	-0.0474195653	0.043112899100000004	0.0346585198	0.1033491168	0.059087102999999995	0.0674878697	0.1876088081	0.0421251125	-0.1205000728	-0.1289580724	-0.0244142214	-0.0146805966	-0.061210335199999986	-0.1026090492	0.0288549892	0.0918383927	0.0454941512	-0.0152523765	-0.07117039139999999	-0.0758953	-0.06898057	0.0057600965620900006	0.0047583190375249	-0.013446799999999998	-0.014105852	0.00018081643023999994	0.00019897506064590401	-0.127055	-0.13584249	0.018453182089400104	0.016142973025	-0.000633097	0.0	4.0081181140900003e-07	0.0	-0.000324952	-9.071799999999997e-05	1.05593802304e-07	8.229755523999993e-09	0.000545173	0.00010973	1.2040672899999998e-08	2.9721359992900004e-07	0.0	0.0	0.0	0.0
496.2343600490471	0.5196903990849364	246248.5400932873	0.2700781109010605	755.7647493659406	-0.1465505455287257	0.021477062394767103	571180.356384163	456.56029065583283	-0.2156509860884057	0.046505347800901764	208447.29900373856	464.7717377899109	489.76376502038283	1.296069	38.88554	0.21452871	0.110348	-0.0594845003	-0.0487797142	-0.0804930341	-0.0013195439000000002	0.0541735699	0.047360628700000004	0.1182908482	0.15647859990000001	-0.0704143507	0.1366194725	-0.0300984454	-0.0465299062	-0.0152101132	-0.0984780834	0.1545871194	-0.0322923084	0.1058660199	0.0730142834	-0.0911270984	0.0822321542	0.0731007766	0.0169601308	-0.2275649012	0.0365704787	0.0395603666	0.050828329000000005	0.0105846558	0.09152310289999999	-0.0043055761	0.164382255	0.1078226533	0.0531224291	-0.0111696895	0.0179030632	-0.0136747385	0.07019245519999999	-0.0202648673	0.0618545141	-0.204510899	-0.0615351021	-0.1126472058	0.0535264658	-0.030537890499999998	-0.1632254689	0.0660156065	-0.08517782609999999	0.0060492214	-0.0121145848	0.0397266339	0.0291685222	-0.0813777866	0.0684505219	0.0022609794	0.12290754429999999	-0.1272975332	0.0694436945	0.0668018107	-0.055446845	0.0195622365	0.09568352390000001	-0.0159025422	0.0594540978	-0.0441689711	0.0360173229	-0.1266998079	-0.06265398259999999	-0.033551697799999995	-0.0352171727	0.0738858576	-0.011153888	-0.047361779699999995	0.12385388380000001	-0.1270939838	0.0238492491	0.11322491259999999	-0.048456495599999996	0.09445805880000001	-0.10203436980000001	0.123053241	0.1401787472	-0.1584740784	0.19489314440000002	0.010037404599999999	0.0743043674	-0.11094786779999999	-0.115615509	-0.088432614	-0.010770011000000001	0.0357931843	0.0654642554	0.0417836306	0.0996022698	-0.0016005635000000001	0.08403425369999999	-0.0535958833	0.1447818608	-0.0116424598	0.10515639310000001	0.0026682137	0.0459512954	-0.0594787609	0.0550726637	0.122422377	-0.1271405263	0.0826464976	-0.0836857946	-0.0070697938	0.0031187049	-0.0256490586	-0.0833679075	0.0777976196	-0.0055272707	0.046179949000000005	0.0787098494	-0.1296277386	0.057281755199999985	0.0524008806	-0.0088179237	0.0127920198	0.0766020767	-0.0788920264	-0.0820754898	0.051206302300000006	0.08402666980000001	-0.0589833675	-0.0238871853	0.006194428399999999	-0.0253543221	0.0631195154	-0.0793547231	0.1462975202	0.0681291024	-0.0039083924	-0.1994340963	-0.05417852099999999	0.0316794473	0.1026786197	0.1264254312	-0.18473376809999997	-0.08399955619999999	0.0929209068	-0.0023292904	0.1361038153	0.04141222	-0.1810402139	-0.10103568560000001	-0.0289549731	0.0963909671	0.0153557229	0.0460091336	0.053517637	-0.0448927247	-0.1829778867	0.0443689013	-0.0872677498	-0.024339763700000003	0.1507170504	-0.033756568	-0.024931488300000002	-0.0448896793	0.0749890953	-0.07285902849999999	-0.1743106423	-0.0568205815	-0.0527582729	0.0907207723	0.0417541856	-0.0212860992	-0.077151675	-0.00853574	0.06735956	7.28588573476e-05	0.0045373103233936	0.018824	0.032270799999999995	0.000354342976	0.00104140453264	-0.209096	-0.082041	0.006730725681	0.043721137215999996	-0.00111502	-0.00048192300000000004	1.2432696004e-06	2.32249777929e-07	-0.000234234	9.071799999999997e-05	5.4865566756000004e-08	8.229755523999993e-09	0.000460667	-8.450600000000009e-05	7.141264036000015e-09	2.1221408488899997e-07	0.0	0.0	0.0	0.0
495.36992334556436	-0.8644367034827383	245391.36095539032	0.7472508143281036	754.9927460330513	-0.7720033328893123	0.5959891459922064	570014.0465625274	456.79227497104506	0.2319843152122303	0.05381672250448742	208659.18247322284	464.9242471948226	481.6650132068049	1.078653	32.362492	0.12491881	0.07817919999999999	-0.0187932471	-0.0551175233	0.0339789711	-0.05978511900000001	0.028111277599999998	0.057929552999999995	0.0354447044	-0.0139059315	0.0592111395	-0.0071761929	0.014440341200000003	0.1557766931	0.009062892099999999	-0.1263073068	-0.0827157158	-0.0433808896	-0.0751005166	0.18092354870000002	0.025138634500000003	-0.11000107960000001	0.1581132641	0.0371643908	-0.0798292726	-0.0427289352	-0.08996681029999999	0.0243312734	0.14213720259999998	-0.028624112099999998	-0.0083537197	0.0690226758	0.046153666399999994	-0.0548868918	-0.17083651739999994	0.0935551669	0.0029478375	0.06577852070000001	0.1397799899	0.0004924093	-0.037889342400000005	0.1049924473	0.0428420407	0.1247297619	0.09561838	0.0168791167	-0.070359877	-0.033673264700000004	0.0140659557	-0.0118914879	0.1052734494	0.0160305576	-0.0453475201	-0.0426505111	0.0198067031	0.0946328669	-0.0080525749	-0.0218792744	-0.1463115755	0.18601850820000002	0.048760718099999996	0.020444496	-0.1289821825	-0.042952934500000005	-0.0519722325	-0.0349267698	0.0401315252	0.0033289359	-0.1109189443	0.0014870231	-0.0763937299	-0.0421659492	0.0432375288	0.09748853960000001	0.0083897776	0.0460264595	-0.0419962378	0.0042504535	-0.054496774299999995	0.0484076088	0.1255037371	0.0172616822	-0.0337812953	-0.0514577064	0.0353094762	-0.0737160966	-0.0998059416	0.0620736159	0.0565672168	0.10164972359999999	-0.0998210507	-0.1548193817	-0.10939348759999999	0.1153431018	0.0155715359	0.0679280853	-0.0411916329	0.1292879267	-0.0190343375	0.1503604203	0.0916528583	0.0627304235	-0.037365840899999996	0.1049029818	0.023279431200000002	-0.1127905999	0.0316642285	-0.0330019965	-0.0180036959	0.0041027968	-0.1058188336	-0.0249860617	-0.0081834903	-0.0655395743	-0.0249797165	0.09178850179999999	0.0083166263	0.0640668357	-0.1665156993	0.08864486449999999	-0.10881785320000001	0.0984051968	-0.0245905218	0.063579	-0.1303370173	-0.0516836438	-0.0466191186	0.1199343316	0.046658932	0.0687000131	0.0309341546	-0.0039789291	-0.0207584756	-0.028044598599999998	-0.0547609399	-0.0949902271	-0.0152623801	0.0694418406	-0.0355140372	-0.1029783008	-0.08399794029999999	-0.0717325677	0.046430983200000005	0.0991557866	0.0561700273	0.039181662	0.011484086299999998	0.1494283026	0.1531300642	-0.1319362688	-0.1276065463	0.0305453608	0.1099910841	-0.0053388925	-0.0273391597	-0.0281748769	-0.07781482690000001	-0.1181980099	-0.0305895095	-0.0729206641	-0.10956299580000001	-0.0758530303	0.0572532854	-0.022488816000000002	-0.1196181092	-0.025361151000000002	-0.1104106458	0.0895714288	0.0379558231	-0.027252848	-0.0827014951	-0.0259829	-0.01744716	0.00067511109241	0.0003044033920656	0.020736900000000003	0.0019129000000000019	0.00043001902161000016	3.6591864100000086e-06	-0.169076	0.04002	0.0016016004	0.028586693775999997	-0.00229279	-0.00117777	5.2568859841e-06	1.3871421728999995e-06	-0.000234234	0.0	5.4865566756000004e-08	0.0	0.000593672	0.000133005	1.7690330025e-08	3.52446443584e-07	0.0	0.0	0.0	0.0
495.48880231207977	0.1188789665154104	245509.1532166593	0.014132208679772069	756.3784494006447	1.3857033675934645	1.920173822959868	572108.3587177236	456.1585503079817	-0.6337246630633331	0.4016069485747351	208080.6230190795	464.29704970668814	479.0609944540567	1.052658	31.582558	0.08595664499999997	0.0542611	-0.0028733437	-0.0603234955	0.037125728399999995	-0.13142249720000002	0.024681060499999997	0.0230448289	0.0699619827	0.0809638471	0.076752852	-0.036785429	0.0687428578	0.0061721206999999995	0.0748177382	0.0541996351	-0.0514245133	0.1049664462	-0.13725452189999998	0.16038335	-0.0235993007	-0.025867564500000002	-0.0072110074	-0.047681309299999995	0.0191187942	-0.05804968360000001	0.1010947757	-0.12922994529999998	-0.1238412782	-0.0322473388	0.1437697379	-0.031351175	0.0680139757	-0.0146182471	0.1084318884	0.0392953531	0.027646292599999997	0.0149580752	-0.057656907599999994	0.0205194151	0.0055190089000000005	0.0445741038	-0.0033692153	-0.0500218884	0.023438085499999997	0.0927440086	-0.0048859712	-0.024141593700000002	0.0239606997	-0.0647773173	0.12433210859999999	0.0408477603	-0.0649281276	0.051493146	-0.0394353212	0.06886187440000001	0.048004283200000004	-0.0069667798	0.0550339681	0.09693990109999999	0.18115183640000002	-0.0008175083999999999	-0.09699186480000001	0.007011790899999999	0.0007391333	0.0736451974	0.003054247	0.05939661860000001	-0.0356931332	0.0599079025	-4.029e-05	-0.0261360932	0.0407861844	0.053248920199999994	0.076234911	-0.019473508	0.0091067643	-0.1026353532	0.0349052801	0.0341422854	-0.05809774030000001	0.007725590799999999	-0.0860620778	0.053749785700000004	-0.046015701	0.07402448360000001	0.08941797789999999	-0.0839131008	-0.0493142328	-0.0202230009	-0.0770046764	-0.1635948965	0.0238257765	-0.000988169	-0.0583012006	0.09507449609999999	0.197051897	-0.0062115912	0.1601030212	0.0393638699	0.0075272944	-0.06704980370000001	0.0936544525	-0.0021932538	0.069124845	0.008355814	0.0427740708	-0.0268350898	-0.018493805500000002	0.067130912	-0.0941619555	-0.1114829398	0.047866718899999994	0.023250201600000003	-0.0418681079	0.0794714779	0.0001999246	-0.0518542949	0.0274166102	0.011220446	-0.2125055058	0.0612851891	-0.066436537	-0.06626541059999999	-0.0968872872	0.0234622095	0.0212275383	0.0303605692	0.011908703	0.0416295235	0.0487277955	0.0294875984	-0.05546578	0.027526597799999997	-0.065037232	0.0116729129	-0.0047474071	0.0798281667	-0.026556397599999997	0.0367362233	-0.0429390997	-0.0110013807	-0.0592067346	0.0191121103	0.0673744265	-0.0147990832	0.038277350099999996	-0.0814091842	0.134840022	0.1453644679	-0.050827983	-0.1059239736	0.07943846110000001	0.0023046235	0.0669918008	0.0080926496	0.11899440970000001	-0.1065314194	0.16090771550000002	0.0956533835	-0.0872048133	-0.018910941	-0.0691418685	-0.0224357717	0.058665575199999986	-0.016855022	0.012239473600000002	0.0883907642	0.0341043759	-0.033133849300000004	-0.087788815	-0.0342809	-0.008298000000000003	0.00117518010481	6.885680400000006e-05	0.013499	-0.007237900000000002	0.000182223001	5.238719641000003e-05	-0.169093	-1.6999999999989246e-05	2.8899999999963437e-10	0.028592442649	-0.00130149	0.0009913	1.6938762201e-06	9.826756899999998e-07	6.20039e-05	0.0002962379	3.844483615210001e-09	8.775689339641001e-08	0.000473135	-0.00012053699999999992	1.4529168368999985e-08	2.23856728225e-07	0.0	0.0	0.0	0.0
495.69985171039804	0.2110493983182664	245718.3429857106	0.04454184853050228	757.0452162536409	0.6667668529961475	0.4445780362543861	573117.4594525219	456.2591661674672	0.10061585948545826	0.01012355117999748	208172.42671183246	464.4810904525401	483.1969812230301	1.020818	30.627287	0.07036451500000003	0.037398	-0.029749676200000002	-0.0371916735	-0.0078232808	-0.009314052199999999	0.0260941313	0.0032826076	0.0460525838	-0.0189485974	-0.0947981778	0.0054076492000000006	-0.0044446678000000005	0.0197839923	0.0465819537	-0.054377908200000005	-0.1226307243	0.1081895408	-0.0136248996	0.0006801277999999999	-0.096730101	0.0313344883	0.1422279196	0.012658928	0.055140811500000005	0.098286141	0.1263573493	-0.0745400354	-0.0372082515	0.1823579928	-0.0185081974	0.0332831673	-0.13097690380000002	0.1212826732	0.023688160899999998	-0.0639120983	0.0822273137	-3.46696e-05	0.0186041361	-0.0043742745	-0.049473467199999996	0.057992153	-0.0726263427	-0.055973979699999996	-0.0298746102	0.1453118259	0.0078988685	-0.0501241673	0.0208472125	-0.0512618648	0.1090721516	0.0127832382	-0.041639137	0.0195822496	0.1106321111	-0.0348702796	-0.06860095969999999	-0.0638332266	0.08982775609999999	-0.0476111153	0.0209686629	-0.0506420067	0.0390496625	0.0128314455	-0.0260613627	-0.1219704196	-0.027386545800000002	0.050330715899999996	-0.023511826200000002	-0.035237866	0.064130797	0.0192428343	0.1081020625	0.0738556147	-0.008571755600000001	-0.044235377	0.0758802587	0.0523250546	-0.0822581386	-0.083120709	0.0203655656	0.08505206109999999	0.0153864437	0.0167119801	-0.0015575545999999998	-0.0006323238	-0.16877566030000002	-0.0205621195	0.0183845932	-0.11779952099999999	0.055096889	0.005186318499999999	0.0704445656	0.1054224832	0.1501726369	-0.058829978899999996	0.067005946	-0.09361030779999999	0.024241429	0.0177615247	0.0443876398	0.0724300665	0.15242309240000002	-0.1493274041	-0.1290146528	0.0392661905	-0.0555121392	-0.0473106129	-0.016196516799999998	0.0446583645	-0.0934176565	-0.0630722208	0.055820494299999995	-0.05959991730000001	0.12578124289999998	-0.0368800152	-0.0459969964	-0.0609512442	0.045131414800000005	0.001357938	-0.0332976612	-0.09958634289999999	0.029075951800000006	-0.0140987949	0.08395051810000001	-0.0517856812	-0.0700836133	0.0061044685	-0.1085507241	0.0087502768	0.056382728	-0.0119861642	0.1042530944	-0.0143972315	-0.0162513766	-0.0349495199	-0.101492057	0.0530599268	0.10686709400000001	-0.0601395347	0.1088679304	-0.032646352000000003	0.098196392	-0.0232627061	0.0384247008	-0.0536145204	-0.1023361207	-0.0272594031	-0.1577716546	-0.0837965673	0.0648995275	-0.0407746688	-0.0621331305	-0.1523836361	-0.0249702017	-0.049772816799999994	0.09788942839999999	-0.1996151906	-0.11029523140000001	-0.0331331536	-0.065957952	-0.0457894243	-0.069490416	0.161287504	0.0813619756	-0.011372848100000001	0.059313865599999994	0.08717919119999999	0.0302052306	-0.0389105992	-0.0923851842	-0.00407999	0.030200910000000008	1.6646318400100007e-05	0.0009120949648281002	0.015968200000000002	0.0024692000000000013	0.0002549834112400001	6.096948640000006e-06	-0.188223	-0.019130000000000008	0.00036595690000000027	0.035427897729	-0.00146312	-0.00016163000000000004	2.1407201344e-06	2.612425690000002e-08	0.000140225	7.82211e-05	1.9663050625e-08	6.118540485210001e-09	0.0006045719999999999	0.00013143699999999993	1.727568496899998e-08	3.655073031839999e-07	0.0	0.0	0.0	0.0
496.2362639308277	0.5364122204296677	246250.4296400261	0.28773807022628645	756.119933700038	-0.9252825536028696	0.8561478040018471	571717.3541385499	456.2550615678306	-0.004104599636548301	1.684773817635244e-05	208168.68120626488	464.3405143254444	489.3445864364956	0.959535	28.78862	0.03401452099999998	0.0149786	-0.055049705	-0.0153358898	-0.0276605344	0.0023296938	0.0247230211	0.0160520826	0.0152414712	-0.0029044161	-0.0163553671	0.0556103805	-0.0818143645	0.0873077986	-0.0488364829	0.0014135651000000001	0.0009088088	0.0111933676	0.0637957801	-0.0147821728	-0.11189208640000001	-0.06281555	-0.0436912109	-0.0389245994	0.0095851775	0.029642423799999998	-0.08277973549999999	-0.032823355	-0.051521406	-0.1346845079	0.1115679985	0.0946080035	-0.1224601396	-0.0120081599	0.0587347307	0.0610882549	0.113762821	-0.0638512039	-0.0721789858	-0.1594497899	-0.051166355700000006	-0.0387069296	0.014898566499999997	0.0611376554	0.11295109060000001	-0.0683588917	-0.0997790848	-0.0491079079	0.0064611357	-0.0533572829	0.0972131912	-0.0114207105	-0.0178763005	-0.0314294386	-0.11172990990000001	0.0366301305	0.0404818824	0.023340370699999998	0.0989629421	-0.0356519983	0.1101089669	0.1025031556	0.11843189679999999	0.0042651095	0.14074655560000002	-0.08787262439999999	-0.000723492	-0.0948830311	-0.0005711752	-0.1077074604	0.1018743462	-0.0518967234	-0.017275700800000002	-0.1317597619	-0.09124951070000001	0.0137621253	0.1477584004	0.0351434241	0.0235318602	-0.0963024825	-0.056155105999999996	0.0021420473	-0.1533648216	-0.1066424901	-0.015144621200000001	0.12688378050000002	0.019811210200000002	0.1059075677	-0.032324893	-0.1832387125	-0.0225183794	-0.0670796032	0.0627772559	0.09193127710000001	0.1013004595	-0.11165438720000001	0.0446683418	0.0246738559	0.015137106899999999	0.0404484014	-0.00112474	-0.0117558808	0.0305319521	-0.0351492647	-0.017573096599999997	0.085872517	-0.0284381352	-0.0493402399	-0.0062535751	0.053523669	-0.10222472140000001	-0.0036864401	-0.0078433199	0.0056260964	-0.1037307519	0.0472005583	-0.025219192799999998	-0.0490636685	0.1346961321	-0.0374131885	-0.06851181740000001	0.0546848245	0.0418740155	-0.0055457964000000005	0.18626774	-0.1250472148	-0.0327862792	-0.0650309583	0.052305891900000005	-0.106699584	-0.0130358004	0.0267849971	0.1814296573	0.008707079599999999	0.14081107269999998	0.0770487605	-0.0962295292	-0.0414792101	0.0711366662	0.1248637237	-0.0356558076	-0.0173100356	0.0254900367	0.0532229188	0.068011265	-0.11088993970000001	0.1517338549	-0.0433957662	-0.0661773329	-0.005700792099999999	0.0393087065	-0.1381953493	0.0810859923	-0.0915983591	-0.0491533833	-0.1290555906	0.07930103349999999	-0.0027863076000000002	-0.0196690721	-0.027890193599999998	0.0001322946	-0.0092058109	-0.0182966278	0.009084915899999999	0.0825562955	0.023000239900000004	-0.0392947933	0.08593713359999999	0.0262638406	-0.044564922	-0.09646489789999999	-0.0126311	-0.00855111	0.00015954468721000002	7.312148223210003e-05	0.00660531	-0.009362890000000002	4.36301201961e-05	8.766370915210004e-05	-0.192651	-0.004427999999999988	1.960718399999989e-05	0.037114407801	-0.0013903600000000006	7.27599999999994e-05	1.9331009296000013e-06	5.294017599999913e-09	-7.10342e-06	-0.00014732841999999998	5.045857569640001e-11	2.1705663339696404e-08	0.000617934	1.3362000000000053e-05	1.785430440000014e-10	3.81842428356e-07	0.0	0.0	0.0	0.0
496.52103861723486	0.28477468640716097	246533.14178953762	0.08109662201829687	755.8346827300297	-0.2852509700082919	0.08136811589067146	571286.0676176047	456.6003725320768	0.3453109642461527	0.11923966202860775	208483.9001964313	464.6615234632383	494.8853671669618	0.972439	29.175785	0.030543731	0.0151668	-0.0774112225	-0.008048244	-0.060966542400000004	-0.042972881100000006	0.0110264205	-0.003493275	0.0045408465	0.0145993149	-0.0837941671	0.0327635317	-0.06106833110000001	-0.0656858747	-0.0539689832	0.005260829200000001	0.0404515738	0.0832847919	-0.0620757258	-0.085922256	-0.0322756481	-0.0377514895	-0.0769022362	0.1291149309	-0.0178293807	-0.0987854699	-0.1611098997	-0.1310565659	-0.04623983809999999	-0.09741927269999999	0.0135086109	-0.0740952163	0.0816443433	-0.0836902118	-0.10644610210000001	-0.08767086	0.1089555062	0.0352681848	-0.023979223199999997	0.1701402916	0.043456122400000005	0.0249153471	0.053192125800000004	0.1593872152	0.0713048533	0.013076651699999999	0.06903955889999999	-0.044878406399999994	-0.0088792091	-0.0148496202	0.0629723269	0.059340993099999996	-0.0655739829	0.0979170128	-0.0145703548	-0.056717359400000014	-0.0842049282	-0.0569417004	0.0122696871	0.0618066925	-0.1018692911	0.12455607630000001	-0.09629783539999999	0.0314710481	0.1009167003	-0.0532248466	-0.0010074346	-0.1577081691	0.0185212298	-0.1627433383	0.10810668539999999	0.08719488339999999	0.093547487	0.0727500805	0.0850781793	0.0142045271	0.0288353841	0.18282225219999998	-0.0910799594	-0.021247287799999997	0.05961296889999999	-0.07432212690000001	-0.1447142779	0.0192989075	0.016882272099999998	-0.0031031836	-0.08889581419999999	-0.0081684677	0.0351212878	-0.0156648444	0.028573803999999998	0.0262841699	-0.0471869065	0.044137774500000004	0.0690479294	-0.16900853600000001	-0.0129060445	0.070032569	0.05211773150000002	0.0595525369	0.1868782447	0.049134959699999994	-0.0920090699	-0.0298611084	0.043880927400000005	-0.025244274100000002	0.0235606447	-0.0477588003	0.0126910848	0.011235688	-0.0361468619	-0.11336926630000001	0.0596923174	0.051485704900000005	0.0372514419	-0.0464765742	-0.0488439393	-0.0383621428	-0.0440804445	0.10545927140000001	0.1092688332	0.1127275602	-0.0374915733	-0.0155431004	0.0583704314	-0.1415141485	-0.0490457642	-0.0146578163	-0.0055601467	-0.2409297268	0.1182702653	-0.0209479332	0.0228764476	-0.10347961800000001	-0.0022146682	-0.0296413664	-0.08964139060000001	-0.1194958952	0.07071992839999999	-0.1359579043	-0.0434588218	-0.0009328241	0.1360909944	0.024708581	0.059185283	-0.0092189138	0.0584368427	-0.047028182800000005	-0.011338961100000001	-0.0959262347	-0.0048033084	0.0486989146	0.038623844	-0.002663667	-0.0699425686	-0.0201902669	-0.016133996	-0.06670224799999999	-0.1060859813	0.0851722622	-0.0744237445	0.0695618334	0.1461654756	0.084694726	-0.021925395299999997	0.060273988	-0.0101549801	0.0846650256	0.0222857183	-0.0500790271	-0.1000051409	-0.008804219999999998	0.003826880000000003	7.751428980839998e-05	1.4645010534400022e-05	-0.00323792	-0.00984323	1.04841259264e-05	9.68891768329e-05	-0.190207	0.0024440000000000017	5.973136000000007e-06	0.036178702849	-0.00146312	-7.27599999999994e-05	2.1407201344e-06	5.294017599999913e-09	0.000186945	0.00019404842	3.4948433025e-08	3.7654789304496404e-08	0.00059615	-2.1783999999999953e-05	4.745426559999979e-10	3.553948225000001e-07	0.0	0.0	0.0	0.0
496.600526668968	0.07948805173310802	246612.0830878964	0.006318350368325257	755.8846992155713	0.05001648554161875	0.0025016488259349576	571361.6785082148	457.20394008485687	0.6035675527800777	0.3642937907689319	209035.44282911735	465.22191177529436	491.4413020274956	0.965381	28.964033	0.05577891500000003	0.026347	-0.0722407522	-0.0028237067	-0.022115134900000003	0.0412163896	0.0407421683	0.0344139797	0.0394715698	-0.0087482442	0.0238078654	-0.0021876965	0.035434460200000004	-0.0167582132	-0.0212841717	-0.027939467200000002	-0.04402419	0.0021466224	-0.036124882999999997	0.090680045	0.012751376799999999	0.1584435679	-0.0821834248	0.06399269610000001	-0.09876556210000001	0.0326837195	-0.009200558900000001	0.0025471577	-0.0204042942	-0.0250910876	-0.005263313299999999	-0.0755560012	0.024822463399999998	0.13503531400000002	-0.0502914444	-0.1300537483	-0.0065959967000000005	-0.0902263965	-0.0900492044	0.0190225096	-0.0636894116	0.1096970975	0.08468788220000001	-0.0602032063	-0.037465337599999995	0.0346844058	-0.0979339985	-0.0548660872	0.0013114370000000001	0.0347637542	0.0606295388	-0.0009449939	0.0038356449	-0.0163936161	0.0807940612	-0.028076320800000002	0.152383196	-0.1406101554	0.0005006966999999999	-0.0037324603999999996	0.013131086	0.0703542657	0.1773252715	0.030423269	-0.0150918126	0.0998090273	-0.030753381	0.0442612514	-0.0556814325	-0.0184082189	0.1021415443	0.06497794030000001	0.011953530300000001	-0.0856220624	0.199021762	0.1196991204	-0.0583781388	0.0008725761	0.0212496059	-0.0305314309	0.039634171600000004	0.0971917647	-0.0841089402	0.072944198	0.1005585915	0.0438136525	0.038134902400000004	0.0293084623	-0.07633403309999999	0.0978592323	-0.0894688999	-0.0036570338	-0.12022897269999999	-0.0205122698	-0.0573414312	-0.12129579789999999	-0.0977675672	-0.0583356783	0.021545545299999996	-0.0930076658	0.0202657752	0.0682579131	0.0439971937	0.0930026376	-0.0315032586	-0.1911761577	0.08923279279999999	-0.054670921500000004	0.0046073383	-0.034152953	-0.0688717616	0.012552416799999999	-0.0327721015	-0.0723794249	0.0233564375	0.0256173678	0.1322652199	-0.14429987800000002	-0.0722734094	-0.0090180748	-0.0409039869	0.0683850857	0.0640325987	-0.0399675196	0.1528793615	0.08762165429999999	0.0460292074	0.07218653650000001	-0.1105958275	-0.040072574900000005	0.1299773243	-0.003162201	-0.1334944939	0.07921806519999999	0.06332149299999999	0.0631411732	0.0292239163	-0.0942131098	-0.0859624745	0.0979862559	0.0167558998	-0.06644166309999999	0.11715151380000001	-0.00013734969999999998	0.1215121062	0.0888178077	-0.0195867817	0.06686902410000001	0.014762086	0.1052223943	-0.0262809739	-0.0022498223	0.0504387129	0.15156453179999999	-0.025119572000000003	-0.054469688499999995	0.0403168158	0.0521128685	-0.1377043545	0.0924113166	0.0720399752	0.09127448699999999	0.0832786058	-0.0291182535	-0.07189097259999999	-0.114625775	-0.0618320993	0.0833633121	0.0182764273	-0.055435565	-0.10298611449999999	-0.0186457	-0.00984148	0.00034766212848999994	9.68547285904e-05	-0.00613393	-0.00289601	3.76250972449e-05	8.3868739201e-06	-0.210991	-0.020784	0.0004319746559999999	0.04451720208099999	-0.00174696	-0.00028384000000000005	3.051869241600001e-06	8.056514560000003e-08	7.78455e-05	-0.0001090995	6.059921870250001e-09	1.1902700900249995e-08	0.000648359	5.2208999999999994e-05	2.725779681e-09	4.20369392881e-07	0.0	0.0	0.0	0.0
496.93761400667466	0.3370873377066914	246946.9922146468	0.11362787324218505	756.1930071125466	0.3083078969752933	0.09505375933732804	571827.864005916	457.03786330474213	-0.16607678011479265	0.02758149689329719	208883.6084941641	465.1742381321924	498.10862725883806	0.9874750000000002	29.626917	0.116012715	0.0627583	-0.0964237942	-0.0038567626	-0.0785731227	-0.0453568464	0.0699760433	-0.0042766357	0.0092351426	0.10348039199999999	-0.015924758	-0.085989071	-0.0850795667	-0.0087720178	0.04513500769999999	-0.027863208100000002	-0.0113730561	0.0100600042	0.01959746	-0.012814721299999998	0.1384454914	0.0029505015	-0.05778299360000001	-0.0206600822	-0.0166494202	0.0804509097	0.0418098447	-0.0035286047999999997	0.005916792099999999	0.1106612353	0.061607129299999994	0.046286210300000005	-0.009427463	0.1366505255	-0.0112326099	-0.054135731299999997	-0.1707342143	-0.0033812184	0.0746840312	-0.0172233912	0.1796241091	-0.069439525	-0.16618345029999998	0.053091210300000004	0.0111607835	-0.011387250600000001	0.0768926321	-0.0839981017	-0.0307110677	0.004189345	0.0289405254	-0.0317364614	-0.0515882449	0.1130963147	-0.044175651399999995	0.0014953385	0.0739218334	-0.0808542085	-0.0773783804	0.1310118601	0.1350247075	-0.0403799708	0.11271330880000001	-0.08854353429999999	-0.047737663300000004	0.0998745735	-0.1407561144	-0.0364838113	0.0210804368	-0.02975516	0.052578886	0.052531699	-0.0307992029	0.0620145826	-0.039166053199999995	-0.0625097757	-0.009951980400000001	0.1713987941	-0.0055933563	0.0455928721	0.0675253137	0.0481311346	-0.1249353568	-0.023595767799999997	0.07189430320000001	-0.092776524	-0.12824323880000002	0.050767345	0.0583769395	0.05591752480000002	-0.0272933112	-0.065264962	0.07720833719999999	-0.1527664082	-0.0277465008	-0.048851493600000004	-0.0329919221	0.0094978192	0.0734559841	0.005360917	-0.08833883869999999	-0.1318589471	-0.0799148407	0.0316187578	0.0067717812	-0.013620181100000002	0.0540062117	-0.08126439049999999	0.0303917496	0.0002822477	-0.020059726	-0.0322612713	0.083969123	0.0981429665	-0.0349072964	0.0568433749	0.0918642953	-0.025807635899999997	-0.0946001237	0.059504786500000004	-0.1604786383	0.0033253537	0.1762213169	-0.0733542534	-0.0029847728000000004	0.11749948	0.0141565115	0.00580524	0.0307487377	-0.07577356360000001	-0.0018708967000000002	-0.0857590475	0.078269195	0.024032744300000002	0.0024173313	-0.0523099508	-0.0085109817	-0.1448679981	0.041566119900000004	-0.1041093938	-0.0988518934	-0.0406728626	0.049556473600000005	0.09957703849999999	0.0891870656	0.020922641000000002	-0.044620979000000005	0.0530472801	0.056527876399999996	-0.11185909720000001	0.0465383262	0.16061776279999998	-0.0203270443	0.012009073799999999	0.0570894634	-0.023830904500000003	0.08365332730000001	0.1709932384	0.0708414335	0.0231250938	-0.051996603899999994	0.0038497952	0.0043277138	-0.054659987400000005	0.0632031393	-0.0224923004	0.06314335830000001	0.0820324483	0.0142415751	-0.0606176821	-0.105391148	0.00217852	0.02082422	4.7459493904000015e-06	0.00043364813860839984	-0.019431	-0.01329707	0.000377563761	0.00017681207058490005	-0.201366	0.009624999999999969	9.264062499999937e-05	0.040548265956000015	-0.0027211	-0.0009741399999999996	7.4043852099999984e-06	9.489487395999992e-07	-0.000234234	-0.0003120795	5.4865566756000004e-08	9.739361432025e-08	0.000807468	0.00015910899999999994	2.5315673880999986e-08	6.52004571024e-07	0.0	0.0	0.0	0.0
496.9558805654773	0.018266558802622512	246965.1472286089	0.000333667170489666	754.9312010840262	-1.261806028520482	1.5921544536106311	569921.1183701704	457.58968738127436	0.5518240765322844	0.30450981144070843	209388.32199769237	465.7023484474982	487.8669366813567	1.297243	38.92078	0.25877641999999995	0.141583	-0.0350273602	0.0223266294	0.0830870809	-0.0271376262	-0.0079037933	0.055574194800000004	0.1030336408	-0.1351189665	-0.0825076001	-0.09577669720000001	-0.07609843990000001	0.1511886864	-0.0112065357	0.1392947668	-0.0922747199	-0.0265855516	0.0651792559	-0.0822424287	0.07289641349999999	0.18861845100000002	0.12333484380000001	-0.0972023473	0.1058406023	-0.0770478272	-0.1924354704	0.0202108077	0.0857712653	0.043784950499999996	0.0623386527	0.0057733343	0.052981268399999996	0.0374717277	0.0850662318	0.0361369447	0.0959960947	0.0910212316	-0.05852823	0.1867818382	-0.0650098574	-0.1387617989	0.080950624	-0.0593301681	0.049154913	-0.077391713	0.07984127120000001	-0.0320473848	0.0412774038	0.1328137469	0.029875174900000002	-0.0661959525	-0.0590351953	-0.031447482400000004	0.0226244611	0.0348536362	-0.226216578	0.07108327099999999	0.2127582734	-0.09845580609999999	-0.1071393622	-0.0604397325	0.047725298	0.0316151077	-0.1221796027	0.0240085871	0.0144357532	-0.180089172	0.0029754163	0.0615173718	-0.0284108755	-0.023664080299999998	-0.2711822599	0.1038943393	-0.0340139197	-0.1382640608	0.041931954900000006	0.0408782719	0.17543061629999998	-0.0270822764	-0.12254498230000001	0.0013441133	0.186780991	-0.0065773374	0.05879183900000001	-0.046820846	-0.11584106039999999	0.0772243896	0.1197805419	-0.0429849645	-0.0961484275	-0.10130620039999999	-0.1408345619	-0.0124555803	0.048113769	0.0772299471	-0.041564083700000004	0.023913126899999998	0.0259216946	0.1435721322	-0.1165790441	0.0860646745	0.12807073970000002	-0.015031588500000003	0.07836952009999999	-0.1170674292	0.0404652577	-0.034695442	-0.0476529683	-0.1335144539	-0.039583805	0.0367984567	0.0864755642	-0.040581238	0.045619182300000005	-0.0530368975	-0.24109635989999997	-0.0177136624	0.20854936640000002	0.056123895300000004	0.127307109	-0.0627508779	-0.0536861209	0.11241931699999999	-0.0117877298	0.168367727	0.0183424867	-0.051388336500000006	0.08381963320000001	-0.0568305962	-0.2504376397	-0.1134968393	0.0070456884999999985	0.2136918305	-0.08776593939999999	-0.1666517477	0.0250691836	-0.0668676653	-0.0183768717	0.12258740779999999	0.134493009	0.0535524659	-0.0341489018	-0.032273274399999996	0.0060623291000000004	0.0829689148	-0.0388108812	-0.046919044400000005	0.0637821643	-0.1949354875	-0.07255360599999999	-0.0011103838	0.0800324915	-0.026418479100000003	-0.0127441745	-0.029231988100000002	-0.0057369617	-0.0651754295	-0.08435869730000001	-0.086153063	-0.1323449509	-0.068053309	-0.1194065394	-0.1139908259	-0.1458512821	-0.08694785470000001	0.026602045699999997	0.0806728995	0.0101868048	-0.06560907349999999	-0.1072067914	0.051787900000000005	0.04960938	0.0026819865864100003	0.0024610905839844003	0.100484	0.119915	0.010097034256	0.014379607225000004	-0.187122	0.01424400000000001	0.00020289153600000018	0.035014642884000004	-0.00194991	0.0007711899999999997	3.8021490081e-06	5.947340160999996e-07	-0.000234234	0.0	5.4865566756000004e-08	0.0	7.84972e-05	-0.0007289708000000001	5.3139842725264e-07	6.1618104078400004e-09	0.0	0.0	0.0	0.0
497.27596942882	0.32008886334273257	247283.38977137272	0.10245688043604252	754.062125397135	-0.8690756868911649	0.7552925495453501	568609.6889584445	457.1748534314736	-0.4148339498007658	0.1720872059073043	209008.84661008933	465.2539188615296	490.3379020199337	1.1276620000000002	33.832882	0.22004949	0.118706	-0.0593365323	0.0176247628	0.08869359	0.006952450400000001	-0.0029069097	0.0920642271	0.066488438	0.047684907	0.033159396699999996	0.0514907026	-0.0548728771	0.0344009521	-0.042395385099999995	0.166269936	-0.0059858488	-0.083754959	0.0549264958	-0.173220437	0.0705997664	-0.0199019017	-0.0524616232	0.0718657935	0.07715730679999999	-0.1037631708	-0.0676483496	0.0865013413	-0.0775382223	-0.10519313640000001	0.0720157037	0.0770525165	0.0097664357	0.0434197654	-0.10392329550000001	-0.0600907189	0.11200153539999999	-0.0127492038	-0.10953661199999999	-0.044777005999999994	-0.1205294338	0.1900694549	-0.0746476588	-0.1640112991	-0.1058815949	-0.0409531506	0.0340793704	-0.0556134848	0.09158483279999999	0.0944667591	0.034009023900000004	0.0095682218	0.046517678	-0.1255203629	-0.1044838369	0.11281373800000001	-0.19002234910000002	-0.0384695335	0.09163531789999999	0.0271724117	-0.053556279400000004	-0.1993403965	-0.0522548552	0.10487887650000001	-0.1251932254	0.0473872739	0.0612454312	0.0410649076	-0.07046445280000001	0.1174847777	-0.0086535638	-0.029305712799999998	-0.0959622032	-0.1839510398	0.1932527478	-0.20112154920000005	-0.067293359	0.0859716546	0.031198345	0.1944075629	0.124976854	-0.0758726113	-0.0812338522	0.1165810095	-0.0223476181	0.21699376829999997	0.0707698087	-0.06908947929999999	0.0660333977	-0.0007971434	0.0157472439	0.0574203911	0.0016846347	-0.0592884367	0.070733928	-0.024690592	-0.1463158324	0.035156115	-0.07254955769999999	-0.010652073799999998	-0.0547323131	-0.0727845993	-0.0767900783	0.0634057997	-0.0621326242	0.0725994138	-0.054577535999999996	-0.0587020378	-0.09285501730000001	-0.0893709761	-0.0339507803	0.028488949399999998	-0.0663484968	-0.0098688253	-0.1001112772	-0.0032686659000000003	-0.2371829375	-0.0379798376	0.0015309589	0.07271696059999999	-0.0202502405	-0.1794452146	-0.1610413055	0.0353361015	-0.082226217	0.0726243452	-0.0383305646	0.1030347213	-0.0428532093	0.092519561	-0.103040375	0.054872673899999995	-0.0433366183	0.1460460577	-0.0659768978	0.2087106346	0.10324831109999999	-0.20848118010000002	-0.0745731158	-0.1440548823	-0.045681152	-0.0590271298	0.1565908065	-0.1476765321	0.0288209827	0.1025479524	0.0558374939	-0.1797473796	0.0459177617	0.0930262567	0.0274931775	0.00761178	-0.0230742098	-0.0281017176	0.05654344240000001	0.0338829683	-0.0200671342	0.1421773872	-0.049011378700000004	-0.1277807114	0.11375936800000001	-0.0263927702	0.1094946825	-0.1389774647	0.102983085	0.0943378249	0.013846103	0.0792851412	0.0061177874	-0.07039403450000001	-0.108422891	-0.034194800000000004	-0.08598270000000001	0.0011692843470400005	0.0073930246992900015	0.131495	0.031011	0.017290935025	0.0009616821209999998	-0.186702	0.0004200000000000037	1.7640000000000311e-07	0.034857636804	-0.00351771	-0.0015677999999999998	1.23742836441e-05	2.45799684e-06	-0.000423009	-0.000188775	1.7893661408100005e-07	3.5636000625e-08	0.0003746380000000001	0.0002961408	8.769937342464001e-08	1.4035363104400005e-07	0.0	0.0	0.0	0.0
498.0559848372331	0.7800154084130781	248059.7640321861	0.6084240373618212	756.2475990972142	2.1854737000792284	4.776295293737993	571910.4311403008	457.10521702002234	-0.06963641145125621	0.0048492297998086464	208945.1794269217	465.236877929366	500.51165089524056	1.162565	34.880081	0.2029373	0.0920319	-0.1123839542	0.0106035256	0.0041403452	0.000347115	0.0929870131	0.048901916600000005	0.0859367966	0.05723044820000001	-0.0191726367	0.1385144407	0.0608406032	0.0540030443	0.20344558149999997	0.0258301513	-0.041835679	0.0063301818	0.0902826364	-0.10119345910000001	0.0557545868	-0.0360141977	-0.16150760109999998	-0.1146495965	-0.051510040099999994	0.0120349594	-0.0611870446	0.0041935344	-0.0826662168	-0.0611390765	0.0189766264	-0.0636688469	0.0164070122	0.1724587019	-0.1773726076	0.0170074094	-0.0197316239	-0.026456032	0.0519245178	0.0986054655	0.0147146299	0.1413348757	0.0348495666	-0.036533363	0.0113505989	0.0810194079	-0.07099739990000001	-0.0916474784	0.0324681075	0.061720588	0.0549972183	0.0427431957	0.0492300478	-0.0930384223	-0.05580291019999999	-0.1187810659	-0.0390811083	-0.10468771810000001	-0.0358970258	0.1505022166	0.0085362736	-0.063872656	-0.09720317810000001	-0.0340734702	0.023941857799999997	-0.1321161544	-0.1275880355	0.0092876469	-0.1108867517	-0.0670086456	0.0440810125	-0.1199207603	-0.035919108	-0.16364841089999999	-0.028108127599999998	-0.0234945684	-0.0859560685	0.0712270297	-0.0643692169	-0.1667581081	-0.08959884970000001	-0.0707516988	0.0950622318	-0.0288159558	-0.1227556733	-0.0545795892	0.0070798505	0.0038201147999999997	-0.10981325730000001	0.1734945126	0.063840517	-0.08629428869999999	-0.044901111900000006	0.0258931969	0.0041947475	-0.0291888923	0.1441469504	-0.11195199480000001	0.0451246874	0.0686052875	-0.1391540385	-0.044623695899999996	-0.11218787279999999	-0.0194986553	-0.0198304095	0.1305634592	0.0717060974	-0.0928761677	-0.029491206000000002	-0.0548197287	-0.0363142006	-0.040393716600000004	-0.0548682468	0.0174437494	-0.0347812766	-0.1507894262	-0.008797567	-0.07982755429999999	-0.11633018789999999	0.07536674	-0.08368039599999999	-0.0135375028	0.0152595727	-0.0596732704	-0.048372873899999995	-0.1026501876	-0.1833186996	0.1308013066	0.09064545859999999	0.0052858501	-0.0216007658	0.15452047230000002	0.05761051	0.0205765215	0.1631212521	0.0117958589	0.14507836300000002	-0.0438027833	0.1002536547	0.028684286899999998	0.169205317	0.027160692900000002	-0.0346473108	0.0515515654	-0.1376642628	-0.09430194800000001	-0.0485279291	0.0290938273	0.1490850282	0.041112564	0.019523176200000002	0.06720472549999999	0.0179117939	0.1405758115	-0.09058082740000001	-0.014786610700000001	0.091691173	-0.0901137751	0.024795439	-0.11334285849999999	-0.0853330941	-0.1021354535	-0.0809158342	0.1041122808	0.056346950800000004	-0.06892036309999999	-0.0740050711	0.0778696586	0.0020402135999999997	-0.0749575099	-0.1090326458	-0.0364785	-0.0022837	0.0013306809622500005	5.215285689999999e-06	0.0957935	-0.03570150000000001	0.00917639464225	0.0012745971022500007	-0.232965	-0.046263	0.002140265169	0.054272691224999996	-0.00282805	0.0006896599999999999	7.997866802499999e-06	4.756309155999999e-07	0.000409911	0.00083292	1.68027027921e-07	6.937557264e-07	0.00122584	0.0008512019999999999	7.245448448039998e-07	1.5026837056e-06	0.0	0.0	0.0	0.0
497.29677632492655	-0.7592085123065431	247304.083743164	0.5763975651587143	753.8708964483783	-2.37670264883593	5.6487154809837286	568321.3285118815	456.66698188991006	-0.4382351301122753	0.1920500292645229	208544.73234843946	464.72041676621393	499.3987627423152	1.049273	31.480999	0.10349565	0.0596421	-0.0681337546	0.056821319	0.0211818983	0.040321845499999995	0.0064516572	0.0708543358	0.0567584657	0.039673025699999996	-0.0423103098	-0.0069159359	0.0150775941	0.1217895842	0.11731458269999999	-0.11067270929999999	0.020694957	-0.0244982904	-0.10233107109999999	-0.11468189849999999	0.138077019	0.0446454542	0.0457915197	0.0163153799	-0.20988558010000002	0.06825941070000001	-0.0067121859	0.055620374900000005	-0.0117772302	-0.026310605600000002	0.0045442733	0.1124655415	0.052962928099999994	-0.0301828137	0.1256363648	0.0252184014	0.0315942908	-0.0248273444	-0.0386598369	-0.06771362339999999	0.060549152599999996	0.10877744269999999	-0.1053651967	0.09255514029999999	0.0891738651	-0.08198310019999999	0.0891190702	-0.0416442942	0.028346204500000007	0.028811549300000006	0.0744585541	0.0533941761	-0.041051359700000005	-0.0809877079	-0.015464540300000001	0.0342287653	-0.151183392	0.1208720739	-0.0027710345	-0.0405256889	0.0081662412	0.1663862221	0.0158096439	-0.0062763058	0.0424322959	-0.007580719699999999	-0.0036673654	0.1391062817	0.0710869925	-0.0492182524	-0.09123065359999999	-0.0339084802	-0.1395764642	-0.1498587872	0.0159519812	0.044755610599999995	-0.0449492924	0.0152597197	-0.0740446506	-0.0157477951	-0.1216726932	-0.1197161474	-0.1265789285	-0.0906033599	-0.0612143535	-0.0020810921	0.08405161380000001	-0.0601730281	-0.0216888002	-0.1074526862	0.0542765858	0.0680033372	-0.0570844136	0.051717039699999995	-0.0680206024	0.0075844403	0.0199549566	0.0847493997	0.0311705689	0.13038078220000002	0.0762555187	0.19067943629999998	-0.015675747099999998	-0.0083191612	0.0168456621	-0.0019389452	0.023854346499999998	-0.0440558298	-0.0314947965	-0.035421036499999996	-0.0643576691	-0.048000243399999996	-0.014109302399999999	-0.0767507531	-0.0173282499	-0.035484613	-0.1727722045	0.0785738208	0.0790995904	-0.060639712199999994	0.032878858500000004	0.1595461803	-0.0033257234	-0.0303316743	0.0201772538	0.00726368	0.0108304767	-0.014211328200000001	-0.0018589097	0.0953448764	-0.1340013543	0.0320069227	-0.083151089	-0.0171671926	0.2123828696	0.0973828425	-0.0039647981	-0.0067565043000000005	0.030759801	-0.0589466304	-0.012985635700000001	0.0056474757	-0.0502746582	0.0674612208	0.0104377024	-0.1375430849	0.1752416577	-0.1005398609	-0.0686289887	0.0168928101	-0.0316850766	-0.11535794279999999	-0.0381841289	0.0728642803	-0.118545435	0.0102567154	-0.1656914881	-0.0625843437	0.0303764885	-0.012547918500000001	-0.1357121715	0.0231536704	0.0823606997	0.012296561999999999	-0.06769808570000001	0.016417709	-0.06267763330000001	0.0764269467	-0.0020402135999999997	-0.0792851412	-0.1090326458	-0.008530849999999998	0.027947650000000004	7.277540172249996e-05	0.0007810711405225003	0.09583050000000004	3.700000000005088e-05	0.009183484730250008	1.3690000000037653e-09	-0.186497	0.04646800000000001	0.0021592750240000008	0.034781131009	-0.00320113	-0.00037308	1.02472332769e-05	1.3918868640000002e-07	0.000409911	0.0	1.68027027921e-07	0.0	0.00101806	-0.00020777999999999983	4.3172528399999935e-08	1.0364461636000002e-06	0.0	0.0	0.0	0.0
495.73558207351977	-1.5611942514067891	245753.76733377145	2.437327490625605	754.4331445468346	0.5622480984562799	0.3161229242177026	569169.3695908249	456.16955970907935	-0.4974221808307106	0.24742882598238025	208090.66720517533	464.2320972587751	493.6252098352514	1.004223	30.129393	0.09638840000000004	0.0467664	-0.0570752737	0.0123610093	0.014786316899999999	-0.0162686722	0.0428421987	0.0777218513	0.014368173500000001	0.0522302838	0.027694611400000003	-0.09317553199999999	0.0724204306	-0.059782073899999996	-0.0123048721	-0.0468858406	0.0419700262	-0.020100885500000002	-0.11985190050000001	-0.08817333039999999	0.082121038	0.0692120544	-0.025562017000000003	-0.0583081799	0.0169264178	0.056944619400000014	0.0672180019	0.0535629695	0.0184161263	-0.0839244715	-0.08121982679999999	0.0035747892999999998	0.20590472280000002	0.029669557599999997	0.0030154719	0.0185181633	-0.1395192602	0.0479275893	0.1175165218	-0.033667856499999996	-0.081813226	-0.0716396549	0.039999751	0.0031465516	-0.1976653968	0.1149383759	-0.0006892516000000001	-0.062303276399999996	0.020705086799999998	-0.0252888733	0.0006876686999999999	0.0850387976	-0.0014959645000000002	-0.0577074327	-0.0844955694	0.0649708847	-0.0084949901	0.034545403599999996	0.0220643339	0.01962627	0.056460088099999986	-0.010167150500000001	-0.1838098175	-0.020175453200000002	0.06432668820000001	-0.0153772697	-0.07587528639999999	-0.0121068464	-0.025221499300000002	0.0273973841	-0.24443626010000002	0.0316923898	0.042826164800000004	0.0349928872	0.021271977	-0.0309927684	0.0134144347	-0.0276109073	0.0231056273	-0.11843170130000001	-0.0474482038	0.06215328570000001	-0.0960965685	-0.0337277764	0.0055090801	0.0466578007	0.1239243687	-0.011481551699999999	-0.0248506518	0.0306232535	-0.123520781	0.102664904	-0.0373294495	-0.0022119165	-0.07173113469999999	0.0925138478	-0.0019432923999999998	-0.1267090926	-0.175196185	0.061990900599999996	0.0638080068	-0.0030267834	0.0718648309	-0.016637046399999997	0.0466351796	-0.0446635626	0.1088708389	-0.0631156103	-0.0208490589	0.0259941989	0.0138213172	-0.0575748354	-0.0568170383	-0.0069619357	-0.0666691651	0.0226002564	-0.07401755759999999	0.0009784167	0.0495013313	-0.0024097772	-0.041808116299999996	0.001305023	-0.0456190206	-0.0798696136	-0.1462915819	-0.07183948400000001	-0.0208785518	0.0229743317	0.1688468923	0.0682645878	-0.029273555099999998	-0.0265052981	-0.0744857419	-0.0977452626	-0.040346885299999996	-0.043402312900000004	0.0061100048999999995	0.0968328615	0.14384238230000002	0.058744564900000004	0.0278722301	-0.054562278	0.0063792615	0.0267826358	0.1218703575	0.0209889641	0.0616159463	0.012236070900000002	-0.1239271915	0.1054082133	-0.1120208643	-0.0702028488	-0.025902248	0.1090561076	0.11761913869999999	0.1460776053	-0.0530768599	0.0839403208	-0.054179398	0.0329531417	0.043008443	-0.0982273284	-0.0806853445	0.0435356237	-0.0682458911	-0.0683999456	-0.0612949007	0.0749575099	-0.0061177874	-0.0833633121	-0.108422891	-0.0451452	-0.03661435	0.00203808908304	0.0013406106259224995	0.0858711	-0.009959400000000037	0.0073738458152100015	9.918964836000071e-05	-0.196312	-0.00981499999999999	9.633422499999981e-05	0.038538401344	-0.00295313	0.000248	8.7209767969e-06	6.150399999999998e-08	0.000213213	-0.00019669799999999998	4.5459783369e-08	3.869010320400001e-08	0.000662765	-0.0003552950000000001	1.262345370250001e-07	4.3925744522499993e-07	0.0	0.0	0.0	0.0
493.517692966603	-2.2178891069167435	243559.71327107825	4.91903209057995	755.5962633393087	1.1631187924741653	1.3528453254065604	570925.713172326	456.4763625813982	0.3068028723188263	0.09412800246308203	208370.66959554405	464.6174839855841	477.432806771788	1.047378	31.424147	0.10436449899999996	0.0604626	-0.004327688	-0.08323094360000001	-0.010294696400000001	-0.11033010619999999	0.0711048828	0.0263141508	0.0365468914	0.10291519980000001	0.0248773388	-0.0354231723	0.0956384046	0.052471921	-0.0903983455	0.0031029859000000003	-0.012112209399999999	-0.0183665057	-0.15996200289999998	-0.0329911825	-0.0135511227	-0.0209597386	0.1081373677	-0.1204807159	-0.07252557150000001	-0.09172182640000001	-0.0391672422	0.046009328200000005	0.0166684905	0.010620481299999998	0.1270538828	-0.050515616	-0.1118045731	0.05722922160000001	-0.119092768	-0.052976965599999995	0.014548718200000001	-0.0417626402	-0.0967376324	-0.0156293997	0.0893880271	-0.08348991559999999	0.1282766336	-0.0274163084	-0.0595609333	-0.0532505238	-0.0080603327	-0.052236562300000004	0.009389108699999999	0.0054622685	0.0034511481	0.0857675986	-0.0312202044	0.10414402240000001	-0.07081471190000001	0.0656728212	-0.08669581189999999	-0.0130211997	0.0463285917	-0.0562020284	0.052022173899999996	-0.1169567351	-0.08432671130000001	0.0488009391	-0.14983182849999999	0.06929627320000001	0.0558539188	-0.0704554444	-0.1397672082	-0.008475144300000001	-0.0417655915	0.1324687315	0.0629860382	-0.023788778700000002	-0.066021455	0.1248232292	0.0903717982	-0.0544713358	-0.0205895189	-0.0673140818	-0.0461930977	-0.021709480899999998	0.0521031782	-0.029265442599999997	-0.0405600443	-0.0687980984	-0.0103602975	0.1092281958	-0.10786988759999999	-0.0570114522	0.0089682349	0.153959304	-0.0055964763	0.1480467159	-0.0684154441	0.0754605946	0.0697491074	-0.17812600010000001	-0.05976302400000001	0.0742564475	-0.0700875212	-0.1207269925	-0.06730837469999999	0.17227881350000002	-0.1647007929	0.18997150850000002	0.0948995067	-0.0538155017	-0.0083486069	-0.0051063784	0.0293484294	-0.12360255199999999	0.0206457986	0.0577775586	-0.009984569799999999	0.0766980355	-0.1133145778	-0.0085918423	0.010330048599999999	-0.0634476972	-0.0659922456	-0.1095220875	-0.12859571039999998	0.1140769478	-0.06968506719999999	0.0844830231	-0.0039857133	0.15723017179999998	0.016818400600000002	-0.083081248	0.09159021449999999	-0.1035393699	0.0034724165999999996	-0.08792255130000001	0.007248434499999999	-0.012219785300000001	-0.0238086203	0.0694185828	-0.030561402999999997	0.1197666705	0.059276660999999994	0.0254327367	0.0355546281	0.0410646346	-0.1277692466	-0.1096561635	-0.0696479904	0.1089103865	-0.1079021204	-0.0498237379	-0.0387908567	-0.1033151732	-0.0911611449	0.10590591769999999	-0.075573603	0.2449374033	0.0755900342	0.030941528500000006	0.0838371612	-0.0126531193	0.065469369	-0.08242321150000001	0.103041823	-0.049673586799999996	0.2814859317	-0.0912992098	0.1135401407	0.0734618621	-0.0101868048	-0.08717919119999999	-0.1072067914	0.00586574	0.05101094	3.4406905747600005e-05	0.0026021159996836	0.0916066	0.005735499999999991	0.00839176916356	3.289596024999989e-05	-0.169399	0.02691299999999999	0.0007243095689999996	0.028696021201	-0.00305553	-0.00010239999999999987	9.3362635809e-06	1.0485759999999977e-08	4.60882e-06	-0.00020860418000000002	2.12412217924e-11	4.3515703913472404e-08	0.000559668	-0.00010309699999999991	1.0628991408999979e-08	3.132282702240001e-07	0.0	0.0	0.0	0.0
492.83667963031263	-0.6810133362903912	242887.9927890314	0.4637791642053694	754.8998454576641	-0.6964178816446065	0.4849978658743612	569873.7766720052	456.0802297263147	-0.3961328550834651	0.15692123887657755	208009.17594720802	464.292787821754	461.6270922499385	1.0903200000000002	32.712536	0.12287424899999998	0.0619187	0.0244523344	-0.14760843029999998	0.0025272654	-0.023007299199999998	0.0053543038	0.0418206221	0.015013005800000001	-0.0795191667	-0.0204546941	0.1771505775	0.1444003888	0.0151746071	-0.09165615699999999	0.023549922200000004	0.0022839289	-0.0420172919	-0.049355386200000004	-0.0198561047	-0.0538705959	0.0497711572	0.0672088942	-0.0009413033	-0.027833962799999997	-0.0616941842	0.0886978184	0.0519102083	-0.0397337927	-0.1040317416	0.0234644392	-0.033644262700000004	-0.045689370800000004	-0.048874981	0.079289673	-0.0896397209	0.0790303668	-0.1336415407	-0.0281151977	-0.0066739795	-0.0632014124	0.0016401986999999999	-0.10540125189999999	-0.0038200542	-0.0028042079	0.0439586309	-0.0527533922	-0.0746024041	0.0259368196	-0.054206623200000005	-0.0046262724	0.0376496894	-0.013666033400000001	-0.0525548069	0.0761819903	0.0598757101	0.047894228	-0.0334112865	0.0901120608	-0.0858787677	0.0976790916	-0.0066123245	0.0017599310999999996	0.0657744108	-0.0021338505	0.048473637	-0.1215554232	-0.0379567202	-0.012724496799999999	0.042391384500000004	0.0594112192	0.0324498336	-0.1006787877	-0.018127562399999998	0.04954403190000002	-0.1211493099	0.045733465099999995	-0.0597479863	0.1439853882	0.0138059142	-0.0252717438	-0.055162532199999996	0.1275596571	-0.0120253473	0.0857532018	0.0095948086	0.08514478539999999	-0.10729962970000001	-0.0798053072	0.0216305764	0.0827595513	-0.0072125178	-0.044768734299999995	-0.0425550705	-0.0673729992	-0.0506029266	-0.0537091947	0.11187895519999999	-0.1653867194	-0.0476577313	0.0797252101	-0.009229648299999999	-0.1287128439	0.0668643371	-0.0831298279	0.15732468189999999	-0.0618617615	-0.0721296622	-0.0192374205	0.049658979699999994	0.0045089496	-0.026672335699999997	-0.028750212	-0.1054372918	0.0394516538	0.044291400300000006	0.010619395600000001	-0.08398634320000001	0.0681379842	-0.10014245320000001	-0.07156849559999999	-0.0090218229	-0.0283973901	-0.1127610173	0.043320421500000005	0.059557402599999996	-0.0048427377	-0.0008415480999999999	0.0370095465	-0.0411096681	-0.059075652199999995	-0.0143738319	-0.0501692031	0.1344045236	-0.0711395101	0.0072359007999999985	0.0153693971	-0.049356442800000004	0.0243814521	0.0564104613	0.055234203899999994	0.011605146	-0.12811882460000001	-0.18925623309999998	-0.024881191	0.0247108449	-0.0287626457	-0.010651530400000001	0.0956396421	0.0583309819	0.0060290676	-0.05640887610000001	-0.1248589052	0.0021984895000000003	0.0449548907	-0.0042134441	-0.17472464070000002	0.0478125301	0.016283498100000002	-0.010903984399999999	0.0750138436	0.0146077727	0.1495591819	0.0474061893	0.1526027136	0.049214917000000004	-0.0196791147	0.0719405264	-0.0142415751	-0.0907207723	-0.105391148	-0.0420878	-0.04795354	0.0017713829088400004	0.0022995419985316003	0.07373049999999999	-0.017876100000000006	0.005436186630249999	0.0003195549512100002	-0.176472	-0.007072999999999995	5.002732899999994e-05	0.031142366784	-0.00246427	0.0005912599999999997	6.0726266329000015e-06	3.495883875999997e-07	0.000274883	0.00027027417999999997	7.5560663689e-08	7.304813237467241e-08	0.000697566	0.000137898	1.9015858404000005e-08	4.86598324356e-07	0.0	0.0	0.0	0.0
494.3802556256003	1.5435759952876538	244411.8371524339	2.382626853228271	755.9606435294924	1.0607980718282306	1.1252925491944918	571476.4945655242	455.88292537901634	-0.19730434729837046	0.03892900546283597	207829.24165212977	463.92205669306	471.98340839857315	1.04199	31.262497	0.09735525	0.0531893	-0.0061293679	-0.0978371887	-0.038221595	0.0391535678	0.054174341900000006	0.0225266299	-0.0112030852	-0.0136417742	0.12149887570000001	-0.0333466781	-0.0221922873	-0.0240610315	-0.06383996530000001	-0.0385511554	0.0050012694	-0.0298748066	0.0010430827	-0.0297986383	0.0012327323	0.07272219049999999	0.13203832140000002	-0.0745334785	0.09204865	-0.15326643939999998	0.0869562077	0.008246807	-0.0634021354	0.0006999450999999999	0.1803167473	-0.0040897607	0.13417936589999999	-0.0792714832	-0.046917410300000004	-0.0452989143	-0.1777550196	0.0216576473	-0.0110265134	-0.0702420913	0.0148640682	-0.0784453595	0.0313309093	0.08637231710000001	-0.0012886532000000001	0.1472441233	0.0088145305	-0.0758158651	0.0056174243999999995	-0.08402194210000001	0.04881116059999999	0.0272205157	0.029678869500000007	-0.0551527017	-0.1234856694	0.08833963289999999	0.0335189442	-0.0058895436	0.035921925699999996	-0.0807264646	0.06860872429999999	0.0547903893	-0.1055345248	0.1411018308	0.0998452831	0.051072119900000004	-0.0336862155	0.0591109368	0.0374131256	0.043184401399999996	-0.005950476600000001	-0.0178533269	-0.11660500369999999	-0.021243477799999997	0.1156487683	0.1582716115	0.0819099326	-0.0316361146	0.1354708282	0.071593445	0.0181376221	0.0656777684	0.0700078333	0.055448495599999995	0.062294752	-0.1096833965	-0.0612440807	-0.027937485499999998	-0.09975443880000001	-0.019328948500000002	-0.0176250375	-0.0679504315	0.0355763054	-0.007102512900000002	-0.0188800883	-0.015516893700000001	0.135737276	-0.023054096099999997	0.0241147066	-0.1443127263	-0.1112454318	0.0348507646	0.0932179741	-0.041482475299999995	-0.0602516587	0.0822693291	-0.0984538959	-0.0791763325	0.0041490759	0.0955642903	-0.067916228	-0.0020158994	-0.06719715379999999	0.005271355699999999	-0.1119701818	0.0656449842	-0.049123823399999995	-0.0156076441	0.028890523799999998	-0.1022435	-0.0106526652	0.0237693585	-0.16468703810000002	-0.1083524089	0.0013269221	-0.0369089144	0.0831652252	-0.042748679500000004	0.08622657480000001	0.0130069633	0.0138360369	-0.0238094366	-0.1325211849	0.0668813672	0.11233594359999999	-0.0375885783	-0.1074274847	-0.0200553434	-0.109350164	0.0920393983	-0.0165391167	-0.0599717929	-0.0982613467	-0.0766716313	0.0202160118	0.0487054372	-0.1350397307	0.0593735546	-0.011256268799999998	0.0438298275	0.0624142904	-0.007496904	-0.024374962200000003	-0.0581313025	0.0732408437	-0.14002818449999999	0.0390558519	-0.1297349323	-0.011453553500000001	0.024984546899999998	0.043993945599999994	0.0237665036	-0.08746432050000001	-0.058272274900000004	0.0590870037	0.0369736901	0.0413268886	0.07039403450000001	-0.0182764273	-0.0939769123	-0.10298611449999999	-0.0238926	0.018195199999999998	0.00057085633476	0.0003310653030400001	0.0594794	-0.014251099999999987	0.00353779902436	0.00020309385120999968	-0.218601	-0.042129000000000034	0.0017748526410000024	0.04778639720100001	-0.00207666	0.00038761	4.3125167556000006e-06	1.5024151210000005e-07	0.000281397	6.513999999999998e-06	7.9184271609e-08	4.2432195999999984e-11	0.000636091	-6.147500000000007e-05	3.779175625000009e-09	4.04611760281e-07	0.0	0.0	0.0	0.0
495.568284879015	1.1880292534146977	245587.92497792852	1.4114135069690834	757.0885937796668	1.127950250174422	1.2722717668685408	573183.1388312733	455.82715528343596	-0.05577009558038526	0.0031103035610453075	207778.39549378963	464.06409309390847	485.2729654906348	1.00895	30.271227000000003	0.048972899999999986	0.0309017	-0.0397927531	-0.0413200546	-0.0922734213	0.026115356200000002	0.041316734199999997	-0.0357612056	0.0339964284	0.1377586469	-0.053025366500000004	0.06463149950000001	-0.06461154549999999	-0.044875772	-0.07346547120000001	0.030844646	-0.039211124	0.0301069375	-0.0311906655	0.047065829299999994	0.11798154960000001	-0.035157007000000004	0.0065031522	0.0123837944	-0.0116815225	-0.018887945700000002	0.0751492845	0.0678982432	-0.008225795	0.0183494267	0.022152010899999998	0.0298007736	0.020921298999999997	-0.0496355762	0.0333831467	0.0207201825	0.010709605	-0.10763670199999999	0.013413959599999999	-0.004453634000000001	-0.0620591428	-0.1465121297	-0.0160331815	0.0586880167	0.0028814031	0.1700879393	-0.0015035824	-0.07392006849999999	-0.005520736899999999	-0.08558079910000001	0.052015367400000005	0.0289859272	-0.0086185007	0.09156296929999999	-0.0499616323	-0.0808511047	0.008842860400000001	0.034871481	-0.0158781136	0.0388305887	0.0460624735	-0.0571985162	-0.0933096382	0.051023982	-0.0815533895	-0.07505936349999999	-0.006748093	0.0223919425	0.0423745652	-0.0526589966	0.0660413409	-0.08178906379999999	0.2002208721	-0.1322481059	0.0084934806	-0.022948349	-0.056051426900000006	0.0686325919	0.0674737891	0.1687823802	-0.019569570300000002	-0.0146448569	0.09043490050000001	-0.058894706399999996	-0.0090459826	-0.1806710396	0.0390940243	0.06564610059999999	-0.0513641373	0.0236012915	0.11462708029999999	0.0498613653	0.021810676	0.006154830799999999	0.015095568500000003	0.0459623636	-0.08710015800000001	-0.055372200700000006	0.0103304284	-0.0894393567	0.012534378700000001	0.0518751066	0.036518727	-0.09961272939999999	0.0408770328	-0.1822687891	-0.0723407511	-0.0705111901	0.0114227438	0.09053756730000001	-0.0299463118	-0.0811509121	0.0393842573	0.08492629880000001	0.004703623	-0.0451770908	0.0413669807	0.0458064471	-0.0060038002	-0.0062569362	-0.0809001833	-0.0537616197	-0.08399824269999999	0.0045366746	-0.0782692979	-0.023732899900000003	-0.10084936439999999	-0.0140867396	-0.044450089400000004	-0.045630046699999996	0.006311955699999999	0.1487282559	0.0646839155	-0.10265195279999999	-0.013358814699999999	0.0678001627	0.0242744745	-0.1678235559	-0.12449477029999999	-0.026368334	0.0734263084	-0.023464647	-0.1106916924	0.0562663575	-0.06510945309999999	-0.023916529300000003	-0.09101243349999999	0.1257171311	-0.020167316100000002	0.011285865	0.0619513255	0.035503151499999996	-0.0649884578	-0.0746305425	-0.0112034922	0.0629153434	-0.057543521500000014	0.0277060198	-0.056285753200000004	0.0646943096	0.09512316400000001	0.1007023545	-0.1013674894	0.0064368435	-0.17467065980000002	0.0784518726	-0.0437308423	0.0688229275	-0.0222857183	-0.09693736609999999	-0.1000051409	-0.0260976	-0.0022049999999999986	0.0006810847257599999	4.8620249999999935e-06	0.0455767	-0.013902700000000004	0.00207723558289	0.0001932850672900001	-0.19222	0.026381000000000016	0.0006959571610000009	0.0369485284	-0.00207666	0.0	4.3125167556000006e-06	0.0	0.000152075	-0.00012932200000000002	2.3126805625e-08	1.6724179684000002e-08	0.000636453	3.6200000000006187e-07	1.3104400000004483e-13	4.0507242120900004e-07	0.0	0.0	0.0	0.0
495.58912885233804	0.020843973323053436	245608.58463661929	0.0004344712238921632	757.3101017667557	0.22150798708889846	0.04906578834417563	573518.5902379738	456.5641116907276	0.7369564072916432	0.5431047462482064	208450.7880839432	464.7023648752984	484.8840392823687	0.919478	27.586803000000003	0.06964780000000001	0.0355293	-0.047453775499999996	-0.035783898700000004	-0.0842916727	0.067938	0.1009969056	-0.0266213647	0.0559672622	-0.020971640099999998	-0.0831545491	0.0337545308	-0.0448610816	-0.0798611738	-0.0237255819	0.0086047375	0.0542715908	0.0404611159	-0.0323865742	0.1597176024	-0.023893248500000002	0.046295667199999994	-0.0665399604	-0.17502141579999994	0.0778004219	-0.0409955158	-0.0692469952	-0.0335306466	0.13583512849999999	-0.0420620684	-0.13099780519999998	-0.1249134331	0.0532044438	0.0625105321	0.0534399282	-0.0847431341	-0.0210890856	-0.0568342732	0.059981029299999995	0.0245860065	0.0397271226	0.12414132439999999	-0.0603656109	0.11497688730000001	0.0422221461	0.002230952	-0.0936608892	-0.0625203025	0.021013539900000003	-0.0315372375	0.0474701092	0.0006303939	-0.0070361521	0.0207397272	0.1241201208	-0.07999178679999999	-0.024483871	-0.0287166927	-0.1272747986	-0.0001953495	-0.0105417116	0.0356498706	-0.05111498019999999	-0.0562112356	0.0275326793	0.0916959506	0.0009274372999999999	-0.06777671519999999	-0.0458158388	0.08938085220000001	-0.0155241641	0.022199016499999998	0.043406644400000007	-0.17103644469999998	-0.0045960957	-0.0018626602	0.0910410434	-0.1148464709	0.0420204877	0.0403719704	0.1169623605	0.0430790912	0.0985662476	0.032584397	0.059193502599999996	-0.0151326997	-0.07586027969999999	0.047151839400000006	0.0775286615	0.0896311702	0.0094280742	-0.1255803751	0.1161276467	-0.09701641960000001	-0.1068662708	0.1173485678	-0.0390270661	0.0490599782	0.013745384099999999	-0.0687067852	0.0888740199	0.1319080501	0.1010136606	-0.0509065509	0.0652763577	0.1311590996	0.0097319665	-0.0645260147	-0.012953821	0.026980362	-0.0411662733	-0.025224377200000002	0.0364831516	-0.0432785153	0.11596018820000001	-0.0573537292	0.0180636327	0.0267231535	-0.1089589031	-0.026101091200000003	0.037164507400000005	0.056827971399999996	0.0421015951	0.0125658695	-0.0439800746	0.0048142032000000005	0.0417644232	0.0374890124	0.0872667736	-0.021815300099999997	0.0773881698	0.030285994700000006	0.019464168400000002	0.0273598367	-0.031848505	0.1494146888	0.0021869089000000003	0.1048751976	-0.0917378256	0.1278134339	-0.040087872999999996	-0.0136097372	0.052688368	-0.0681508813	-0.024841970499999998	0.1477008566	-0.053738143099999996	0.08635684210000001	0.1500083321	-0.0498482686	-0.038406135	0.0599135779	-0.1577634856	-0.151691471	0.14223867140000002	-0.0676650377	-0.1258562394	-0.0505479114	0.009564295	0.08438679980000001	-0.0443937695	0.0208395446	-0.0021428379999999998	0.0341476305	0.0198964612	0.034674219900000004	0.0671092074	0.0672277545	-0.0262638406	-0.0995928192	-0.09646489789999999	-0.0365151	-0.010417500000000005	0.0013333525280100002	0.00010852430625000008	0.0342675	-0.011309199999999998	0.0011742615562499998	0.00012789800463999996	-0.221202	-0.028982000000000008	0.0008399563240000004	0.048930324803999996	-0.00207666	0.0	4.3125167556000006e-06	0.0	-0.000181915	-0.00033399	3.3093067225e-08	1.115493201e-07	0.000681245	4.479199999999999e-05	2.0063232639999987e-09	4.64094750025e-07	0.0	0.0	0.0	0.0
495.8050623502387	0.2159334979006644	245822.6598521241	0.04662727551561624	755.8427122824171	-1.4673894843385824	2.1532318987474506	571298.2057104408	456.3920516945622	-0.17205999616538747	0.029604642280433156	208293.70484997195	464.5495911674448	484.80439370608696	0.940107	28.205744	0.09517667	0.0506173	-0.059796732400000004	-0.029284508900000002	-0.0352109803	0.0754361816	0.0358421524	0.0057220136999999996	0.0368301788	-0.1150726092	0.080874643	0.1019309341	-0.0483241163	0.10413974220000001	-0.0409567859	-0.0861565243	-0.049264512999999996	-0.1042662726	0.0726123758	-0.0400448156	-0.0130449821	-0.1029741998	0.0986504534	0.0815937081	0.07130825889999999	0.0521844201	-0.0495413027	0.0224645316	-0.053425313200000005	-0.034788605	-0.0306141225	-0.1559598973	0.0514327192	-0.0788977612	-0.0099172271	-0.0401162347	-0.0667484038	0.0744598817	-0.07051926160000001	-0.057071640199999996	-0.0238029122	-0.019175581	0.0386281651	-0.043854183600000006	0.0796271088	0.0829233839	0.0275706752	-0.058990731399999996	-0.014762151999999999	-0.0192738403	0.0874051274	-0.0121156382	0.029317947999999996	-0.0114231131	0.1166182992	0.022633569500000002	0.022964720499999997	0.0851670834	0.0295413738	0.0168544845	-0.10952348740000001	-0.0748310197	0.0762158919	-0.0814524016	0.10972600869999999	-0.1008352518	0.107695284	-0.061055836900000014	0.0206848025	0.0378098428	-0.010490157	-0.0376563469	0.0014238586999999999	0.1193227435	0.054859188899999994	0.0093766187	-0.08687368300000001	-0.1568354567	0.0158543009	-0.0084815979	0.017027706	-0.09355934269999999	-0.0156475755	0.06068755400000001	0.059161660899999996	-0.0661555304	-0.1145372943	-0.1221406609	-0.1548897571	-0.0733344137	0.169509963	0.1291296378	0.0415158609	0.1180025954	0.0042502979	-0.0349634258	-0.0194156029	0.020856306	0.1169164575	-0.10929408630000001	0.007638656800000002	0.0755601183	0.08806303509999999	-0.03809317	0.0454642628	0.045295836	0.066732427	-0.058844464400000004	0.0146930972	0.009084636600000001	-0.1002746142	0.025282890899999997	-0.0338551909	-0.056080568399999996	0.0785469691	0.0367786422	0.063113605	0.0673886012	0.0656353158	0.09020949560000001	0.0966165985	-0.0703436917	0.0652725399	0.0907707668	0.0432611657	-0.13696100890000001	-0.0006560169	-0.019163553	-0.0405420044	0.0176260367	0.0328780524	0.0651395459	-0.127095461	0.012210178	-0.1001232484	-0.043525554400000006	0.0036951255	0.0090125091	0.0677731478	-0.041128236299999996	-0.0807517721	0.0331654059	-0.04817712	-0.1387353884	0.0364046187	-0.09651181630000001	-0.11500522839999999	0.0148786476	-0.0397660893	0.0177337694	0.1139487581	-0.025643129599999998	-0.016525786299999998	-0.0462182592	-0.22747170579999998	0.04437054730000002	-0.0650336787	-0.1095542699	0.039307944	0.023913838399999998	0.0266886775	0.10893912439999999	-0.0307223438	-0.0505077125	0.0129838477	-0.0259514191	0.0706254439	0.06560907349999999	-0.0302052306	-0.1019349164	-0.0923851842	-0.00327228	0.03324282	1.0707816398399997e-05	0.0011050850815524	0.0398288	0.005561300000000004	0.0015863333094400006	3.092805769000005e-05	-0.194266	0.026935999999999988	0.0007255480959999992	0.037739278756000014	-0.00244328	-0.0003666199999999998	5.9696171584e-06	1.3441022439999984e-07	-0.000398709	-0.00021679400000000005	1.5896886668100005e-07	4.6999638436000007e-08	0.0006865619999999999	5.316999999999909e-06	2.8270488999999028e-11	4.71367379844e-07	0.0	0.0	0.0	0.0
496.2559324030477	0.450870052809023	246269.95044521827	0.2032838045200112	755.6434537812727	-0.19925850114441346	0.03970395027831822	570997.0292424904	456.4816439747129	0.08959228015066856	0.00802677666259588	208375.4912858565	464.5422567608139	486.56441724861327	0.969958	29.101358	0.09685800499999997	0.0543809	-0.05613726769999999	0.0019273476999999998	0.026794535699999997	-0.0163458023	0.043662989000000006	-0.0024097885999999997	0.0306559251	0.0178085556	0.09981894390000001	0.059911324400000014	-0.0079682346	0.0817822237	-0.0954713025	0.077947054	0.0275207677	0.0345297062	-0.0157341265	-0.0057298425	-0.08619646859999999	-0.039077019500000004	-0.0206408273	0.1063832383	0.08784896810000001	0.0794926258	0.0511976753	0.0366910398	0.0177435176	-0.0264642149	-0.0754789195	-0.1282256749	-0.1289574482	0.08608033179999999	-0.0082985551	-0.038687397000000005	0.023315749	-0.0264629784	-0.0032654719	0.023221798	0.116310963	0.006401054000000001	-0.0365573666	-0.020611527	-0.0945380958	-0.2008055725	-0.023706056899999998	-0.0446429278	-0.0084026261	-0.0052995467	0.049094247199999996	0.06949186610000001	0.0729963308	-0.11731207210000001	-0.0646658182	0.0203762135	0.061167927699999985	0.0727743153	-0.08089421769999999	-0.0447261263	0.1078754086	-0.00048044410000000004	-0.0360435881	0.1029750215	-0.0534289242	-0.039852506499999996	0.055114500700000006	0.0586262087	-0.0406762497	-0.035510500099999995	0.0035076847	0.219796159	0.1009629065	0.07472344019999999	-0.0594957291	0.0135231218	-0.1412764826	-0.0029344067	-0.09126368259999999	-0.008756035799999999	0.0366791018	-0.0808496596	-0.0391398825	-0.0655468265	0.1205990624	-0.0111744889	-0.0104060496	-0.1199485515	0.006138156600000001	0.051981922699999995	-0.0105082688	0.1560892635	0.1234058211	-0.1359134565	0.0654234157	0.013255873500000001	0.0019271910999999998	0.0389276983	-0.0033569934999999997	0.0742114548	-0.0670850828	0.0889245141	0.14936528300000002	-0.0412014516	0.0167711732	0.1301467629	0.0272408017	-0.0467519681	0.011628158500000001	0.0100118315	-0.0524112949	-0.0102820273	-0.1267133675	-0.0191863805	-0.0954198693	-0.0147332047	0.0275358767	0.10138657779999999	0.0069616196	-0.11550488789999999	-0.0755164716	0.00085165	-0.1052326084	0.0099525069	0.030565561499999998	-0.0483374378	-0.0104969807	0.0063240876	-0.10356527410000001	-0.014604457900000001	0.1059467498	-0.1478060754	-0.0038448463	-0.1134343138	-0.0306254953	-0.0077642429	0.1639671932	0.0201158422	0.0756823151	-0.1190328453	-0.0073349463	0.0040251282	0.033425618399999996	-0.0787029471	0.0678689125	-0.0372886912	0.10034384730000001	0.0707343032	-0.1179932759	0.0573008391	0.0894240188	0.1146930423	-0.0698728492	-0.0286493796	0.1303835405	0.001308299	-0.1293295098	-0.04305327230000002	-0.0614639737	-0.045102429699999995	-0.1255232394	0.0095169617	-0.10075473929999999	-0.0505729479	0.0187028078	-0.028458954300000002	0.0644360959	0.0639674504	-0.0341043759	-0.10395628859999999	-0.087788815	-0.0477414	-0.04446912	0.00227924127396	0.0019775026335743994	0.0344052	-0.005423600000000008	0.0011837177870399995	2.9415436960000086e-05	-0.187948	0.006318000000000018	3.9917124000000234e-05	0.035324450704000004	-0.00204627	0.0003970099999999997	4.187220912900001e-06	1.5761694009999975e-07	-5.23783e-05	0.0003463307	2.74348631089e-09	1.1994495376249005e-07	0.000616957	-6.960499999999993e-05	4.84485602499999e-09	3.8063593984899995e-07	0.0	0.0	0.0	0.0
496.42479210574095	0.1688597026932257	246437.57421722807	0.028513599193644577	755.9706916844352	0.3272379031625405	0.10708464526621624	571491.6866858434	456.48497586042834	0.003331885715454064	1.110146242084684e-05	208378.53318629586	464.62017987558914	491.5801909252892	0.951912	28.559912	0.08709266500000001	0.049599300000000006	-0.0609334382	0.0081469873	-0.0321927523	-0.024341131499999998	0.05706383690000001	-0.0228274837	0.0040552098	0.07530792160000001	-0.0290277636	0.0653336234	-0.0444554858	0.013049679599999999	-0.0083288578	-0.09697786	-0.0078214448	0.050102050499999995	-0.08591992220000001	-0.023443832999999997	-0.1485668349	-0.007694033	0.1262015089	0.1100165227	0.1465304025	-0.0352079812	-0.0306858391	-0.029534732299999998	0.0608762132	-0.059247513099999996	0.046061218	0.0092557471	-0.029754298999999998	-0.025286731899999998	0.040784795299999996	0.0464933331	-0.0820985707	0.0111593683	0.025482065699999997	-0.0239247701	-0.010483451	-0.012581791699999999	0.14488748869999998	-0.0732740164	0.0154196744	-0.0499889099	0.1261038708	-0.054909552800000004	-0.042250764	-0.0194867557	0.066111904	0.0147838498	-0.0153117949	0.11337244910000001	-0.0973275599	-0.1356946389	0.0331417499	-0.08751720130000001	0.011490743400000001	0.0159365022	0.0494038383	-0.0845831394	0.1599918659	0.0208020436	-0.0463358443	-0.0297987177	-0.0453178579	-0.0492090078	0.110363277	0.0144412137	0.0481001259	0.0643993029	0.019059313999999997	0.0595031964	0.0085795888	-0.0468416895	-0.0163910151	0.0293830296	-0.0013627728	-0.0138709719	0.0021354335999999997	0.0309789658	0.06838215639999999	-0.0069922437	0.0171357896	-0.104320726	0.0651634661	0.0918812809	0.0330088384	0.0931096981	-0.0045939141	0.0875278419	0.0962599534	0.1053454323	0.0626718611	-0.012319148600000001	0.0834067442	-0.0449676813	-0.0373170456	0.004500178	-0.1090092657	-0.0363992946	-0.0094570023	0.045103598700000004	-0.0374426285	-0.1396504275	-0.21825384949999999	-0.0532215339	0.0459061979	0.023306371	-0.0461193253	-0.08070707120000001	0.051561087199999994	0.1356180351	-0.0186782013	-0.082640724	0.059700665199999996	-0.0750854717	-0.028027348900000002	-0.0177584168	-0.0491326776	-0.0959746168	0.0827090331	0.06116336400000001	0.1001673724	0.08713566800000001	-0.0082568873	-0.0877968153	-0.0137143897	-0.0734828433	0.0060597386	-0.062358590400000004	-0.0175341172	-0.0046728051	-0.0403476157	-0.0114264931	-0.0156763764	-0.0862128739	0.0218238192	-0.0035598752	0.048772171600000004	0.0275516981	-0.0541140858	0.0590852438	-0.044118186	0.054106931399999995	0.011618041899999999	0.1534662633	-0.1274472794	0.0055535375	0.0790322995	0.0508405063	-0.0023735898	0.06605780809999999	-0.0042117386	0.08235684559999999	0.1307178998	-0.0656148487	-0.0211104926	-0.082592311	0.09828536560000001	-0.0046183516	-0.0422516033	-0.1104774523	-0.031856544199999996	0.21969163239999998	-0.19365918010000002	0.062303459299999996	-0.0379558231	-0.1056505759	-0.0827014951	-0.00228095	0.04546045	5.2027329025e-06	0.0020666525142025	0.0432659	0.008860699999999999	0.00187193810281	7.851200448999999e-05	-0.192565	-0.00461700000000001	2.131668900000009e-05	0.037081279225000006	-0.00179623	0.0002500400000000002	3.2264422129e-06	6.25200016000001e-08	0.000260671	0.0003130493	6.794937024099999e-08	9.799986423049e-08	0.000616956	-1.0000000000157452e-09	1.0000000000314906e-18	3.80634705936e-07	0.0	0.0	0.0	0.0
496.7464469875433	0.3216548818023739	246757.0325947482	0.10346186298729912	756.3132709670195	0.3425792825843246	0.11736056485599053	572009.7638408323	456.40131008337977	-0.08366577704856581	0.006999962249140322	208302.1558458254	464.5180598265049	491.5078616414438	0.979471	29.386755	0.08512741499999997	0.0416301	-0.0689827707	0.009648434499999999	-0.0892472924	0.0973165217	0.09563464890000001	-0.0056885044	0.06457347940000001	-0.039561785499999995	-0.086124047	0.0162599803	-0.0892499233	-0.1066396274	-0.052593229400000004	-0.087440056	-0.036417065400000004	0.059706267300000004	-0.0877798085	-0.0041887742	0.0958822638	0.1002004083	-0.0371239123	-0.12240978179999999	0.0593335205	0.0497855684	-0.0185326992	0.09692647630000001	0.061468365999999997	0.0683272554	-0.0584926917	0.060202856900000004	-0.0389017826	-0.0846617968	-0.08415379070000001	-0.0049454739000000005	0.0832108642	0.033000813	0.0806855669	0.06661445860000001	0.0645760597	-0.1129069903	-0.0968893501	-0.012965792700000001	0.022024541800000002	-0.0171892471	0.0088357381	-0.0661533403	0.0046133154999999995	-0.0020902562	0.0370988308	0.0404334218	0.0009982435	0.06360148980000001	0.031493908	-0.0370133457	-0.042410764100000005	0.0862030949	-0.1476264172	0.0320027664	-0.0170371972	0.09794142019999999	0.0059695819	-0.011906258500000001	0.0184460864	0.0068122827	-0.0017075786	-0.0225580723	0.0824250102	-0.07286187429999999	-0.0319197649	-0.0342802546	0.006430058000000001	0.028328841	-0.1303633468	0.0186788783	0.0319706088	-0.13587244210000002	0.0761890957	0.0265014098	0.1300971504	0.1393321561	0.0749244504	-0.049754197800000004	-0.0690550174	0.09201317769999999	0.071919867	-0.1188138169	0.16516910939999999	-0.0147646831	-0.0544917104	-0.004913865999999999	-0.0123499083	-0.11011812259999999	0.013080033799999998	-0.1276330526	-0.08789905419999999	-0.0075373637	0.011050526000000001	-0.0508485968	-0.0100614687	0.1353783251	-0.08716835029999999	-0.0551919443	0.0097845537	-0.0052205504	0.062802663	-0.0673990391	0.0034017528000000003	0.005291844300000001	-0.0321056483	-0.061814016900000004	0.0162951982	0.035604144500000004	0.055378020300000004	-0.024037097400000002	-0.0036749353000000004	0.1439447019	-0.0665292875	-0.0022269446	0.0216893136	0.1094966083	0.0868275233	-0.019617308	-0.0078721886	0.008965688000000001	0.0262787603	-0.09171748699999999	0.024268889199999998	-0.034836556	-0.10253764	0.0172932083	0.0946950924	-0.0786750135	-0.052872929699999995	-0.0386824656	0.0428134518	0.16915668609999998	-0.0673179588	0.0440194604	-0.0505837323	-0.1314157092	-0.018685011100000003	-0.08999623429999999	-0.0613795883	0.0844666462	0.0584629259	-0.1028120571	-0.10623580210000001	0.044611138200000004	-0.05685758570000001	0.1232650686	-0.0429027127	-0.0001489816	-0.0140194375	-0.1436153687	-0.0224581038	0.0694826606	-0.11418470300000001	-0.1050419732	0.0378257496	0.1061636472	0.0765529131	0.0231269762	-0.008130673199999999	0.0729325077	0.0809075342	0.0606176821	-0.0417541856	-0.10701244730000001	-0.077151675	-0.0303452	-0.02806425	0.00092083116304	0.0007876021280624999	0.0177642	-0.025501699999999995	0.00031556680163999997	0.0006503367028899997	-0.206808	-0.014242999999999978	0.00020286304899999936	0.042769548864	-0.00192742	-0.00013119	3.7149478564e-06	1.72108161e-08	4.54917e-05	-0.0002151793	2.06949476889e-09	4.630213114848998e-08	0.000616956	0.0	0.0	3.80634705936e-07	0.0	0.0	0.0	0.0
497.0676437793309	0.3211967917875995	247076.24249233585	0.10316737905464657	754.8036254025191	-1.509645564500488	2.279029730415997	569728.5129207863	455.8051293921218	-0.5961806912579846	0.3554314166288483	207758.31598016887	463.999087785407	495.0108739406591	0.953826	28.617334000000003	0.07164388499999999	0.037413	-0.0650874397	0.0449670622	-0.0686558678	0.18417042670000008	0.0247008038	0.019398298600000002	0.021791777000000002	-0.121881424	0.0883759315	0.0795767872	-0.04743186480000002	-0.09378014859999999	0.00748189	-0.14247724779999998	-0.043649832199999995	0.0262608948	-0.0542915197	0.16890534920000005	-0.035646447000000005	0.0197666495	-0.0611616348	0.08753025589999999	0.0360630231	0.09557146429999999	0.017356629	0.0089559489	0.0510878579	-0.05073346	-0.0357608779	-0.026995589	-0.08583226460000001	0.023496319300000002	0.0110272454	0.0370446307	-0.112091709	0.1611038931	0.0866488777	-0.0468833771	0.014994443500000001	0.0421373582	-0.0819012631	-0.0449374393	-0.0966395949	-0.0531534542	-0.05875879639999999	-0.0574908883	0.0107462332	-0.05724371	0.06267940400000001	-0.0063211548	0.0242198135	-0.09305712990000001	0.1639630406	-0.0347693866	0.0928810818	-0.10507122740000001	-0.0244155725	-0.007890833	-0.0077367013	0.015124403799999997	0.09179332800000001	-0.0249274558	0.0441119787	-0.152951967	0.1148224303	0.04348268809999999	0.0124028702	-5.738e-06	0.0313065896	-0.04854975	0.07578665030000001	-0.023640337999999997	0.0685010848	-0.0390926994	0.113234186	-0.0128475538	-0.0672745692	-0.1474706693	0.0083513692	0.026753756400000002	-0.0043834613	-0.0347867631	0.0228829273	0.0570270984	0.0801893308	0.0233393364	0.028999023999999998	0.09944991369999999	-0.055058884800000006	0.054488091399999994	-0.039905998399999996	0.049462870199999995	-0.0324459544	0.0535610788	0.0971079781	0.0901627325	0.044542623899999995	-0.029378142000000006	-0.1611921802	0.0755354704	-0.1559986757	-0.031599658100000004	-0.0659336297	0.0182218839	-0.0657437935	-0.0525690029	-0.0095941003	0.05012600440000002	-0.076978329	0.0407265536	-0.055711495300000004	-0.1354679783	0.08475616130000001	-0.0239434515	0.1182019485	-0.077152074	-0.0760351929	0.0161442953	-0.016575982	-0.011882878000000001	0.0337424965	0.0847805898	0.10227728130000001	-0.1022957145	-0.0322152831	-0.0562564505	-0.1306120728	0.050137656399999994	0.016761954	0.07203273219999999	0.0357705114	-0.005579030600000001	-0.028613805	0.031724369700000005	-0.1089740188	0.0552201187	0.0978340717	0.0827656212	0.0875230669	-0.0217801033	0.0450485874	0.06246540320000001	0.0091468037	0.0214024402	0.1164768269	0.0580328936	0.021559915099999997	0.06723228120000001	-0.0244269139	0.0279079346	0.0615957566	0.1304341058	0.0022402075	-0.040254114199999996	-0.0772939369	-0.0135988621	0.1230831367	-0.1099418341	0.0348558261	0.032854368599999996	0.018691463000000002	-0.050694568899999994	-0.007269170500000002	0.1033018089	0.032443617599999995	0.058910708099999994	-0.0454941512	-0.10803761810000001	-0.07117039139999999	-0.0349361	-0.004590899999999999	0.0012205310832099998	2.1076362809999986e-05	0.016268399999999995	-0.0014958000000000055	0.0002646608385599999	2.2374176400000165e-06	-0.192594	0.014213999999999975	0.0002020377959999993	0.037092448836000005	-0.00246738	-0.0005399599999999999	6.0879640644e-06	2.915568015999999e-07	-0.000174042	-0.0002195337	3.0290617764000005e-08	4.819504543569001e-08	0.0008843259999999998	0.00026736999999999985	7.148671689999991e-08	7.820324742759996e-07	0.0	0.0	0.0	0.0
497.555929343436	0.4882855641050696	247561.9028248103	0.2384227921134061	755.7418718703117	0.9382464677926236	0.8803064343253348	571145.7768980425	456.6307068703237	0.8255774782019216	0.6815781725142444	208511.60245689147	464.76022078922796	498.32655844043364	0.985751	29.575190000000006	0.0979539	0.0442374	-0.0890944945	0.056490495599999996	-0.032530017599999995	0.0823510123	0.0479338851	-0.0109753721	-0.0234923178	-0.027802262	0.0903517275	-0.07744969780000001	-0.0110084442	0.06579133150000001	0.025452576400000003	-0.0279508327	-0.040716686	0.0609910795	-0.0190253892	-0.09204330849999999	-0.12139873779999999	-0.06755123610000001	-0.05662799690000001	-0.014265201100000001	0.0001288938	-0.1186242337	0.1328035169	0.08494538019999999	0.0497565503	-0.0909920367	-0.10966934539999999	-0.0048466079	0.1281397184	-0.11900329550000001	0.058905596399999996	0.1472897133	0.0124667232	-0.024054920499999997	0.1531442988	0.1083916284	0.08483380300000001	0.059382287	0.0283422638	0.0083899302	-0.0075024341	-0.0701004186	0.008009097	-0.043862457599999995	-0.0235570293	-0.037536557799999995	0.0463369245	-0.0350193663	0.0431175019	-0.017511533200000002	-0.0753904289	-0.0589008436	0.0929502393	0.0135895845	-0.1341389965	-0.06802733009999999	-0.0381037256	0.032627246299999996	0.10009729099999999	0.0506567483	0.0231161096	0.0502930626	0.0135447027	0.0345530212	-0.1142297998	0.086539906	-0.08564819970000001	-0.15158977839999999	0.0043177596	0.029564419300000002	-0.10307710269999999	0.0023813728	-0.1089478168	-0.0654666422	-0.10281758	-0.053579465800000003	-0.0744799147	0.17197717129999998	0.1082761494	0.005513664000000001	0.0806795991	0.0032356271	-0.1078502978	-0.00036750620000000004	0.06293702799999999	0.014011688000000001	-0.0043305047	-0.1497054083	-0.0728485581	-0.0484741809	0.0671443402	-0.0372105765	-0.06392222139999999	0.0101624049	0.048411763899999995	-0.1358827926	0.131560055	-0.09350374759999999	0.0772940285	0.0461414661	0.09796031039999999	-0.0342259992	-0.0656325817	-0.0433960556	0.0250432003	0.041365932	-0.055572622300000006	0.0360463165	-0.029924415099999997	0.05326585599999999	-0.0812831671	-0.0319461131	0.0823241823	0.047127150199999995	-0.0636731183	-0.1077011401	0.0527669354	-0.0095099144	0.052665154299999996	0.064297331	0.0829181947	0.0525813775	0.0802204809	0.0613905331	0.0874262862	0.1336517463	0.0068174463	0.0784459949	0.0502801606	0.025955289500000003	0.0157377491	-0.0635822524	0.09030325759999999	0.2157644365	-0.071227835	-0.029960151299999998	0.0882996573	0.14160884869999998	-0.081862331	-0.0079472534	0.1411095155	0.091662971	-0.056619733	0.029683726400000002	0.0591770745	-0.1068777815	0.0279866786	0.021070742799999997	0.0686113358	-0.1189816447	0.054957814	-0.0588556335	0.0937300866	0.006431220600000001	-0.0921927096	0.1479802164	0.0677654596	0.0689777585	0.0594694696	-0.0006324149	0.0189146481	0.0120346701	0.019435141	0.0571831344	-0.049170489000000005	-0.1087228625	-0.06479109400000001	-0.0215489	0.013387199999999998	0.00046435509121	0.00017921712383999996	0.023171200000000003	0.0069028000000000075	0.0005369045094400001	4.76486478400001e-05	-0.215678	-0.023083999999999997	0.0005328710559999996	0.046516999684000006	-0.00201184	0.00045554	4.0475001856e-06	2.0751669159999995e-07	0.000194646	0.00036868800000000005	3.7887065315999986e-08	1.3593084134400002e-07	0.000616956	-0.00026736999999999985	7.148671689999991e-08	3.80634705936e-07	0.0	0.0	0.0	0.0
498.5195089685746	0.9635796251386068	248521.70082226876	0.928485693982258	758.4775717691832	2.7356998988715304	7.484053936685702	575288.2268768764	457.4871220141893	0.8564151438656039	0.7334468986423432	209294.46680882573	465.70329993808815	498.7306327744187	1.011436	30.345787	0.05747972999999997	0.035610699999999995	-0.0977620134	0.060112485099999995	0.0205377069	-0.0318658401	0.0972850461	-0.1237435615	-0.0057762840000000005	-0.0553987589	-0.036744743999999996	-0.0549573504	-0.0485343605	-0.0085174797	0.0236553517	0.012193240400000001	-0.031843316499999996	-0.0366285138	-0.035529277799999995	0.0371373937	-0.0266998086	-0.0079301113	0.1178710385	-0.1596302912	-0.0475247992	0.0087885407	0.0696894917	0.0669120636	-0.08704408820000001	-0.0036004016	-0.0013515233	0.150515599	-0.1247591881	-0.0721109343	-0.0214937684	0.033216792599999996	-0.06465816370000001	-0.0664609288	-0.0667947267	0.1096066124	0.1400281374	-0.0315576689	0.0856223531	-0.0360107468	0.028696791	-0.0384729873	0.1279408047	-0.0499693458	-0.0546170301	0.0612661929	0.0353533625	0.0072212829000000015	-0.0121162547	0.09911272970000001	-0.0726872983	-0.1440335675	0.006862023	0.017298517	-0.0767609849	-0.11615068220000001	-0.0837288614	-0.0724196594	0.0411140556	0.0269184481	0.1140990988	-0.0423107554	0.055818880099999996	0.0423444105	-0.1412129379	-0.1492880621	-0.0052382984	-0.1790328046	-0.0620863346	0.020986891299999998	0.023538094300000003	0.1385599807	0.0057594657999999995	0.0616787608	-0.0731922832	0.0486690605	0.0233351964	-0.0206097273	0.06644605769999999	0.17894931670000006	-0.0710237757	-0.079818395	-0.0823907941	-0.14256024720000002	0.1140896071	-0.0488867917	-0.09560373300000001	0.0521728317	0.002909623	-0.0667554429	0.0023098823	0.1071606825	-0.06081168610000001	-0.0370212498	-0.1292515709	-0.0335627727	0.053771071100000005	0.0239253858	-0.0063492902000000006	0.107600515	-0.06287836299999999	0.021921714100000003	-0.017480387	-0.0475736201	0.061410736500000014	-0.0596991767	-0.0281168096	-0.0501903971	0.0393813427	0.0966424666	-0.0298046771	-0.0806653385	0.07938725440000001	0.055320928600000006	-0.048733195300000004	-0.0826279566	0.1004263484	-0.09328721050000001	0.0204167711	0.0780700067	0.09986169980000001	-0.1161295563	0.04754725480000002	0.1493087269	-0.0020637416000000002	-0.0150868351	-0.0462264137	0.1270961791	-0.0365298428	-0.000151636	0.1822916434	-0.15104205240000002	-0.0777662188	0.0436560354	-0.09233891	-0.0613421117	-0.0365477914	0.0564076184	0.0125108998	-0.048583724800000005	-0.0968036803	0.0209102102	-0.1771301497	-0.1114807924	-0.0507171025	-0.0083338034	-0.1571252039	0.032158623500000004	0.0027495378999999997	0.0368337786	0.130974079	0.0684610693	0.0160705085	0.0459332329	0.029587942000000002	-0.0639776492	-0.0511532668	0.0048088045000000005	0.1190777061	0.0166753319	-0.0821206993	-0.0695248802	0.0435659207	0.055435565	-0.0527780575	-0.1090660245	-0.05804945860000001	-0.00603017	0.01551873	3.63629502289e-05	0.0002408309808129	0.0232855	0.00011429999999999772	0.00054221451025	1.3064489999999485e-08	-0.215713	-3.5000000000007254e-05	1.2250000000005073e-09	0.046532098369000005	-0.0014224900000000006	0.0005893499999999992	2.0234778001000017e-06	3.4733342249999926e-07	0.000272598	7.7952e-05	7.430966960399999e-08	6.076514304e-09	0.000785888	0.000168932	2.8538020624e-08	6.17619948544e-07	0.0	0.0	0.0	0.0
496.92635021379374	-1.593158754780859	246935.79753680198	2.538154817934897	755.1266018113977	-3.350969957785537	11.228999657981202	570216.1847632291	456.81290430600615	-0.6742177081831642	0.4545695180277583	208678.02954048832	464.9901577408992	488.4893699861503	1.062429	31.875731	0.08696761999999998	0.05718690000000001	-0.0420957712	0.0703793447	0.0967104542	0.0510936632	-0.0258501225	-0.0111664306	0.0144897827	-0.1161448376	-0.061300277	0.0722299832	-0.0206822871	0.07388798070000001	0.12284884310000001	-0.039441233199999995	0.0811714273	0.0184308469	-0.0059478998	-0.0064166364	-0.0155469099	0.0606014447	-0.0926138625	-0.0042374025	0.0746615613	0.0058173007999999995	-0.0164619775	-0.0538669778	0.0576117459	-0.0482663827	-0.0907817534	-0.028931001	-0.0494762264	-0.10123360220000001	-0.1094277134	-4.83068e-05	-0.0279398152	0.0299754402	0.0917199702	-0.1135601708	0.0022232035	-0.09220877220000001	0.0402309714	-0.0322181296	-0.0101866096	-0.0209712781	-0.090796427	0.0159148778	-0.0148362341	0.0669733367	0.021215171499999998	0.048958977300000005	0.0423265568	-0.049344610700000006	0.14683668630000002	-0.0637632345	-0.032789770600000004	0.11531575029999999	0.1507890174	-0.0704861561	0.0087786823	-0.13104122029999998	0.0239627785	-0.11844442779999999	0.010971487299999999	0.0205353484	0.0990560668	0.11745909199999999	0.09463847339999999	-0.10133077189999999	-0.0605110429	-0.12452941890000001	-0.0014976047	0.1440578375	-0.0049251548	0.1511370061	-0.028862356699999998	0.0932215039	0.0025014925	0.05544796019999999	0.0658080962	-0.0970734842	-0.0593605855	-0.013663873799999999	0.0314601752	0.026102185	0.0937961172	0.21326716760000008	-0.0771277991	0.13711423050000002	-0.0034071199	0.0415934958	0.022405410499999997	-0.0645592226	-0.023196002900000002	-0.0452517384	-0.047794057800000005	0.0504873754	0.1024221983	-0.0062127364	-0.0481791635	-0.014839905700000001	-0.09576179380000001	0.0595842958	-0.0189543525	0.064406542	0.14921650039999998	0.013056663	0.0100547081	-0.0776971696	-0.021620697799999998	-9.96176e-05	-0.059344814	-0.0694839026	0.1253433041	-0.1002965058	0.0007997205	0.0393802929	0.1951232798	-0.0080205526	0.0028181756	-0.1042590187	0.0665115403	0.007635706099999999	-0.10044865539999999	-0.0181413528	0.07471221900000001	-0.0332625562	-0.14653182539999998	0.10028333519999999	-0.0294157761	0.0716414323	-0.0753796557	-0.1243191091	0.000383534	-0.15702237800000002	-0.0579243584	-0.1104420934	-0.0222495938	-0.0035108376	-0.170834315	0.04477437769999999	0.10511803199999999	0.1290854482	-0.112076312	0.0258620621	0.128765665	0.12653307	0.12295084630000001	0.0638006317	0.09140846849999999	0.0462855974	0.025535439	0.0700752084	-0.0344499095	-0.045795509000000005	-0.0352164855	0.0699033158	0.0134966169	0.0008183280999999999	-0.0398516095	0.0784863517	0.0169557493	-0.0218880725	0.0749190092	-0.15644483720000002	0.017524318100000002	0.0536686109	-0.05631181110000001	-0.1090660245	-0.0509831871	-0.0054982	0.0005319699999999997	3.023020324e-05	2.8299208089999966e-07	0.034741	0.0114555	0.001206937081	0.00013122848025	-0.162175	0.053538	0.002866317444	0.026300730625000004	-0.00165561	-0.00023311999999999948	2.7410444721000003e-06	5.434493439999973e-08	0.000400276	0.000127678	1.60220876176e-07	1.6301671684e-08	0.0008539329999999998	6.804499999999976e-05	4.630122024999967e-09	7.292015684889995e-07	0.0	0.0	0.0	0.0
497.6221090903691	0.6957588765753826	247627.7634555472	0.4840804143334385	754.9234406786461	-0.2031611327515748	0.04127444586090299	569909.4012860854	457.24348318809166	0.4305788820855128	0.1853981736980099	209071.60291797863	465.257718216316	496.35347393196645	0.9905870000000002	29.720285	0.08119530499999998	0.040176599999999986	-0.058704115099999996	0.0920785532	0.062337217	0.0524692913	-0.0117925377	-0.0196481902	-0.0371551255	-0.0375871621	0.0594209782	0.0320346341	-0.053871892000000005	0.08729040560000001	0.0879635599	-0.0221656358	0.1464158279	-0.0636399579	-0.0212517358	-0.0214231509	-0.0204831836	0.0376137963	-0.0731974113	0.0918842984	0.150185562	-0.0595213687	-0.0356731698	0.0138526307	0.0105823046	0.08153833469999999	0.1067331859	0.087414585	-0.1411474809	-0.0213612047	0.0177128511	0.1277123081	-0.048494208399999995	-0.0370902391	0.0021451482	-0.04511112	0.13470587	0.031738924700000004	0.0306534648	-0.0498289099	-0.0410755694	-0.09536282130000001	0.0093014695	0.0019842330999999998	-0.0404955268	0.1021206058	0.0153581672	0.007888016500000001	0.0500434812	-0.0949990991	-0.0387353468	-0.001717904	0.0711165391	0.0699395806	-0.0021079108	0.011267193500000001	0.061874287199999996	0.1280934625	-0.0225668319	-0.051695564699999995	-0.08686935	0.136250015	0.0817303542	0.1944381862	0.0224953829	0.0026305534999999996	-0.04240109809999999	-0.038372886200000005	0.09060640199999999	-0.0211162197	-0.0824642611	0.0850888372	0.1048978116	-0.0242874556	-0.0474155433	0.0029937414	-0.1467711743	-0.0244379833	0.0810587965	0.0643140041	-0.1131075344	-0.054103447699999994	0.0085448077	0.0175767249	0.10617990949999999	0.0550926816	0.0250534334	0.0775235668	-0.0454041417	-0.1162626709	0.146338298	-0.0667684958	-0.1086982957	-0.056261621799999995	0.0253588386	-0.0929527515	-0.054266326100000005	-0.0549482305	-0.0301073725	-0.0368710291	-0.027070165	-0.0817121774	0.0294645098	0.0015659984	0.031658770600000004	-0.0979086226	-0.031148465400000002	0.0508200394	-0.09564225300000001	-0.0175203095	-0.089095445	-0.019031770400000002	0.0457032099	0.0469631321	0.0307253483	-0.0418133559	-0.0418300169	0.1306302391	-0.0123690995	-0.044583892300000004	-0.1037407022	0.0886535073	0.12912691169999999	0.0314328007	-0.1523027999	0.1293052602	0.044532487	0.039268051400000004	0.0529708477	-0.08776691449999999	0.05187221400000002	0.060002964699999994	-0.1123257045	0.0689641167	-0.0414912822	0.050536798200000004	0.0333473429	0.1768839502	-0.081951603	0.0563199835	-0.10115865240000001	-0.0110765369	-0.0191021088	-0.0910904462	-0.0458882704	-0.014464658200000001	0.06643577610000001	0.1468954491	0.030077501800000007	0.026243853799999998	0.032544179	0.055995025	0.0741388964	0.0984686462	-0.17539267260000002	-0.0347408967	0.0631839093	0.14138781050000002	-0.0270441058	-0.0145741887	0.0122931716	0.0036764140000000002	0.10643878609999999	0.0518828902	-0.0597668075	-0.1087228625	-0.043631796900000006	-0.014984	-0.009485799999999999	0.00022452025600000006	8.998040164000003e-05	0.034823400000000004	8.240000000000329e-05	0.0012126691875600005	6.7897600000005455e-09	-0.144729	0.017446000000000017	0.00030436291600000065	0.020946483441000002	-0.00212409	-0.0004684799999999999	4.5117583281e-06	2.194735103999999e-07	2.21109e-05	-0.0003781651	4.888918988100001e-10	1.4300884285800993e-07	0.000616956	-0.00023697699999999976	5.6158098528999886e-08	3.80634705936e-07	0.0	0.0	0.0	0.0
498.3691391655062	0.7470300751371042	248371.79887256768	0.5580539331593475	757.2583806835008	2.334940004854729	5.451944826271005	573440.2551153979	457.4530800669442	0.20959687885255107	0.04393085162473097	209263.32046273406	465.5529247794303	501.43557687455285	0.96988	29.099001	0.075099845	0.044218699999999986	-0.061319077	0.1244613648	0.033019857400000005	-0.011371186399999999	0.0186786664	-0.0749538924	-0.0018792914	0.0629126155	-0.0121352996	-0.0807007937	-0.0250911298	0.0695920452	0.06406163599999999	-0.0322123079	0.0549023741	0.0670995866	0.0467895727	0.0459440392	0.024590986000000002	0.0932707661	-0.07269207429999999	-0.0394422277	0.049865750099999995	0.0783322704	-0.17883274289999998	-0.0230303792	-0.118457724	0.0188733978	0.018222471	-0.06950397950000001	0.1862223652	-0.07519391980000001	0.1021234683	0.0379482517	0.051711236699999996	-0.03663722	0.0701482714	-0.0407244586	0.022870750899999997	-0.0321441531	0.070086643	-0.0361771362	-0.0220126546	0.10759035230000001	-0.121967576	0.024805683999999998	-0.049800845	0.08495133949999999	0.0346502449	0.0103401534	-0.0531976663	0.028687674700000002	-0.003078915	-0.0639822416	0.0557079325	-0.0886738051	0.0679415944	-0.0180305299	0.0590453349	0.1064736975	-0.0089262971	-0.0159611479	-0.04835832599999999	-0.029855071299999997	0.084424151	0.0503475131	0.0407858942	0.058814845899999996	0.07822335400000001	0.013131233999999999	-0.13390313380000002	0.0385394252	-0.1247116983	-0.046731278099999995	-0.015154237	-0.12614707	-0.0497838927	0.0230561888	-0.20844578800000002	-0.0580313446	0.0007529529	0.0357233145	0.015311053400000003	0.1585781442	0.0708073551	0.2163157036	-0.0084846854	0.039486016299999996	-0.0292647908	-0.101805715	-0.16875066149999998	0.0365966345	-0.118858277	0.2009849241	0.015273729199999999	0.1252184556	-0.0306139283	-0.0585174629	0.0544272793	-0.1074431394	-0.0010993231	-0.2069240853	-0.0397366762	-0.045687374	-0.0234683348	0.0214006757	0.0457844901	-0.0783242511	-0.0297097951	-0.05234934769999999	0.0426281642	0.0327948296	-0.0231106908	-0.045711111799999996	0.0522405122	-0.1275720918	0.0260302394	-0.034258958	-0.0179443601	0.105436621	-0.036924189700000005	0.0588270996	-0.0475453528	0.023091294	0.026177324100000003	-0.12099937300000001	-0.06234247320000001	0.032644597000000004	-0.0418532109	-0.0850634369	0.071123435	0.1197386375	-0.0156334736	0.0027453965000000004	0.0546611938	0.0878243094	-0.091096035	0.0437242509	-0.0233038192	0.25029933390000003	-0.0120778098	0.1095890402	0.011422521000000001	0.027107333799999998	0.1013626348	-0.050850207800000005	0.17579324780000002	-0.0714464264	-0.006149503299999999	-0.15848417480000002	0.0997589546	0.049498066900000005	-0.0228112996	-0.0540084155	-0.1493726589	0.0319226741	0.10574098470000001	0.0243581013	0.09530387929999999	-0.12754637	-0.20723951850000005	0.13447519119999998	0.0366185168	0.0738781515	0.024804499700000003	0.0500790271	-0.0631382147	-0.10803761810000001	-0.0360364	-0.0201762	-0.005192200000000001	0.00040707904644000014	2.695894084000001e-05	0.0308126	-0.0040108000000000045	0.00094941631876	1.6086516640000046e-05	-0.1744	-0.029671000000000006	0.0008803682410000002	0.03041536	-0.00156043	0.0005636599999999999	2.4349417849e-06	3.177125955999999e-07	-0.000138746	-0.0001608569	1.9250452516e-08	2.5874942277610002e-08	0.000616956	0.0	0.0	3.80634705936e-07	0.0	0.0	0.0	0.0
497.4363895688962	-0.9327495966100514	247442.96166733862	0.8700218099762136	756.8774928101967	-0.3808878733041183	0.1450755720301341	572863.5391226494	457.4012656995109	-0.05181436743333734	0.002684728672516889	209215.91786351454	465.58879729618724	496.2786985713395	0.976094	29.285444	0.06719209	0.036579900000000005	-0.0649497629	0.0830159582	0.036799282999999995	-0.007878519399999999	0.0721818097	-0.0844613229	0.0089642057	-0.0761937989	-0.05082556480000002	-0.07896192980000001	0.0599860967	-0.0076656076	0.025070080499999998	-0.0092244865	0.046834764800000005	0.1016220931	0.1058081205	-0.0147712378	-0.11783358990000001	-0.0688357549	-0.1044901399	0.0407903836	-0.016779064399999998	-0.0821254905	-0.1042403393	-0.1072178509	-0.171196685	0.22074394600000002	0.015656824	0.1298327586	-0.0565205524	0.0358314235	0.1270463419	0.1067948863	-0.0609810324	-0.07713470480000001	0.0085870426	0.056763185199999996	0.0225747681	-0.1049739351	0.1418209619	-0.0407543503	-0.0885546521	-0.0680274488	-0.010612833899999998	-0.019391428	-0.0261118417	0.0983653339	0.0038028623	-0.0062609821	-0.0285130415	0.0782265122	0.0575060279	-0.07250969269999999	0.0331497963	-0.10195824210000001	-0.0118781235	-0.0651067218	-0.0322551701	0.0861178368	0.0277023999	-0.08906218390000001	-0.09543944480000001	0.063400103	-0.0401999179	-0.038070917	0.018598385800000002	0.1232939091	-0.12857578460000002	0.050278494699999995	-0.0473846313	-0.1753498925	-0.174706079	0.0443035504	0.0115865845	0.027773736099999998	0.018033411399999998	0.0807238097	0.0592806605	-0.0495122671	-0.0120658979	-0.2258328226	0.0333777219	-0.1423277121	0.11030745089999999	-0.10923451140000001	0.12503148449999998	0.0307896258	0.0518867508	0.0672700105	-0.0155813519	0.0642894334	0.0987531655	0.027023613	-0.0233058648	-0.002515659	-0.0171880701	-0.0278149126	0.0216344367	-0.0026741482	0.020461453	-0.047136919000000006	0.2629295357	0.0616248343	-0.0197819045	-0.017110538300000002	0.0238413159	-0.10831710480000001	0.012157546200000001	-0.0318383215	0.052416726399999995	0.0081986549	0.08660611380000001	-0.0382336989	0.0570680161	-0.1198402492	-0.0050436890000000005	-0.061945005	0.0833350692	0.0331570948	0.0789665826	0.12049117220000001	-0.047248498300000004	0.1158614257	0.0076144635	-0.035448051	0.1469045493	0.0894297847	-0.0161306235	-0.1440032183	0.1036040797	-0.048429553300000004	0.1357523376	0.1504941473	0.006161090300000001	0.0139545425	-0.0071413842000000016	-0.069983293	-0.0198144613	-0.0799090771	-0.20678304879999998	-0.0181698712	-0.048392764500000005	-0.0046344399	0.1041737434	0.0584583967	-0.0416212106	-0.05715871	-0.07027508	0.1140142142	0.0361722259	-0.1385024574	0.0100802913	0.10264382400000001	-0.0648574706	-0.021949762299999998	0.015017527	0.0344141694	0.0794849883	0.0146908456	0.0145546187	0.1193907194	-0.226324699	-0.0642234697	0.1047878398	0.0482576524	-0.0664213173	-0.10701244730000001	-0.028239472999999998	0.00580194	0.025978140000000004	3.36625077636e-05	0.0006748637578596003	0.0347385	0.0039259	0.00120676338225	1.5412690809999998e-05	-0.197845	-0.023444999999999997	0.0005496680249999997	0.039142644025	-0.00167288	-0.00011245000000000005	2.7985274944000003e-06	1.264500250000001e-08	-0.000303157	-0.00016441100000000002	9.1904166649e-08	2.703097692100001e-08	0.000616956	0.0	0.0	3.80634705936e-07	0.0	0.0	0.0	0.0
495.7863276094085	-1.6500619594876866	245804.0826444237	2.722704470148344	755.2827519335235	-1.5947408766731996	2.5431984637324048	570452.0353682764	457.4339819815884	0.032716282077501546	0.0010703551129746488	209245.8478715321	465.4313454262664	483.68189674930227	1.01922	30.579344	0.05972155	0.0325204	-0.0289687481	0.0398358456	0.0692047581	-0.0338251649	-0.0052379963	-0.044186671	-0.0133081175	-0.06271357	0.0878825481	0.0401627156	0.036160015499999996	-0.038401509	-0.0271811311	-0.1026457668	-0.034102650899999996	-0.10753282199999999	-0.055115686500000004	-0.14028573960000001	0.0998083653	0.0041024949	0.0048393591	-0.0071641970999999985	-0.0024576085	-0.0263827633	-0.0035686811	0.0266272481	-0.0670499482	0.1227963285	-0.1669999458	-0.0683248695	0.0384672554	0.08133417650000001	0.0564951636	0.010227101700000001	0.1427535649	0.1558399825	-0.0879982084	-0.10279455400000001	-0.0172006962	-0.10871293189999999	0.0331640053	0.10395611	-0.0304885461	0.033051253100000004	0.0071078096	-0.0058017205	-0.0326619982	0.1010641293	0.0142409203	0.0301551208	-0.024548373999999998	-0.09385694050000001	0.008043133000000001	0.0902527787	-0.0007076204	0.0428807712	-0.0237677744	0.0449706432	-0.1512317973	0.0727930946	0.20144864699999998	-0.152972837	-0.0488839353	0.12459838699999999	0.19614182219999998	-0.0643136769	-0.0865900362	-0.0735668189	-0.0434425998	0.122218599	0.012536720900000001	0.0260530135	0.025271672400000004	-0.1025637604	0.048519588200000005	0.017307251200000002	0.001891221	0.046130676399999994	0.0497735858	0.0463204466	0.0285323947	-0.0191698046	-0.0302956263	-0.0266388036	0.08968327300000001	0.0184092958	-0.04841616730000002	-0.0501645238	0.0966360807	-0.07075539110000001	0.0350723582	-0.0164800062	0.013799221100000002	-0.020027698400000002	-0.0060354877	-0.0077951078	-0.0962258614	0.0086009005	0.0393095146	-0.1882884309	0.0084889333	-0.0325803001	-0.0458654009	0.0139771658	-0.1352778718	-0.0068442978	0.0231367834	-0.1045348941	-0.0126254269	0.007853515600000001	-0.0678662787	-0.1017848273	-0.058829095199999994	0.06770961589999999	-0.011128683700000001	0.0407400731	0.025702019399999998	0.14473992730000002	0.1366739056	0.0853305647	0.1411040199	0.16536881960000002	0.0617403047	0.0569591336	0.1620659233	0.1499817798	-0.0672902556	-0.058467714500000004	-0.08798881230000001	-0.1276335224	0.021037910400000002	-0.0464043082	-0.11645499779999999	0.0687551815	-0.034960126200000004	0.0156816152	0.0183393648	-0.0469457583	0.014889843799999997	-0.1001585071	-0.0713202228	0.027399876400000002	-0.0200900392	-0.0157961684	-0.034436251099999995	0.0125977752	0.0627512337	0.0929893651	0.0443075324	-0.0024625173999999997	-0.011857216200000001	-0.0359077669	0.0023218896	0.0354342174	0.0398982681	0.1369521268	-0.014751449	0.0657485582	0.0666447783	-0.1343274056	-0.08507870619999999	0.0360793239	0.0239665162	0.0645537496	-0.0393341508	0.0464194031	-0.0696115238	-0.1056505759	-0.0202846193	-0.00565686	-0.0114588	3.20000650596e-05	0.00013130409744	0.033141500000000004	-0.0015969999999999945	0.0010983590222500004	2.5504089999999816e-06	-0.16987	0.027975	0.000782600625	0.0288558169	-0.0015839	8.898e-05	2.5087392100000004e-06	7.9174404e-09	-0.00021945900000000005	8.3698e-05	4.816225268100001e-08	7.005355203999999e-09	0.000415819	-0.000201137	4.0456092769e-08	1.7290544076099998e-07	0.0	0.0	0.0	0.0
495.25338528921316	-0.5329423201953318	245275.91564042578	0.2840275166551836	755.5816396852401	0.2988877517166202	0.08933388812621601	570903.614229436	457.4481389513194	0.014156969731004663	0.00020041979196458229	209258.7998300256	465.5503015727343	479.4027760972688	1.034518	31.038326	0.04779604	0.0262282	-0.0061395178	-0.0080115861	0.033312195	-0.1006623608	-0.0108962775	-0.0429352342	-0.06920717559999999	0.1177244794	0.0433714552	-0.0013930154000000002	0.0423360236	0.0499563543	-0.0411731106	0.0448774849	0.0176580064	0.0732349299	0.160053369	0.0084716134	0.1257415939	-0.083779672	0.0399950786	0.09302037269999999	-0.0748982555	-0.027503325699999998	0.1933641751	-0.0019074248999999999	-0.0743626433	-0.0469149203	-0.1088462567	-0.19688128030000002	-0.058473194299999996	0.0454842589	0.1211487399	0.0487505134	0.031414199500000003	-0.054339702999999996	0.060053053899999986	-0.0382995073	0.0903879617	-0.1783959868	0.0353137138	0.09451284199999999	0.0009429116	-0.15512477859999999	-0.0014008788	-0.0004349811	-0.063263074	0.0521174396	-0.0301562185	0.0111640608	-0.0358396671	0.0159976983	-0.0207237878	0.0263339783	0.1075062928	-0.0297053135	-0.0394300669	0.166260169	-0.0025898778	0.0654053648	0.0888616992	0.1007557082	0.0766911151	0.055020392599999995	0.0837545913	0.0213756711	0.103872126	-0.041524139700000004	-0.1732078927	0.08244031269999999	-0.0383689827	0.1185728026	-0.0009076729	-0.044970088899999996	-0.0827942339	0.0304089458	0.1146140103	0.0912760888	0.0201532228	-0.11947422419999999	0.0565842055	0.04510872900000002	-0.1106565616	0.0665825085	0.013531323400000001	-0.0351742497	-0.1718369136	-0.0236592742	-0.0316031028	0.001102045	0.0296156598	0.0347876623	0.1345245436	-0.0059287836	-0.0091525515	0.1743119356	0.0192561607	-0.040886687000000005	0.1253044565	-0.006297495300000001	0.030693756200000002	-0.1262093003	0.0736976696	0.0403312148	-0.028018457099999998	0.002079793	0.0614219167	-0.0456946073	0.0373232842	-0.0200177044	0.010170308000000001	0.02487706	-0.06495840559999999	0.046082351699999996	0.12344828449999999	0.002496884	-0.03952325	0.1195583657	-0.0569204179	0.10618171	-0.0397007272	0.011331981299999998	0.0688181632	0.013679008500000001	0.1478230162	-0.0770825821	0.0029400580999999998	0.0683137693	-0.115008897	-0.0763376358	-0.1540324771	-0.1284447421	-0.0789889404	-0.026317229900000003	0.0794168601	-0.0663522795	0.1028998441	-0.047436802400000005	-0.0816506736	0.018312371100000002	0.0034932495	-0.02565277	-0.096320274	-0.08412537789999999	-0.0504386597	-0.083429621	0.0517296324	0.0795614383	0.0676519044	-0.0341316761	0.1627056315	-0.1902789027	0.0322067759	-0.06964472690000001	-0.1153969186	-0.052467441600000005	-0.0021709776	0.0273584363	0.0273246337	-0.0048877391999999995	-0.0172400571	0.0830641062	0.0100196651	0.088953611	0.0292120338	0.044564922	-0.07270437219999999	-0.10395628859999999	-0.0122163259	-0.0194483	-0.013791440000000002	0.00037823637289000013	0.00019020381727360007	0.03078	-0.0023615000000000025	0.0009474084	5.576682250000012e-06	-0.162767	0.007102999999999998	5.045260899999998e-05	0.026493096289	-0.0011501800000000002	0.0004337199999999999	1.3229140324000005e-06	1.881130383999999e-07	-0.000246061	-2.660199999999997e-05	6.054601572100001e-08	7.076664039999986e-10	0.000446299	3.0479999999999993e-05	9.290303999999997e-10	1.99182797401e-07	0.0	0.0	0.0	0.0
494.7823287802308	-0.4710565089823717	244809.5528731884	0.22189423465465924	756.7343066022604	1.1526669170202697	1.328641021593013	572646.8107888039	457.14564626307504	-0.3024926882443424	0.09150182644128893	208982.14189728454	465.4005937790042	472.8618790317744	1.022931	30.690676	0.0707541	0.034511900000000005	0.0025068059	-0.0395978818	0.0158557702	-0.0768279978	0.049032336100000004	-0.0480717096	-0.0101665038	0.0008807528999999998	-0.09103401970000001	-0.0252489893	0.0684517436	-0.0955501768	-0.0326837123	-0.051189248	-0.0170005554	0.0358338828	0.0033544083000000002	0.0466968166	-0.0533529349	0.066545799	0.011281153300000001	-0.1500571043	-0.0007684867	-0.10739593060000001	0.0426613604	-0.1080888433	0.0766468406	-0.0192789937	0.0023037856	0.0486466526	0.0040519114	0.0420506301	0.0767876077	-0.047566466200000004	0.0175690203	0.0041164141	0.0191111504	-0.053566095300000005	-0.1347478911	0.055100040499999996	0.12344694519999999	-0.020356700800000002	0.022442957000000003	-0.0228144751	0.0084727714	-0.032681577999999996	-0.0162105476	0.062077675199999995	-0.024833664300000002	0.06308599200000001	-0.0112148418	0.10658781869999999	0.09711833269999999	-0.0756854256	-0.0157724852	-0.0369167087	-0.0639527871	0.0663684846	-0.0072362323	0.0852733202	0.0063115893999999995	-0.012867353799999998	0.13032706230000002	0.1016502881	0.1118290331	-0.032139967400000004	0.1330349906	-0.0214797322	-0.0524727846	0.130905211	0.0285897608	0.1146006644	0.0548489172	0.0209088983	-0.0936123581	0.0906112976	-0.0960431558	0.1540454825	-0.0351700307	0.038524609700000004	0.0768159581	0.0784373629	0.0398941972	0.022175555	0.0440496795	-0.020016644	0.0232181009	-0.108694074	0.0866554478	-0.044396808899999994	0.0408709752	-0.0341363338	-0.06818255690000001	0.0631382149	0.0612358408	-0.2097194724	-0.0018956526999999999	0.0790796835	0.0179679674	-0.0344857581	0.0593274335	0.22778707469999998	-0.0183156953	-0.050992012	-0.0866435393	-0.0276873726	0.021534318599999998	-0.060016916	0.043645653300000004	-0.08498705570000001	0.0214046654	0.032054564	0.1162731073	-0.0169839763	0.061296764800000014	0.0171079423	-0.083308221	0.0512830295	0.0415336716	0.0670421593	0.0302222374	-0.0002386509	-0.0071186622	-0.05091316	0.2222443282	-0.1034418003	0.029060492099999998	-0.0803322586	-0.027804422000000002	-0.09095013710000001	-0.0787861126	-0.1549076754	-0.027904791	0.0039788115	0.00033403830000000004	-0.009981981800000001	-0.1484493794	-0.16636990210000002	0.0862459167	0.014879888700000003	0.0344667083	-0.015916615500000002	-0.0042638513000000005	-0.006060300699999999	-0.057167491200000004	-0.0283601527	0.0426992132	0.0440262435	-0.0076161991	-0.14589190400000002	-0.1305563955	0.0400132723	0.10220661	0.1358205698	0.24852695170000005	0.004786067	0.042731952000000004	0.0428497684	-0.0823341972	0.0018051332	0.0144464825	-0.0772014779	-0.011879105800000001	-0.060399562999999996	-0.10174152269999999	0.0426948575	-0.07569553700000001	-0.1019349164	-0.0040797138	-0.0218128	-0.0023644999999999985	0.00047579824384	5.590860249999993e-06	0.016065899999999998	-0.014714100000000003	0.0002581131428099999	0.00021650473881000006	-0.189754	-0.02698700000000001	0.0007282981690000006	0.036006580515999996	-0.00144262	-0.0002924399999999997	2.0811524644e-06	8.552115359999984e-08	-0.000316733	-7.067199999999998e-05	1.0031979328899997e-07	4.994531583999997e-09	0.000616957	0.00017065800000000002	2.912415296400001e-08	3.8063593984899995e-07	0.0	0.0	0.0	0.0
495.96948002776946	1.1871512475386794	245985.72511901602	1.4093280845326428	756.4846727528981	-0.2496338493623398	0.06231705874745935	572269.0601100592	458.3010804270986	1.1554341640235748	1.3350281073928572	210039.8803206459	466.4369850814177	472.1248640316442	1.293372	38.804642	0.43906445	0.208722	0.0336936084	-0.017564238	0.050449959800000006	0.0254056342	-0.0472275149	-0.05007285190000002	0.0432674926	-0.1620182542	0.0164126239	-0.0643902983	0.0895185058	0.1667226701	-0.0068599857	0.12356811449999999	0.0891476916	-0.026332493399999997	0.0470553487	0.041775960099999995	0.12210966599999999	-0.0361419086	0.0349785518	0.10056317070000001	0.0580031557	-0.1159397235	-0.0356512192	-0.15154922029999998	0.0150881147	0.027234961499999998	-0.012407219099999998	0.0016736693	-0.0710575187	0.0760064191	-0.0040288072	-0.1003013883	-0.0246631002	0.070948505	-0.0029023378000000003	0.0448179479	0.008633799999999999	0.1429033456	-0.0900358056	-0.0316308677	-0.0463979597	0.06490132280000001	0.056462971699999996	0.058726535	0.008662153	0.18996884519999999	-0.0410686118	-0.2126132079	-0.0825658313	-0.0580911241	0.0719916243	0.08753854470000001	0.2276233161	0.1254826181	-0.0066658536	0.04382361059999999	-0.2148815407	-0.0470362291	-0.017350636699999998	0.0996781971	-0.048398896399999995	0.014652656100000001	-0.2376622806	-0.17331712719999998	0.1518480229	-0.031410908599999995	-0.050811166100000006	0.1981777448	-0.0958710574	-0.0579397591	0.014164921399999999	0.09799398890000001	0.0037595038000000002	-0.0389201478	-0.0864779214	-0.1449372159	0.0397557692	-0.038839761699999996	0.05906255990000001	0.11731105060000001	-0.20329623460000001	0.0728870928	-0.0251169831	0.0665888119	0.0364601966	0.011386930600000001	0.1089450001	0.0029531834999999996	-0.0427204807	-0.0143289917	0.0107640084	0.0773881821	0.0933605222	-0.1063008483	0.0549489613	-0.0401663857	-0.0893731034	0.10166567189999999	0.019324729	0.0277600637	-0.0719278231	-0.1199874643	0.0175089537	0.059247201799999996	-0.0196961942	-0.1949944167	-0.0001321212	0.19018827600000002	0.1101489569	-0.0997478618	-0.0508332915	0.139050364	0.1957495153	0.065209954	0.0300823886	0.10140374529999999	0.1622155001	-0.05731623280000001	-0.043683672199999996	-0.147650187	0.0396098877	0.1524526604	-0.1412134168	-0.08084476269999999	0.161224675	-0.1203213019	0.0114412728	-0.111749705	-0.1309765106	-0.0414391878	0.0420497784	0.0881109982	0.07998397	0.10894032349999999	0.07255515679999999	0.1030521367	0.0012610272	0.0169826964	0.1366263478	0.0181176147	-0.19793076539999999	-0.007694606899999999	-0.0504666366	-0.1052189786	0.0360756483	-0.0558720645	0.1220115703	0.0028528178000000004	0.0122148691	0.1200226799	-0.0658209861	0.0301435309	0.062026582000000004	-0.1054094276	-0.0084419366	-0.048890915300000004	0.006274098299999999	0.037071465	-0.035701825699999995	-0.0912617176	-0.0776414808	-0.0228791356	-0.025890477599999996	0.0408098635	-0.07858083469999999	-0.0995928192	0.0040797138	0.111279	0.13309179999999998	0.012383015841	0.01771342722724	0.127998	0.11193210000000002	0.016383488004	0.012528795010410002	-0.13224	0.05751400000000001	0.003307860196000001	0.0174874176	0.000455311	0.001897931	2.07308106721e-07	3.6021420807609993e-06	0.000113588	0.000430321	1.2902233744e-08	1.8517616304100002e-07	0.000214678	-0.000402279	1.6182839384100002e-07	4.6086643684e-08	0.0	0.0	0.0	0.0
498.29194748743623	2.3224674596667683	248294.8649308219	5.393855101211011	759.0968341753737	2.6121614224756518	6.823387297070018	576228.003655075	459.0798980793888	0.7788176522901722	0.6065569355187755	210754.352820582	467.347779625954	479.9391360186327	1.1020660000000002	33.064938	0.23171710000000004	0.116737	0.0187651692	0.0324668811	0.051268358	0.048698997599999995	-0.027744422400000003	-0.1414937773	0.1459651613	-0.0610422155	0.0117209645	-0.11577062279999999	0.020160566799999998	0.0838123177	-0.078884186	0.1613059242	-0.091301311	0.0987798617	0.067216149	0.1684308134	0.1893602038	-0.1751219318	-0.0651427783	0.0437951158	-0.1903672093	0.052699292800000005	0.1040058794	-0.0634351733	0.0907146367	-0.048730626299999996	0.12046289310000001	-0.019803795	0.048504214500000004	-0.1516851041	-0.030455964199999998	-0.0632191553	-0.0485913669	-0.0759114837	-0.0508689667	0.0262926852	0.025906376600000003	-0.0296138731	-0.069989201	-0.024236035099999997	0.062739798	-0.0004573828	0.1298032635	0.0651588338	0.043542573200000004	0.24350759600000002	-0.0156990179	-0.2534870818	-0.14699334390000002	-0.0004899673999999999	0.076166573	0.0734703976	0.1748437146	0.14879452869999998	-0.0018573320000000002	0.037757007200000005	0.0077451097999999986	-0.129390795	-0.2449732888	0.0183895166	-0.0631702881	-0.040575425899999996	-0.12375774199999999	0.2275445638	-0.1129508114	0.0053243411	0.1290526562	0.19562445760000002	0.0299431424	0.045625413499999996	0.0907978394	-0.11359314	-0.010567378799999999	-0.08554718130000001	-0.0419864174	0.0387617923	0.0653314022	0.1697417676	-0.07539260190000001	-0.0886022593	-0.0321566672	0.0165344177	-0.026472941099999998	-0.1017323719	-0.0038782191999999997	-0.1019536989	-0.050218329699999995	0.0236671948	0.0140059724	0.0733739343	-0.10474764980000001	-0.1210091417	-0.040135154	0.0551389034	0.0820713307	0.0370355573	0.0506186139	-0.1061869426	-0.0663593754	0.0206048788	-0.0510853465	-0.0814676487	-0.05676292700000001	0.06677098669999999	-0.0569384847	-0.24883760649999997	-0.020544806000000002	0.160841086	0.2364273824	-0.0435497544	-0.0414243715	0.0896402333	0.1836910363	0.1178984369	0.01375026	0.0090106731	-0.0594964687	-0.0717081849	-0.14249216369999998	-0.26488289600000003	-0.1424822461	-0.0461549111	-0.1392381059	0.1197644183	-0.1810023641	-0.0215852582	0.022708962000000003	-0.111827354	-0.0158248164	0.11999617380000001	-0.1045830611	0.0825781977	0.056739454	0.1172652366	-0.0078293466	-0.11715985	0.006868293100000001	-0.1345192434	-0.0128999701	-0.011313591299999998	0.1003244598	-0.008253320500000001	0.0408945437	-0.0025833506	-0.1433241451	0.0095932914	-0.1124863796	-0.0153836925	0.0075542725	-0.0048298593	-0.1007397427	-0.026943134599999998	0.0511227444	0.051212231500000004	0.0751209245	0.16848788329999995	-0.0315761417	-0.0028123821999999996	0.11225164230000001	0.0199577115	0.023434414	0.0454743562	0.0171876451	0.0389105992	-0.08135623	-0.09693736609999999	0.0122163259	0.0131153	-0.09816369999999999	0.00017201109409	0.00963611199769	0.14615699999999998	0.01815899999999998	0.021361868648999995	0.0003297492809999993	-0.170528	-0.03828799999999999	0.001465970943999999	0.029079798783999994	-0.000544061	-0.000999372	2.96002371721e-07	9.987443943839998e-07	0.000254066	0.000140478	6.4549532356e-08	1.9734068484e-08	0.000616956	0.00040227800000000005	1.6182758928399999e-07	3.80634705936e-07	0.0	0.0	0.0	0.0
496.19774180743417	-2.0942056800020623	246212.19897479712	4.3856974301528995	753.801277089131	-5.295557086242752	28.042924853655826	568216.3653412048	456.93853057571283	-2.1413675036759514	4.585454785799376	208792.82072469164	465.08767891879853	483.4070476644805	1.447618	43.43243	0.4183845000000001	0.217284	0.0360505604	0.12080392710000001	0.0932522351	0.055231502800000006	-0.14245743630000002	-0.005659163399999999	0.0151905099	-0.048176422999999996	0.0344619672	0.09411872240000001	0.1871237557	-0.1416896774	0.1268202462	-0.0112548623	-0.1448654527	-0.053594271	-0.0344003128	-0.0356359179	0.0016471295000000002	-0.0263257775	-0.10068218	0.0595741901	0.030144155699999998	-0.1049573519	0.098995804	0.0833623516	-0.0502411781	-0.049346347900000004	0.0988859411	0.016265105	0.0624413325	0.1177115224	-0.06692844719999999	0.0832019718	0.1018311403	-0.0656166666	0.1090510073	-0.0130692168	0.0209273639	-0.049631439299999996	-0.13560492429999998	-0.08684686330000001	0.09294292	0.0434543818	0.005807506	0.0822120381	0.024803205	0.057064282599999995	-0.11693204880000001	0.1627601652	0.0646279867	-0.1780383426	0.0576826652	-0.1342589108	-0.1059476356	-0.0899137015	0.016810191000000002	-0.0876989258	0.058898528600000014	-0.2860110634	-0.14232297	-0.1508342395	-0.051605764900000003	0.0824322569	-0.07665484980000001	0.02254503	-0.0159617716	-0.0453491809	-0.0047966445	-0.0707564153	-0.0143004316	0.0341370184	-0.10420443720000001	-0.0365001969	0.09211892890000001	-0.0896728295	-0.07601782929999999	0.0724277521	-0.0562133259	0.08782642939999999	-0.09987676029999999	-0.004581201500000001	0.059927595	0.1038643392	-0.00021150400000000005	0.0037434744	0.0279996098	-0.1872525893	0.11657342	-0.0699501055	0.1375458156	0.0380695737	-0.029671293300000002	0.0024644465	0.0424399253	0.0938731999	0.14042096810000002	-0.0585121788	-0.025531156800000003	-0.0748326524	0.038014528900000004	0.1004861863	-0.0936642371	-0.11331956900000001	-0.1168756038	0.08333278059999999	-0.0335934222	-0.059724571500000004	0.1316895743	-0.0386267707	-0.1661101119	-0.14513483359999999	0.0571701769	-0.2069808704	-0.0942517918	-0.0590967326	-0.0300779535	-0.0613758258	-0.060287562300000014	-0.2618904946	0.07215151759999999	-0.0969968264	-0.2200453145	0.028094332599999997	-0.0150189323	0.0968075744	0.0209089878	-0.053395610499999996	-0.046732274000000004	0.0029844824	0.1147504199	0.0298469994	-0.0110417276	-0.0071457844	-0.1063054675	0.10448243089999999	-0.0162281425	-0.023574425899999998	-0.1078604653	0.0636202919	-0.0291304317	0.0104233457	0.08315720900000001	-0.052123384	0.0896629742	-0.040387319399999996	-0.0352901938	0.0107371691	0.1056457611	-0.06415118730000001	0.0278935505	-0.1583067477	-0.0995445125	-0.0592756468	0.1010377584	-0.0197651432	0.1519766013	0.0606325338	-0.0159608358	0.0753199656	-0.0094097856	-0.1557836395	0.0672316616	0.0039322288	-0.15602165169999999	0.0369977288	-0.0840178413	-0.0939769123	0.0202846193	-0.17539100000000002	-0.1885063	0.030762002881000006	0.03553462513969	0.129799	-0.016357999999999984	0.016847780401	0.00026758416399999947	-0.07895360000000001	0.09157439999999996	0.008385870735359995	0.006233670952960003	-0.0012756200000000005	-0.0007315590000000004	1.6272063844000013e-06	5.351785704810008e-07	-0.0008132369999999999	-0.0010673030000000001	6.613544181689998e-07	1.139135693809e-06	0.00125701	0.000640054	4.09669122916e-07	1.5800741401e-06	0.0	0.0	0.0	0.0
494.8112187273349	-1.3865230800992665	244838.14217843045	1.9224462516479564	755.9143053863852	2.113028297254232	4.464888584997119	571406.4370877814	456.3926188240457	-0.5459117516671199	0.2980196406082632	208294.22251707065	464.56046723349436	473.9013519743908	1.103215	33.099403	0.22093565	0.13604000000000002	0.0689863044	0.074944444	0.0696803887	0.008264531700000001	-0.060913702300000004	-0.0805854864	-0.046800063499999996	-0.0033177759999999997	0.08949301789999999	0.0270162798	0.051573382800000005	0.0173551941	0.0506439053	-0.023769844900000003	0.0625815984	0.054219677599999995	0.0340508447	-0.1035243138	-0.0409163851	-0.1585878883	-0.055019762400000005	0.0371829256	-0.0345508526	-0.0022284295000000003	0.1300011512	-0.0678191697	0.08790085019999999	0.0533738704	-0.0347560266	0.1059288783	0.1359422897	0.020081926899999998	-0.0091557935	-0.1558018871	0.0887850573	-0.024796969199999998	0.038508375899999996	0.0551768581	-0.0650316987	0.0536282014	-0.0060901789	0.0144311793	0.015526067099999999	0.10392374060000001	0.0036994506	0.0900767856	-0.0507023031	-0.026414346600000003	-0.0959612959	0.039558187	0.0118849173	-0.17046319769999999	-0.124425935	-0.1068316966	0.0396060511	-0.0370186131	-0.0028840982	-0.1340574766	0.0083498945	-0.0407176516	-0.07611775309999999	-0.014631303100000001	-0.0801601143	-0.1384986593	-0.0659098981	-0.09595314699999999	0.20309079230000002	0.038263422799999995	0.022339749	-0.0438825487	0.1331377705	0.17213494199999999	0.1820772025	-0.12233414869999999	0.0246299634	-0.021636387599999998	-0.06703550309999999	-0.0080787964	0.058453647699999986	-0.1005123411	0.0257662012	-0.0163693482	0.06346580339999999	-0.1225059362	-0.12907741890000002	0.0534490315	0.007429673	-0.0463974077	-0.0887103725	-0.028861939700000002	0.0183758876	0.0333498969	0.0995148167	0.0830584069	0.044994041799999995	0.18996728579999997	-0.0848329026	-0.0793165188	0.029306218	-0.0068151607	0.07549264730000001	-0.11928871349999999	-0.0319476032	0.0571228717	0.0743851044	0.08664813240000001	0.0407152061	0.022635489100000003	0.0815616928	0.033952509	-0.0938861486	-0.058856488	-0.1580271546	-0.1280158166	0.0141382902	-0.059478597	-0.000326616	-0.116901407	0.0674855464	-0.07565352610000001	0.0129917952	-0.0223285534	-0.0645986152	-0.009104878	-0.17674767519999998	-0.15082555890000002	-0.0262133601	-0.12017869449999999	0.0736334691	0.0794411898	-0.12403045089999999	0.0062941814	-0.1762890702	-0.0271218512	-0.1658579925	-0.011619691699999999	0.1092271676	-0.182596113	0.010107691	0.027062449300000003	0.0078481851	0.0180636299	0.0037616646000000003	0.0784973644	-0.0991248831	0.0856032083	-0.037696146	-0.10032808	0.023157470099999997	-0.015025637	0.1050175408	-0.159878797	0.1358381992	-0.009350123	-0.1322324643	-0.09335608390000001	0.0265188137	-0.044553426900000005	0.0222195738	-0.08515903279999999	-0.0716212603	0.059881006699999996	0.0361035243	-0.06719449059999999	0.0191578149	0.035071921	-0.0865619461	-0.0907207723	0.028239472999999998	-0.051972300000000006	0.12341870000000002	0.0027011199672900012	0.015232175509690003	0.0913342	-0.038464799999999987	0.008341936089640001	0.0014795408390399995	-0.0981436	-0.019189999999999985	0.00036825609999999935	0.00963216622096	-0.0014904199999999995	-0.00021479999999999893	2.221351776399998e-06	4.613903999999954e-08	-0.00130637	-0.0004931330000000002	1.7066025769000004e-06	2.431801556890002e-07	0.0011677	-8.931e-05	7.9762761e-09	1.3635232900000002e-06	0.0	0.0	0.0	0.0
493.51367612268217	-1.2975426046527332	243555.74852012363	1.683616810888999	753.7592901559767	-2.1550152304084804	4.644090643292516	568153.0674964419	455.9279838164779	-0.4646350075678356	0.21588569025756266	207870.3264269585	464.03899092202425	477.8354441727758	1.059456	31.786514	0.10226915	0.0510862	0.0452616243	0.0504335974	0.0669605492	-0.0956248439	-0.055298514400000005	0.0021983386	-0.0879698888	0.1153669382	0.0166856692	-0.0486022799	0.1567680753	0.1503102986	-0.0079857363	-0.1580868034	-0.13999013970000002	-0.13639340619999998	0.0745900042	0.0508470672	-0.0708377976	0.13315003720000002	-0.11150667199999999	0.016889121	-0.0636742976	0.2048274033	-0.102903477	0.0472338324	0.1838415739	-0.12691829	-0.021262285	-0.1106788689	-0.0380571658	-0.0783100737	0.0273974538	0.0182110134	-0.0239957009	-0.0552935552	-0.0009878582000000002	0.0912054996	-0.0290118125	0.055743453	-0.0618247216	-0.07070373690000001	-0.0007266289	0.1095588966	0.081152444	0.041995440700000004	-0.0159864654	-0.0231578019	-0.0942654216	0.10895212580000001	-0.0398176083	-0.0748376606	-0.1161050274	-0.0120153129	-0.0285785635	-0.0158182806	0.034265818999999996	-0.2053822611	-0.0631443294	0.0446977048	0.10309595519999999	0.06596418700000001	-0.1629829288	0.12978839890000002	-0.041422682	-0.0674737616	0.1040148766	-0.0616492826	-0.0191394166	-0.11173731029999999	0.1623738248	0.1664590064	0.10397406529999999	0.0594836611	-0.2387777004	0.0688812857	0.0378638844	-0.1435812473	-0.0510500655	0.0690495159	0.005763886899999999	-0.0675791587	-0.013886006499999999	0.1385302482	0.019913919	-0.0290467589	-0.046882065300000005	-0.025673151	-0.0180369845	-0.0568276108	-0.0033562804	0.0673151813	-0.1468285117	-0.046110733200000004	-0.1000602782	-0.173543403	0.027554078500000002	-0.0328203965	0.025728683	0.0994574899	-0.0923163816	0.0453401605	0.081422751	0.0711077187	0.0921008258	0.0420198699	0.020313569099999998	0.026080397400000004	0.11140795490000001	-0.0891325146	-0.047691719800000004	-0.0030645138	-0.1397700099	-0.0337597461	-0.0707847483	-0.0604054022	0.044523374000000004	-0.1581561535	0.1395299425	-0.023621985499999998	0.044921822	0.0031800376	0.0822317994	0.24003745399999998	0.002355685	-0.0446007218	-0.04872667309999999	-0.023594715699999998	0.10816994960000001	0.17507915559999998	-0.132666657	-0.1697963244	-0.0846510829	-0.22315297309999998	0.114576604	-0.0323918888	0.055412460999999996	-0.010803643	0.1640939408	-0.06521844269999999	0.08362167969999999	0.0599896242	0.0740603489	0.017662772	0.0668912625	-0.0539169531	0.0387160774	0.0259336468	-0.1232282985	-0.1583257882	-0.085442214	0.0404921226	-0.13563935970000002	-0.0760491388	0.0517923408	0.0238687354	0.0012803139999999998	0.0338153774	0.0223429368	0.09900130019999999	0.0541037267	0.08408715539999999	-0.043081407	-0.09471510890000001	0.0554513777	0.033133849300000004	-0.0889849861	-0.08717919119999999	0.0360364	-0.036000300000000006	0.015972	0.0012960216000900005	0.000255104784	0.0861138	-0.005220399999999999	0.007415586550440002	2.725257616e-05	-0.13050699999999998	-0.03236339999999999	0.0010473896595599992	0.017032077048999998	-0.000909698	0.0005807219999999994	8.27550451204e-07	3.3723804128399936e-07	-0.00138967	-8.329999999999991e-05	1.9311827089e-06	6.938889999999985e-09	0.000857455	-0.000310245	9.6251960025e-08	7.352290770250002e-07	0.0	0.0	0.0	0.0
489.51595482409454	-3.9977212985876345	239625.87002734496	15.981775581181203	751.95331373633	-1.8059764196467543	3.2615508283201087	565433.7860390475	455.65963941225675	-0.2683444042211249	0.07200871927679049	207625.70698930786	463.81422109286245	461.0110319075219	1.153444	34.606415000000005	0.05246149999999999	0.0241897	0.0906163743	-0.0610360199	0.0390376116	-0.2152106123	-0.0378740205	0.0591716445	-0.1051957976	0.1764356808	-0.08288669929999999	-0.025740832	0.3119448743	-0.0089463023	-0.1022875843	0.099493165	-0.0870951348	-0.1349018358	0.0309707935	-0.0471492709	-0.2072812867	0.0380087648	-0.0732097091	-0.0485225821	0.1348268143	-0.0444711084	0.0101187013	0.0402251702	0.0909991831	-0.0022186723	0.012115366399999999	0.0563659561	-0.0449417279	-0.1361275975	0.2008372894	-0.031703948100000004	-0.1452723118	0.15208443230000002	-0.002761645	0.0007580705000000001	-0.0039257604	0.0788053512	-0.0733139966	0.052099867	-0.0398161092	-0.08665034939999999	-0.08955657410000001	0.0199202259	-0.0175026853	-0.0190809734	-0.2192844222	0.0541379888	-0.1206885678	0.20410218870000002	-0.060956570700000004	0.062490874	-0.0385872423	-0.10646986789999999	-0.0724669623	-0.0756001117	0.09788442259999999	-0.038500268	0.1275704714	-0.0620121113	-0.0787446914	-0.0839987016	0.11865375060000001	-0.051648103499999994	-0.0063775404	0.0755334226	-0.0639360315	0.0192208128	-0.0029737126	-0.0524377001	0.030032106	-0.0818721062	0.0032365285	-0.25321419300000003	0.0871845028	-0.059107677000000004	0.12389479800000001	-0.0500433687	-0.0381888185	-0.0225171433	-0.1477975634	0.1217551557	-0.0038931067999999997	0.0405143415	-0.0375198931	0.1529781418	0.02724389	0.0207069007	-0.0262246447	-0.0926700486	-0.0298947961	-0.0641614054	0.1470099554	-0.1292424715	0.0608746433	0.0836446465	-0.0079615287	0.0231199802	0.0570929379	0.0071010482	0.033972429900000004	-0.013701136000000001	-0.0312923539	0.0224261327	0.0161172696	0.022923291499999998	0.2617281762	-0.0901269076	0.107326996	0.0514719201	0.0001795738	0.1439925509	-0.0687246055	-0.08422167900000001	-0.0716949818	-0.1280225543	-0.10834682009999999	-0.0226817323	0.112862208	0.2254667907	0.0109468928	0.025493353399999998	-0.0403166225	-0.0361255293	-0.013770971299999999	0.0734514986	-0.054012196500000005	0.0319012376	-0.0446965044	0.0291963456	-0.1658904332	0.0785234604	0.0581105337	0.1070440479	0.0465668666	0.18785236440000005	-0.0650061937	-0.1154878511	0.070929117	-0.1346706006	-0.0997796267	-0.0967328776	0.06780739	-0.012789838000000001	-0.0009357167999999999	0.0430823626	0.0685200217	0.0050866019	0.0214675911	0.1370712018	0.032822663599999996	0.0286900734	0.12159952210000001	-0.1287076476	-0.047991138899999994	0.0736090767	-0.0953236158	-0.0594222317	-0.0578786575	0.0181780536	-0.0513164831	0.044906693899999996	-0.0086556977	0.0311841915	-0.0912835726	-0.0833633121	0.043631796900000006	-0.0461467	-0.010146399999999993	0.00212951792089	0.00010294943295999986	0.07816360000000001	-0.00795019999999999	0.0061095483649600026	6.320568003999986e-05	-0.146618	-0.016111000000000014	0.00025956432100000045	0.021496837924000003	-0.00101794	-0.00010824199999999992	1.0362018436e-06	1.1716330563999983e-08	-0.00125538	0.00013429000000000002	1.5759789444e-06	1.8033804100000003e-08	0.0007349089999999997	-0.0001225460000000003	1.501752211600007e-08	5.400912382809996e-07	0.0	0.0	0.0	0.0
487.1021372384653	-2.413817585629204	237268.4921022807	5.826515336692798	754.1954428814666	2.2421291451366874	5.027143103471371	568810.7660631717	455.7236966874144	0.06405727515766557	0.0041033345006248785	207684.0877224425	463.8347574314295	435.1292909231314	1.176415	35.295605	0.043839200000000016	0.0208966	0.1589891692	-0.2010378364	-0.0070559368999999995	-0.1720808277	-0.0337325889	0.032867414399999996	-0.0932451185	0.0339375346	-0.0434133645	0.0066597011	0.1212812953	-0.104139761	-0.0157433556	0.021646013199999998	0.0325100029	0.1976069763	-0.042411568200000006	0.0285862144	-0.0544554792	0.007288591899999999	-0.0141020252	-0.1180657666	0.0268432548	-0.0182139824	-0.012107091799999999	-0.008991983299999999	-0.0679096927	0.0200032164	-0.184602658	0.1388175684	-0.1459771714	-0.043199053700000004	-0.1430224686	-0.0769425365	-0.055279021100000006	0.1415152255	0.0120009682	-0.0809203837	0.0200031819	0.1373855493	-0.10856570019999999	0.0668317717	0.24017115260000002	-0.0098357713	0.0290392756	0.027729381400000003	-0.0178533996	-0.0819792137	-0.23301468120000002	0.0729792988	-0.09109834720000001	0.055967949100000004	0.0694668353	0.23486862149999999	-0.14031165380000002	0.0361154172	0.0409021373	-0.0090038519	0.05745708190000001	0.1327418453	0.0482411029	0.0802491996	0.1554947538	-0.1552211951	-0.0797939921	0.0893155543	-0.0461577057	-0.0382713132	-0.042915869100000004	-0.034510766899999996	0.068340372	-0.030994410099999998	0.0189887718	-0.0687420436	0.1157218635	0.10790465910000001	0.0530586486	0.0067224701	0.09703802789999999	0.023420139500000003	0.1001648587	-0.1636791698	-0.0306614872	0.0249441134	-0.0159356555	-0.0278351811	0.039055917999999995	-0.0553253981	-0.0294290586	0.11795878800000001	-0.1233738298	-0.06691422179999999	-0.0127427404	-0.1120271324	0.0948208185	-0.16707954960000002	0.0449144194	-0.0326704668	0.019893919399999998	-0.07571971400000001	-0.052363895199999996	-0.0036612595	-0.1022837383	-0.099575775	-0.0159257322	0.0283112557	0.0184593062	0.0775242446	0.2452925216	-0.0569740353	0.0443024452	-0.0555469395	0.0663126462	0.18534004699999998	-0.16904660940000002	0.0318740187	0.044738898	0.0071733082	-0.05866888360000001	0.10132424970000001	-0.0296775782	-0.1306405802	0.15949653119999999	-0.14557060089999999	-0.07957931530000001	-0.0258605564	-0.0099371439	0.12562452429999998	-0.1040716341	0.0158161226	0.08873660109999999	-0.0701788487	0.0177075882	-0.0129498942	-0.1113815968	-0.0355051044	-0.0372622031	-0.051025625199999994	0.11218062890000001	-0.1559531918	0.0144128297	-0.12831701	-0.035219896	-0.0540253459	0.020810166499999998	0.0264124751	-0.0703400699	-0.119389755	-0.0169929588	0.041651945499999996	0.08119753269999999	0.1381709468	0.0533048387	0.0385114663	0.1016689171	0.0363303885	-0.0607893287	0.0715608599	0.05430618809999999	0.0748720945	0.0147849214	0.06027983610000001	0.0848583111	0.0141462464	-0.0088398695	0.0292236292	-0.0934544907	-0.0792851412	0.0509831871	-0.0460955	5.120000000000125e-05	0.00212479512025	2.6214400000001274e-09	0.0710092	-0.007154400000000019	0.005042306484639999	5.118543936000027e-05	-0.13609000000000002	0.010527999999999982	0.0001108387839999996	0.018520488100000003	-0.0008689979999999997	0.0001489420000000002	7.551575240039995e-07	2.2183719364000063e-08	-0.000944077	0.000311303	8.912813819290001e-07	9.690955780899998e-08	0.000673042	-6.186699999999974e-05	3.827525688999968e-09	4.5298553376400003e-07	0.0	0.0	0.0	0.0
486.58413791115004	-0.5179993273152945	236764.12326673712	0.26832330309909763	754.7010355348656	0.505592653398935	0.2556239311709756	569573.6530373985	454.72184827663216	-1.0018484107822587	1.003700238186937	206771.9593001165	462.792961133859	426.7536168923922	1.033159	30.997547	0.04823075	0.0240815	0.1812178715	-0.2402722752	-0.0770602237	-0.014074039699999999	-0.0384773061	0.0261269936	-0.0316105965	-0.09251196769999999	0.0288483123	0.1403999392	0.17341555460000002	-0.1418363172	0.0330717744	0.121199876	-0.035532107599999994	0.1614292716	-0.0220632774	-0.06916492839999999	0.058609491	-0.048956464299999995	0.15044517470000002	0.07485152169999999	0.0111748833	0.043753674000000006	-0.0439398164	-0.0544199844	0.0778228163	0.015760798200000002	0.0490675725	-0.0005697444	-0.1600887217	-0.0962534645	-0.060704838899999995	0.0193859615	-0.0728186706	-0.1553361631	-0.0373380835	0.0095131515	-0.1286647077	-0.0627330683	-0.0428934962	0.08846022140000001	-0.0771968386	0.00294736	-0.0474851758	-0.006728572800000001	0.0059311255	-0.1274707565	-0.1935104798	0.011059786200000001	-0.0770782953	0.0675753435	0.1091291609	0.1277327752	-0.0501746011	0.0073454613	-0.0767288347	0.149272163	0.036574142000000004	-0.10789584349999999	0.0970146005	-0.006579061800000001	0.06743756070000001	-0.011682011599999998	-0.0940555619	-0.18610970710000002	-0.1541457524	-0.043002034800000005	0.102607886	-0.09283988509999999	0.0390373652	-0.0431603872	0.1300013477	0.0730779826	-0.0750697775	-0.12784530859999998	0.0780999593	-0.0138992218	-0.1453790148	-0.210521622	0.0230866465	-2.505510000000001e-05	0.0137702221	-0.09530919289999999	0.0417292638	-0.122346833	0.2508151712	0.0071524641	-0.1643067962	0.080648123	-0.0120324401	0.0340939238	-0.017419146	-0.030249544399999998	-0.078549665	0.0772306047	-0.010098058299999999	-0.11897392949999999	0.08750318259999999	-0.18954413620000002	0.0064689154000000006	0.0133366473	0.0111800786	-0.0634199939	-0.0273072246	-0.0046154041	-0.0054568716000000005	0.1248522759	0.1938977925	0.0062621182	0.0457175362	-0.1130985792	0.0847451975	0.1484880176	-0.0406916894	0.0727130818	-0.0540207419	0.08646892460000001	-0.1001531539	-0.029493337999999997	0.098160839	0.0267902017	0.14129024199999998	-0.0739413789	-0.0748135584	0.1401953917	0.0754133574	-0.1675131616	0.0874598656	0.1356956707	-0.1119209914	0.1035433998	-0.0563699171	0.0087215332	0.0389710467	-0.1252342955	-0.0747502775	0.0196117994	-0.0593033989	0.1524183513	-0.2031182562	-0.0366700692	-0.0560995015	0.1327108789	0.1216897091	-0.11674945460000001	-0.1170327941	-0.10759904880000001	-0.1834527401	0.1665062464	0.1456072391	-0.0123871104	0.0040597458	0.060933043799999996	-0.0525113413	0.0698431261	0.0347115978	0.011674163799999998	0.0591342746	-0.0009434908	-0.0434471855	0.047045788399999997	0.0063500219	0.0037609256	-0.09784884099999999	0.027252848	-0.0954947043	-0.0749575099	0.05804945860000001	-0.0460168	7.869999999999405e-05	0.0021175458822400004	6.193689999999064e-09	0.0611256	-0.0098836	0.00373633897536	9.768554896e-05	-0.138011	-0.0019209999999999785	3.690240999999917e-06	0.019047036121	-0.000515536	0.0003534619999999997	2.65777367296e-07	1.2493538544399982e-07	-0.0008078029999999997	0.00013627400000000025	6.525456868089996e-07	1.8570603076000068e-08	0.000910255	0.00023721299999999998	5.6270007369e-08	8.28564165025e-07	0.0	0.0	0.0	0.0
487.77576189871803	1.1916239875679937	237925.1938958749	1.4199677277474454	754.6618297874544	-0.03920574741118799	0.0015370906300698735	569514.4773381486	454.3782599681922	-0.34358830843996196	0.11805292569663448	206459.60313172202	462.5082341823815	429.2566115771671	0.970375	29.113859	0.07525654999999999	0.0345158	0.1857291565	-0.2047742334	-0.0785403486	0.05634861450000001	-0.0530413414	0.01894706	-0.0775387033	-0.0399496615	0.0812931567	0.0725372182	0.0097419452	-0.1132465923	-0.0145876678	0.1420460926	0.0437502396	0.060890485999999994	-0.022512254	-0.0201958122	-0.043988209400000006	0.0211312327	0.1491189427	0.156454843	-0.0859474648	0.10229312	-0.1087404363	0.09009026070000001	0.0196151561	0.0631812843	0.1266650396	0.0411385591	-0.0960820892	0.0526565395	-0.0232595929	-0.0281042744	0.0591664516	0.08668112789999999	0.1367241015	0.0612628255	-0.0701123409	0.0636913901	-0.023140364	0.0258279613	-0.10468945449999999	0.07267276519999999	0.0330177356	0.0183573735	0.0391373121	-0.18087152620000002	-0.12043432550000001	-0.0375025881	-0.10851385179999999	-0.0250981937	0.107979885	0.2209367023	-0.022850436600000003	-0.0026245346	-0.0100230518	0.042815043	0.0836248117	0.0181964015	-0.1077096141	-0.052480135	0.0169486245	0.0481453305	-0.0240499648	-0.0015988901000000002	0.014382860800000001	-0.08467117140000001	0.1134903634	0.03894836	0.0392901545	-0.0174914744	-0.07839201950000001	0.1020455157	-0.0655766091	0.1553340495	-0.129164203	-0.08302726120000001	-0.1499957636	-0.027012499300000003	0.1405858996	-0.0009980034	-0.009408865	0.0877540291	-0.0005532324	0.0880763319	3.4427e-05	0.0896670825	0.06322137530000001	0.0119067399	0.0021792635	0.066787263	0.1282128717	-0.029048397099999998	-0.0678891507	0.0678270468	-0.0354964675	0.051442954400000004	-0.0160031847	-0.0942925933	0.0672098954	-0.07166799759999999	-0.0131762661	-0.0923864981	-0.0314697518	0.0225040961	-0.0341291996	0.1820483484	0.110573269	0.0565663742	0.0630639883	-0.1698528366	0.0351628311	0.1979706937	-0.05659707980000001	0.0230213839	-0.0214324621	0.0052963467	-0.06771343120000001	0.012489638700000001	-0.0118895941	-0.1030411528	-0.0896407364	-0.0566482302	0.0527550547	-0.003611677800000001	-0.0449559524	-0.0968835638	0.0863675091	-0.0498980928	0.0809471487	-0.046682603899999994	0.113907469	-0.046081732	0.0753221194	-0.0770569717	-0.0169311214	-0.020712371	0.18888961850000002	0.18280997640000002	0.07675421980000001	0.07879590339999999	-0.0905090966	-0.044948955	0.0513966599	-0.032353643	0.0024537407999999997	-0.0201542473	0.1046659664	0.0689995668	0.09565879039999999	-0.052862759100000004	-0.1339833672	-0.005638146	0.022383141800000003	0.05721983150000001	-0.0797817494	-0.047961489100000004	0.0122036081	-0.1553155386	-0.04328426690000002	0.0338252936	-0.044516605099999995	0.054444888399999995	0.026856766600000002	0.0252725372	-0.0974013599	-0.07039403450000001	0.06479109400000001	-0.0308914	0.015125400000000002	0.00095427859396	0.0002287777251600001	0.0535841	-0.0075414999999999935	0.0028712557728099997	5.687422224999989e-05	-0.111457	0.026553999999999998	0.0007051149159999997	0.012422662849000001	-0.000407141	0.00010839500000000006	1.6576379388099994e-07	1.1749476025000011e-08	-0.00065293	0.00015487299999999968	4.263175849e-07	2.3985646128999905e-08	0.0011677	0.000257445	6.627792802500003e-08	1.3635232900000002e-06	0.0	0.0	0.0	0.0
489.96913507224923	2.1933731735311994	240069.753323448	4.810885878366325	755.0524966686937	0.3906668812393264	0.15262061209726194	570104.2727256278	453.6567223937322	-0.721537574460001	0.5206164713576215	205804.4217730238	461.8813340350565	434.4354606955976	1.039591	31.190517	0.10128385	0.0565491	0.2070769863	-0.11298654529999999	-0.0691399554	0.1087887649	-0.1187694697	-0.0539627207	-0.0402696128	-0.043419796399999995	0.1795463906	0.0068271586	-0.11727575230000001	-0.1007230781	-0.0034293267999999997	0.105383506	-0.042007831600000003	-0.0780304841	-0.1490488644	0.016102695	0.0974916999	0.0404145757	0.005644496800000001	-0.1331521317	0.0273315339	0.0612946279	0.1253629758	0.057000649	0.028775142000000007	0.0905139094	-0.1022875702	-0.08367688969999999	-0.12123118039999999	0.1315991234	0.030840984100000007	0.0069903586	-0.0148033373	-0.0123083004	-0.0223342373	-0.06806340179999999	-0.0578320989	0.0167920986	0.0141509623	-0.028886395	-0.11485037220000001	-0.0262702771	0.0368802491	0.1025241484	0.06855147639999999	-0.2212921464	-0.033148053999999996	-0.0660536437	-0.045745173300000004	-0.1106648313	-0.0034611934999999997	0.018104500200000002	0.116977949	0.0640689774	0.1108415457	0.09759374779999999	-0.0080257037	0.0100501671	-0.1214264229	0.0559859342	0.0492740604	-0.1219509342	0.1164505447	-0.17982790350000002	0.0371917916	0.0309703399	0.0379184954	-0.0697982869	-0.0516004262	-0.1223888026	-0.1553521958	0.0602922972	0.0686234647	0.08548498339999999	0.044712243799999996	0.09231224800000001	-0.09373325519999999	0.1059413621	0.0138894846	0.11648025279999999	-0.0218193938	-0.10551237779999999	-0.038997466200000004	0.0254860714	-0.07590245450000001	-0.080233076	0.0219653138	0.1400939482	-0.011848882199999999	-0.0731964457	-0.1583373574	0.0147212351	-0.1737581021	0.0555933967	-0.0792019446	0.008189394000000001	-0.1405407642	0.1074631548	-0.0848027227	0.0402521167	0.0505292607	-0.0365852446	-0.0083461319	0.10052308369999999	-0.0659937091	0.2272714457	-0.0034804807	0.0786754004	0.0273000482	-0.1005829099	-0.0898205759	-0.0012013223	0.101885862	0.0138204848	0.1105630967	0.1220001268	-0.0021849638	-0.009348218299999999	-0.133923232	0.0880211751	-0.0681329993	-0.0961541107	-0.0069875415000000005	-0.1514145997	0.1582385616	-0.055661438099999995	-0.0670782731	0.0028444027	0.1454986404	0.0203158264	0.0670018493	-0.0197082447	-0.0079364846	-0.0650684311	-0.1531432747	0.0892813024	0.0698910334	0.0355905279	0.030190392000000007	0.0762658046	-0.0026429414000000004	-0.050041248600000005	-0.1880194134	-0.039990421400000004	-0.09864248029999999	0.053696965	-0.0377065549	0.0301058641	-0.1258856029	0.0864990537	-0.028191239700000002	-0.0285373438	-0.2015208242000001	0.1164786358	0.046256858	0.035382062400000004	-0.0121968457	0.0757536021	0.0728883582	-0.1555169169	-0.0375562276	0.005318123100000001	-0.0445600357	0.023283389100000003	-0.0991717909	-0.06560907349999999	0.07117039139999999	-0.0248157	0.0060757	0.00061581896649	3.691413049e-05	0.0701751	0.016590999999999998	0.004924544660010001	0.0002752612810000001	-0.0586961	0.052760900000000006	0.0027837125688100002	0.0034452321552099997	-0.000208864	0.000198277	4.3624170495999997e-08	3.931376872899998e-08	-0.000561053	9.187699999999996e-05	3.1478046880900013e-07	8.441383128999995e-09	0.000940729	-0.0002269710000000001	5.1515834841000024e-08	8.849710514409998e-07	0.0	0.0	0.0	0.0
492.3566048032186	2.3874697309693715	242415.0262933528	5.700011716294964	754.7905717726602	-0.2619248960335199	0.0686046511621702	569708.8072368993	453.30768255313217	-0.3490398406000281	0.12182881032609305	205487.85506169125	461.48497212859496	457.4884290561458	1.131292	33.941803	0.14431639999999998	0.0614211	0.1071920404	-0.0289576131	-0.1329848724	0.114026694	-0.06395564299999999	-0.0200950568	-0.0725833752	0.1003214632	0.0404470886	0.0067414293999999994	-0.2783129531	-0.18048609100000002	0.0269143449	0.0829377364	-0.0815046566	0.073641648	0.0215775112	-0.08986337949999999	-0.028539579500000002	0.0399235993	-0.0287033581	-0.0678015065	-0.0021507161	0.027560116000000003	0.0347398753	-0.005801549699999999	0.0016410776	0.113831805	0.0777609918	-0.0745352802	0.0091098253	-0.0570210351	0.0743469152	-0.0766899041	-0.06218355900000001	0.1188417061	0.1519618338	0.07981976660000001	0.0330570813	0.0436331154	0.0143279293	-0.0229258169	0.0090856779	-0.036376212799999995	-0.0587174625	0.0665077146	0.013570726799999999	-0.267771973	-0.0009270544999999999	0.024574168700000003	-0.09480328869999999	0.0379293974	-0.044355849100000004	-0.1109801014	0.038317876	-0.0272379093	0.0677421272	-0.0397934704	-0.1396974036	0.0087168955	-0.07845414519999999	-0.0967564791	-0.0493382886	-0.10427532070000001	0.021206569300000002	0.1121942414	0.0337721037	0.1375781761	-0.07057472	-0.0577101921	-0.289025815	0.0345680337	0.048299601399999996	0.0421059478	-0.032603505299999995	0.0658923294	-0.0127037499	0.0351207085	-0.0388640091	0.0741175737	-0.1230425732	0.0891911856	0.0300673771	-0.028007126	-0.056396746399999996	0.0071260774	0.0797286297	0.0687492656	0.0689204132	0.12262286800000001	-0.0158080224	0.0440562172	0.0511032462	-0.0631967761	0.015527968500000001	-0.1012511983	0.0082224597	0.0331573706	0.086248169	-0.17999931859999999	0.0915396571	-0.10515160009999999	-0.09421712119999999	-0.0048448302000000006	-0.0473417034	0.0667821384	-0.0085955393	0.2722142179	-0.007941259	-0.0545102301	0.0953986702	0.0035495662	-0.041539781899999996	-0.10359015529999999	0.060353102900000004	-0.0702393282	0.0521189941	0.0381531154	0.1726991743	0.0037843583000000004	-0.0290840002	0.0770958133	-0.16128067029999998	-0.0322635233	-0.0255859463	-0.0739880825	-0.005363640699999999	0.1536370572	-0.0756024557	-0.0652136418	-0.11207576	0.2178160634	0.1583544976	-0.061923799400000014	-0.022672099700000004	-0.010289508000000001	-0.0122632081	-0.0847477908	-0.0712824811	0.04596045940000002	0.073854009	0.022369278599999997	0.112997672	0.0704591539	-0.0007918235	-0.045012651900000006	-0.1056588211	0.009848053	0.0568977174	0.12557315619999998	-0.023508677000000002	0.0367150767	-0.0608023101	0.17293082629999998	0.0658899087	0.0306546073	-0.0642634431	0.0710123704	0.048896792	-0.06237786150000001	-0.1062045079	0.0837969447	0.1494222916	0.1036187043	0.0174187632	0.0212860992	-0.1008035212	-0.0606176821	0.077151675	-0.0442794	-0.019463700000000004	0.0019606652643600004	0.00037883561769000017	0.0435506	-0.02662450000000001	0.00189665476036	0.0007088640002500005	-0.0998853	-0.04118920000000001	0.0016965501966400007	0.009977073156090002	-0.000687366	-0.00047850199999999995	4.7247201795600004e-07	2.28964164004e-07	-0.00108195	-0.0005208969999999999	1.1706158024999995e-06	2.713336846089998e-07	0.00108211	0.0001413810000000001	1.9988587161000028e-08	1.1709620521000002e-06	0.0	0.0	0.0	0.0
494.93402897499305	2.577424171774453	244959.6930374193	6.643115361247225	755.6361419542384	0.8455701815781822	0.71498893197416	570985.9790274859	455.6246546122454	2.3169720591132545	5.368359522711515	207593.82589052792	463.98396965714403	472.6210666117649	1.196604	35.901333	0.22566235	0.114975	0.034384800800000004	0.0338639889	-0.09497252689999999	0.1992859132	-0.0470195934	-0.036172712200000005	0.0783144089	-0.010416735	-0.0973125292	0.055187458700000004	-0.2568374728	0.0604697976	0.080670535	0.1323090985	-0.047788940300000006	-0.152748167	0.0521525783	0.043150275	0.0074296388	-0.0688872061	0.0477182284	-0.0498986821	-0.0671816323	0.0521463679	0.105044842	-0.06210743990000001	-0.0394697959	-0.028446173199999997	-0.025286605400000002	-0.0875413325	-0.1501563704	-0.0299571896	-0.0148638825	-0.20752410100000002	-0.0099454506	-0.0226008537	0.0032101133000000002	0.0804788996	0.046643183899999996	0.08419839779999999	0.0114792972	0.0944861236	-0.016957482	-0.010405122	-0.1900688368	0.055103655099999996	0.0348826923	-0.020658493700000002	0.0928813309	-0.2525033459	-0.1397176055	-0.0058967679000000005	0.1052524366	-0.0559074559	-0.0364527094	0.1954639888	0.0441010102	-0.0097165728	0.0044155535	-0.0702069294	0.13702624619999998	0.0187380551	0.12210018980000001	-0.06688567769999999	0.0354877695	0.10015148210000001	-0.1587856996	-0.0102794307	0.029641963700000006	-0.1384032922	0.0671840565	-0.0660175483	0.005387782	0.0919586389	-0.0650635192	0.13185818130000002	0.12816004849999998	0.0909439709	-0.049025094299999995	-0.0567343855	0.0113478804	-0.0217627695	0.12019201410000001	0.0934565	0.0189168241	0.0149287521	-0.006841171899999999	0.0786691548	0.12765020529999999	-0.1168159258	0.1006305883	0.0695560591	-0.0491082901	0.1135122601	-0.0059533592	-0.1431415744	-0.07706843440000001	0.1051710602	-0.0359772226	-0.08547646730000001	0.0205162029	-0.0843454342	0.061997194299999996	-0.0068913913	0.0618418442	0.059627573600000004	-0.0418410587	0.0025607414	-0.11948780490000001	0.1365222102	0.25526033719999996	-0.0751734775	0.0369664358	-0.050734296100000006	0.054490722400000004	0.1655039099	0.1356530246	0.0126145626	-0.0097827757	-0.0694640666	0.022122268100000002	0.0335082142	0.1314309596	-0.1149521786	-0.0002197879	0.12149429490000001	-0.0454367311	0.1633094465	0.0022601254999999997	0.11011437859999999	0.0334652536	-0.048965665400000004	0.08627068800000001	-0.0744094519	0.046142419500000004	-0.19927696809999998	-0.1143193426	0.0679646728	0.0085608504	0.012177783300000002	0.0202369994	-0.0612390474	0.0620997139	-0.0376619881	0.0427363597	0.0299763284	0.18775324170000002	0.0349517703	-0.0204690147	-0.0291943077	-0.1260322673	-0.0825731207	-0.0173852943	0.0793439789	0.106723623	0.0426903116	0.121159587	-0.0502687344	0.0035727466999999997	-0.04524040730000002	-0.1590923018	0.11566298529999999	-0.0452625315	-0.08471926	-0.046327669800000006	0.019281366100000003	-0.1022942687	-0.055435565	0.0827014951	0.0529647	0.0972441	0.00280525944609	0.009456414984809999	0.0663298	0.0227792	0.004399642368039999	0.0005188919526399999	-0.148669	-0.04878369999999999	0.0023798493856899985	0.022102471561	-0.0013121700000000005	-0.0006248040000000005	1.7217901089000012e-06	3.903800384160007e-07	-0.0008046269999999999	0.000277323	6.474246091289999e-07	7.6908046329e-08	0.00131709	0.0002349799999999999	5.521560039999994e-08	1.7347260681e-06	0.0	0.0	0.0	0.0
497.7053129804966	2.7712840055035604	247710.5785690141	7.680015039159856	754.3288052236328	-1.3073367306055843	1.709129327190498	569011.9463901133	456.1352412862111	0.5105866739656904	0.2606987516313462	208059.35834323004	464.2390682488615	493.0873361982109	1.276043	38.28471	0.23618275	0.170141	-0.0156048771	0.1702136147	-0.0316688392	0.1545820722	-0.1122077325	-0.0275930246	-0.115941676	0.11095156130000004	0.18217193899999998	0.0104930596	-0.1942752271	-0.1476234032	-0.0199563656	0.05197433940000002	0.14041506880000001	-0.0452317786	-0.0430799397	-0.005455497199999999	-0.0792333457	0.103811205	0.0568293671	-0.09502878810000001	0.027893030899999997	-0.0834916676	-0.06930996730000001	0.0768648679	0.060096155199999994	-0.0059376439	-0.0890994612	0.0445470275	0.0510807417	0.04300824809999999	0.022447665	0.0161366939	0.0804603154	-0.2236452725	0.0156506965	0.057352868700000004	0.0687533065	-0.06638146660000001	0.055928904	-0.2272139894	0.1536170525	0.0346938017	-0.09446758289999999	0.0870334066	-0.024217548300000002	-0.022197594900000003	-0.0639884058	0.028116401	0.0593183174	-0.1659206732	-0.0730820421	-0.1475875679	0.0538165917	-0.0202933876	-0.062467915199999995	0.1169263567	-0.08348785110000001	-0.0405337084	-0.0003864493	-0.11793931490000001	-0.0470271549	-0.0207236212	0.0365785733	0.1323405	-0.045904252199999995	0.0610125425	0.0075126203	-0.024862466200000002	0.2047413787	0.0067405602000000005	-0.210659613	-0.1778561521	-0.0568869159	0.11303431130000001	0.0769939959	-0.007728290699999999	-0.0262480631	0.0284722539	0.0119193763	0.0681704305	-0.11077302970000001	0.0271594423	-0.1072863317	-0.10232793890000001	-0.1254602107	0.0814801515	-0.1460291289	0.0292377786	-0.0791462307	-0.0381254927	0.0120678907	0.046200131	0.08507718140000001	-0.046728312699999996	-0.1310301904	0.14289002550000002	0.0047288077000000005	0.18735382829999997	-0.0630279458	0.1352699525	0.0328443676	-0.0439303086	-0.1036269693	0.0880892343	0.0173289238	0.0345244383	0.047626770199999995	0.0437124852	-0.1081805607	0.0042084796	-0.133438331	-0.18097172039999998	0.0986629335	0.0363876412	-0.0866683969	0.1036962016	0.011313899099999998	-0.028685756	0.10921728050000001	0.0009896922	-0.14215521960000002	0.0117621619	0.0073315707999999985	0.010963251200000001	-0.0829395911	0.1988885491	0.0019826097	0.0286047177	0.219455348	-0.09221497099999999	-0.12571991789999998	-0.0374751905	0.15578258779999998	-0.0936613631	0.0500256304	0.0508953678	0.0668780394	0.011787284399999999	0.0326268361	-0.005746148299999999	0.0542568847	-0.142448773	-0.1686339079	-0.0097911619	-0.022909228599999998	0.041637291800000004	-0.1237818592	-0.0491430558	0.058760788200000004	0.1318142178	0.12023299380000001	0.0034914611	-0.0180898281	-0.1144172908	-0.0712349937	-0.0958525191	-0.0776656596	-0.1337065463	0.16615142800000002	-0.0602976774	-0.10327702130000001	0.06766424900000001	-0.0950424676	0.0172698908	-0.1036419483	-0.0500790271	0.087788815	-0.112965	-0.1659297	0.012761091225000002	0.027532665342090003	0.057070400000000014	-0.009259399999999987	0.003257030556160001	8.573648835999976e-05	-0.106855	0.041814	0.0017484105960000006	0.011417991024999996	-0.00122458	8.759000000000045e-05	1.4995961764000004e-06	7.67200810000008e-09	-0.00105129	-0.00024666300000000016	1.1052106641000002e-06	6.084263556900008e-08	0.00136643	4.9340000000000154e-05	2.4344356000000144e-09	1.8671309449e-06	0.0	0.0	0.0	0.0
497.5096346083979	-0.19567837209871186	247515.8365281816	0.038290025307201936	755.7813019068956	1.4524966832627797	2.109746614889376	571205.376312082	457.588063973128	1.4528226869168748	2.1106937596203674	209386.83629067548	465.69707560381204	498.3288509518567	1.173951	35.22169500000001	0.2778686	0.146243	-0.0433621562	0.1818879471	0.0625624453	-0.008735754699999999	-0.0551559011	-0.0714040833	-0.0251916592	0.0654427799	-0.1256231474	0.0009606097999999999	-0.09253017890000001	0.1622573379	0.0663373989	-0.043657653	-0.0062909736	-0.0088017153	0.0401106462	-0.0718106817	0.1043992758	-0.1283286538	0.0310825205	0.052204437	-0.0794039851	-0.026149722900000002	-0.1941828107	-0.0445383212	-0.0072209809	-0.0397846367	-0.1448623395	0.012089580700000001	-0.0955631179	-0.0464970345	0.1013709247	-0.0513669434	-0.0609126863	-0.035931940499999995	-0.0157438146	-0.1202591495	-0.0064148389	-0.0126578482	0.0129523525	-0.0641458713	-0.1116262612	0.0208512532	0.0984959842	0.07203234230000001	-0.0517835254	0.183348398	-0.0730149912	-0.0631506334	-0.1074291938	0.0375662484	-0.0349206255	-0.1488940607	0.025811526499999998	-0.016054330800000002	0.1044620409	-0.07167325769999999	-0.1027505495	0.0401745198	0.0586613604	0.0713165494	-0.0088894962	-0.0121406836	0.0292291425	-0.0359731287	-0.0778911145	0.0703993334	0.0446134552	-0.10419228900000001	0.0050692558	-0.058808976900000004	0.0595717653	-0.07822347860000001	0.06536014	0.0303467836	-0.0231079221	0.0227756731	0.0664436337	0.047012306	0.0718065262	0.050932833399999995	0.007872285500000001	-0.0002307904	0.1126184702	-0.1538790325	-0.0532937874	0.050576792999999995	-0.0743568837	-0.0656245028	-0.029695411600000002	-0.0255167985	0.1875452391	0.07037189070000001	0.0752590929	0.0069614914	0.10394921480000001	0.0509503058	-0.1212419959	-0.0846314691	-0.1048485493	-0.075522144	-0.050678244500000004	0.0292695813	0.1129392189	0.0729843976	0.0418755144	-0.18666803559999998	0.0743696958	0.0036665058000000003	0.13510376429999998	0.029584917599999996	-0.04662529309999999	-0.1149795182	0.046416245	-0.08172228969999999	0.0654805048	0.0024006788	0.1230314815	0.0168905993	-0.059573613399999996	0.0698257825	0.1018792555	0.0258005689	-0.0553975034	0.0711511559	-0.0141463709	0.0120067619	-0.0006889982000000001	0.0717878604	0.0696349638	0.0955339255	-0.0183625201	0.0528524	-0.0674671875	0.0013947335	0.0091366413	-0.0453897029	0.0374844255	-0.0760500433	-0.0289892625	-0.0737280411	-0.0120290025	0.031545772799999997	-0.0798064221	-0.0347989382	0.0977713267	0.1470497542	0.006298045600000001	0.0381980488	0.16198475210000002	0.0076839648	0.01064009	0.019650881000000002	0.0875265785	0.0507649055	0.08115083940000001	-0.22054652600000002	-0.0167866076	0.0602307087	0.0037198515000000003	0.043182299800000004	0.0646166078	0.010649009	0.088488118	0.0152523765	-0.1048446753	-0.044564922	0.0923851842	0.0146774	0.12764240000000002	0.00021542607076	0.016292582277760006	0.07147189999999999	0.014401499999999984	0.005108232489609999	0.00020740320224999956	-0.166728	-0.059873	0.003584776128999999	0.027798225983999995	-0.000735636	0.000488944	5.41160324496e-07	2.390662351360001e-07	-0.00032997	0.0007213200000000001	1.088802009e-07	5.203025424000002e-07	0.00105766	-0.00030877000000000015	9.533891290000006e-08	1.1186446756e-06	0.0	0.0	0.0	0.0
495.99795949287926	-1.5116751155186419	246013.97582109988	2.2851616548783	754.6941722861768	-1.0871296207187695	1.181850812244136	569563.2936827175	457.7469169414471	0.1588529683191382	0.025234265543801124	209532.2399694001	465.80086736900216	486.89091913865633	1.120531	33.618953999999995	0.2036393	0.131582	-0.004584969600000001	0.12390121050000001	0.0703674545	0.013849256599999998	-0.09426023300000001	-0.01203725	-0.0058864518	0.0162855261	-0.043635231600000005	0.1318286271	-0.012619729199999999	-0.0834547568	0.0651517396	-0.0961216342	-0.0875243602	-0.2854272173	-0.0782418269	0.024953305800000002	-0.0330237945	-0.08041290820000001	-0.11590944140000001	-0.06262769	-0.009676272	0.21162744949999998	-0.062330487999999996	-0.0765021814	0.0664288664	0.0728317393	0.0649625928	0.0004904483	0.0475645965	0.0423785145	-0.003861302	0.0902012542	0.018633468	0.0388675514	-0.1865192055	0.09497516710000001	-0.014139479699999999	0.0402558546	0.017569143	0.0736291151	-0.021038941000000002	0.1492264857	0.1336738674	0.056984595599999986	-0.037136367999999996	0.1448792518	-0.0975416374	0.1033602476	0.010644458300000001	-0.1378619834	0.0750260062	0.0262130741	0.0006657628	-0.0810808167	0.0246291262	0.0738679857	0.0257170298	-0.012348853500000001	-0.021423318599999998	-0.0287200872	0.0858665815	0.0413541676	-0.0117442022	0.0576977033	0.0530183399	-0.060435234299999994	0.0970189044	0.08067412730000001	-0.08390868720000001	-0.0508772028	-0.0599427504	-0.1559027391	0.0020123484	0.094866343	0.0701019438	0.06017350730000001	-0.0273971143	0.1090606324	-0.1798402845	0.014706195900000003	0.0769089613	-0.1011181959	-0.0280225448	0.0648522022	0.0162957133	-0.0339479329	-0.0762167388	-0.0672149312	-0.1295543084	-0.0509151107	-0.2106765645	-0.035065063	-0.013743628700000001	-0.1264087827	-0.09449737720000001	-0.09168433179999999	0.105819019	0.12270604759999999	0.0565337542	-0.1976756687	-0.0073025719	0.1692447033	0.0166462101	0.0606479995	0.0296607019	-0.144798852	0.09822992970000001	-0.0366845042	-0.10030786380000001	-0.1228337702	0.0207873545	-0.029341310699999998	-0.0006805947	-0.0401023321	-0.030678631	0.0824248085	-0.0464522218	-0.011424931499999999	0.0081623115	-0.1442311272	-0.033595043	-0.0269041466	0.0884086243	-0.0599113832	-0.028193162200000007	-0.06761848919999999	-0.1382054878	-0.0443153275	0.1036609268	0.1093734143	0.023373955099999996	0.0660758097	0.0338538362	-0.0825007234	0.0390978538	0.0046118148	-0.040546974900000005	-0.0837989449	-0.0083370934	0.1492505564	0.19624370989999998	0.024763634700000002	-0.08307627940000001	0.0665020026	-0.0015907718	-0.09009350320000001	-0.115436031	-0.11975157289999999	-0.19030570460000001	0.1345045061	0.08759660550000001	-0.1463946374	-0.0615785904	0.0105324474	-0.09506544289999999	0.0246786604	0.07680594610000001	0.07515087179999999	-0.11239263779999999	0.22569123149999998	0.0398948531	0.06696643599999999	-0.0251141459	0.0132295288	-0.1059007676	-0.0389105992	0.09646489789999999	-0.10784	-0.1225174	0.0116294656	0.01501051330276	0.07366349999999999	0.002191600000000002	0.005426311232249999	4.8031105600000085e-06	-0.117682	0.049045999999999985	0.0024055101159999987	0.013849053124	-0.000881747	-0.00014611099999999998	7.774777720090001e-07	2.1348424321e-08	-0.000671505	-0.000341535	4.50918965025e-07	1.1664615622499998e-07	0.0011677	0.00011004000000000005	1.210880160000001e-08	1.3635232900000002e-06	0.0	0.0	0.0	0.0
493.9198567300387	-2.078102762840558	243956.824872222	4.3185110929255615	755.1040831784453	0.4099108922684991	0.16802693960035706	570182.1764327604	457.36092152588066	-0.3859954155664127	0.14899246083828765	209179.0125390028	465.48852076012116	480.35348826268205	1.166939	35.011318	0.2284253	0.139139	0.0356150938	0.0656868032	0.030860545099999998	-0.028309612999999997	-0.044492655	0.0057488243	-0.0108678192	0.1454506703	-0.0056210781	-0.0761335601	0.2253331052	0.1645408364	0.0384441438	0.2085833352	0.0365845977	-0.29497349370000003	0.171448155	0.0341312899	-0.09558292480000001	0.0720139199	0.19197605410000002	-0.0037578436	-0.060495141399999994	0.0432967478	0.0320646241	0.0398044463	-0.053998697699999994	0.20881536679999999	-0.0199722953	0.047625844699999996	0.1120256776	0.0095189665	-0.0333504479	-0.0230193148	-0.073440719	0.0477418182	0.0560984801	0.0123328277	0.0288480855	0.06130917	0.0550444536	-0.0437800447	0.0026025077	-0.06142542240000001	0.05888780940000001	0.049434819000000005	-0.0320536993	0.18036102539999999	-0.07758779589999999	-0.151390271	-0.0991902044	0.0573041623	-0.06664768139999999	0.1674690976	0.09890408099999999	0.0661508801	0.053882927000000004	0.0160811194	0.0769578984	0.11939929710000001	-0.0393002621	-0.030192207999999998	0.0019825813	0.09817600380000001	0.041034677900000004	-0.0735670242	0.090527741	0.0511553807	-0.028726331	-0.291560747	0.0823099742	-0.053608925300000006	0.0008710161	0.06471330360000001	0.0085100063	0.0118042078	-0.25116178769999997	-0.0037457868	0.035488699999999984	-0.0862948435	-0.0914208749	-0.0703124264	0.0684993901	-0.024852381099999998	-0.0924317625	0.0078695604	-0.13973255869999998	-0.0548627994	-0.0375549939	0.0557720222	0.0010233658	-0.0386161061	-0.0502624558	0.025972945299999998	-0.0521697453	-0.031553864	0.014169526699999999	0.0366672001	-0.014143146899999999	0.1197395007	-0.1042384153	-0.0372867949	0.008176952900000001	0.09668750039999999	-0.126695831	0.0518432407	0.0269139306	-0.1817457755	0.0720985629	0.09857752619999999	0.1266216034	0.0138500671	-0.10430651310000001	0.2362265598	0.022353571699999998	-0.0077966856000000005	0.1082568501	-0.0525886307	-0.0383992685	0.1252026199	-0.0006071416	0.071331885	-0.0633320686	0.08653976210000001	0.0558996259	-0.0412203419	0.1543536983	0.0257351727	0.0997310371	0.28893666100000004	0.0559186513	-0.0434700896	0.0911406878	-0.0036535178999999997	-0.0970180678	0.0274438514	0.0239285021	-0.13570721619999998	-0.0397147773	0.05847850230000001	0.1348006518	-0.0042055675	0.0740750731	-0.13327199439999998	-0.0321374699	0.10842596859999999	-0.0427330629	-0.0189308022	-0.0363365152	-0.0924718422	-0.0689234222	0.0424946938	-0.0141803221	-0.045241930199999995	-0.10337399859999999	0.0159573935	0.0044473285	-0.0684957779	-0.0475850924	0.076243129	0.0024189802	-0.05152808019999999	-0.013921899299999999	0.0919426057	-0.017504865300000002	0.011202055	-0.1068087481	-0.033133849300000004	0.1000051409	0.026233099999999995	0.1340731	0.0006881755356099997	0.01797559614361	0.0622367	-0.011426799999999994	0.00387340682689	0.00013057175823999982	-0.157271	-0.039589	0.001567288921	0.024734167441	-0.000963767	-8.201999999999991e-05	9.28846830289e-07	6.7272803999999864e-09	-0.00019371	0.000477795	3.75235641e-08	2.28288062025e-07	0.000860787	-0.00030691299999999997	9.419558956900002e-08	7.409542593689999e-07	0.0	0.0	0.0	0.0
492.52737255614335	-1.3924841738953546	242583.21271705802	1.9390121745490283	756.2878814326549	1.1837982542095915	1.4013783066696766	571971.3596018935	456.0822075903884	-1.2787139354923056	1.6351093288222205	208010.9800805221	464.21742844551295	465.7811448864419	1.142882	34.289524	0.2243412	0.134268	0.0722127684	-0.024875255899999997	-0.0201851029	-0.11429941269999999	-0.055498253399999996	-0.0778380732	-0.0336365817	0.154210754	0.0694063973	0.1386487873	0.0295594667	-0.050663259100000003	-0.09068445119999999	0.061603711100000014	-0.0373280174	-0.023362712	-0.047307659800000006	0.01200621	0.1466852024	0.0195494163	-0.0386912683	0.1371061808	0.0872183059	-0.0391912614	0.0479167692	-0.020382162199999998	-0.0506509572	0.11219865470000001	-0.1348893745	0.0254267425	0.06956345580000001	-0.0636530579	0.0056012362	0.08506631369999999	-0.0691760452	0.1194471913	-0.0633247453	-0.0120653048	0.053264957300000006	0.0309103386	0.154139638	0.0656439274	0.1699810536	0.0566042309	-0.17901149219999998	0.0342427591	-0.011304887	0.0134333116	-0.1469205247	0.0879963143	-0.0533581458	-0.0029452590999999996	-0.012212428400000001	0.0389025513	-0.08786428730000001	0.004863302	-0.0839522843	0.2286347868	0.0077266698	-0.07022005690000001	-0.008149732199999999	-0.0295895446	-0.07181373740000001	0.0845981848	0.11045294630000001	0.06918814150000001	-0.0010813775999999999	-0.0450026688	0.1384558777	-0.1040538883	-0.021132938599999998	0.09258046380000001	-0.0284456618	-0.0199672688	0.1580991536	-0.0205432488	0.1228673115	-0.1683279099	0.051260104699999996	-0.0198470927	0.0163231439	-0.0178381921	-0.0619371616	-0.0375029324	-0.0900914016	0.0193259645	-0.0631816326	-0.164342665	0.0185960272	-0.0669731609	0.1583217616	0.0515298326	0.0261434445	0.078813333	-0.053393443799999996	-0.055200449400000004	0.0757027455	-0.1289780988	-0.0095468113	0.0379430983	0.044522177999999996	0.005988275899999999	0.2043903131	-0.05206444019999999	0.0565524822	0.0362203105	0.013716437	-0.0035199939	0.1654295832	-0.0666753626	-0.012424368500000001	-0.0333122978	-0.047465383300000004	0.0172042681	-0.0412686217	0.1236128034	-0.11995749230000001	0.1912713699	-0.11319673150000001	-0.0102132889	0.0076583133	0.0656344456	-0.0805812168	0.042496945099999996	0.1153080324	0.0312454538	-0.1347820017	-0.0274700388	0.0621400395	0.0899213727	0.0874467416	0.0944067699	-0.0004488818	-0.1243313806	-0.1105584222	-0.0038595863	0.17210813	0.11464762220000001	-0.0459507364	-0.0488535059	-0.055158514699999994	-0.0227057664	-0.09570613359999999	0.0261352763	-0.061986337	-0.058494778899999995	-0.027346272799999998	-0.0878864276	-0.0125261566	-0.0966131153	-0.0504884616	-0.1863184698	-0.0340279789	-0.0586068992	0.0571605376	0.0022880128	0.0494617061	0.0889676384	0.0816698209	0.11754247400000001	-0.0472084614	-0.0596714621	-0.1118919823	-0.057759347	-0.011373585600000001	0.0091706641	-0.1075673469	-0.027252848	0.10298611449999999	-0.100641	-0.1268741	0.010128610880999998	0.016097037250809996	0.0502486	-0.011988100000000002	0.00252492180196	0.00014371454161000004	-0.111795	0.04547599999999999	0.002068066575999999	0.012498122024999999	-0.000881747	8.201999999999991e-05	7.774777720090001e-07	6.7272803999999864e-09	-0.000680077	-0.000486367	4.62504725929e-07	2.3655285868899997e-07	0.00109246	0.00023167299999999995	5.3672378928999975e-08	1.1934688516e-06	0.0	0.0	0.0	0.0
490.8330327301657	-1.694339825977636	240917.06601909196	2.8707874458939253	754.0219327773634	-2.2659486552914814	5.134523308417273	568549.0751093108	454.75699612637015	-1.3252114640182526	1.7561854243654005	206803.92552587946	462.9377462853008	456.4224770581454	1.053331	31.602751	0.08867445000000003	0.05868590000000001	0.13586912550000002	-0.007754257099999998	-0.0018233123999999998	-0.1213000836	-0.0782143396	-0.0220865951	-0.0807162142	0.0353409419	-0.0793275584	-0.015559216	0.0750737882	0.0004174294	0.046947624	-0.1533416892	0.1238539981	0.0304370005	0.002523955	-0.05229587769999999	-0.0260885998	0.070137918	-0.0613051786	0.0953971602	-0.1136569231	-0.1566307006	0.0818630286	-0.08158389320000001	-0.055903771500000005	0.142095825	0.0658374045	-0.1326468187	0.0403210016	0.0313406812	-0.0650940325	0.0167974617	0.0831847262	0.1876069718	-0.0616218995	0.0551792903	0.0035141507	-0.0344464254	0.07235780259999999	-0.0320268872	-0.0307601817	-0.041924676099999995	-0.051646835700000004	0.0852377572	-0.0116341433	-0.10266700179999999	-0.1150906335	0.09206266810000001	-0.0844430072	0.0424106595	-0.0858600651	0.06010178980000001	0.0864887267	-0.0500990488	0.10935663779999999	-0.0216142911	-0.1850071993	-0.024262409900000004	-0.119613809	0.0204009489	-0.0035087276	-0.055949333399999995	-0.0803925929	0.0847029149	-0.021995283799999998	0.0749907503	0.0297696631	0.0446082777	-0.028609692599999997	-0.0439364496	0.0742407235	-0.0065757742000000004	-0.09534375490000001	-0.0248702884	0.0433549538	-0.047952389299999995	0.12111877189999999	0.0531698964	0.053521463	-0.015649821499999998	0.13591339689999998	-0.0120766182	-0.016676493400000002	0.042971133700000004	-0.044722911100000005	0.0329664691	0.0459900656	0.0867984799	-0.0699154994	-0.10648415650000001	0.0533222932	0.061124974400000004	0.1510865063	0.1157837599	-0.059578867699999996	-0.0615854534	0.1553112859	0.0988756611	0.025177207400000002	0.11050104050000001	0.0537475857	0.0840048708	0.0650195954	0.0885585983	0.015263856999999999	0.1089501873	0.1411541024	-0.1000192725	0.0265675198	0.0153529149	-0.0671566438	0.07436662940000001	0.0252284116	-0.12445000640000001	0.0503578918	0.0857806425	0.153175778	-0.0445705632	-0.0855866156	-0.08805648560000001	-0.0557630805	-0.034330511800000005	-0.0840419779	0.0211074367	-0.01787719	0.0540588771	0.0511263493	-0.0256336617	-0.0988992537	0.0683962494	0.037359904	0.0168908386	0.0835157735	0.043331235999999995	-0.0133458548	0.0382277743	0.0379676983	-0.0908603582	-0.055373745999999995	-0.07581126839999999	0.0554588295	0.0916666983	-0.0220095955	0.1381595661	0.05814643360000001	-0.051765300300000004	0.2224045864	-0.0721323805	0.0431299023	0.027414069300000003	0.13845002650000002	0.0330302175	-0.1102310629	-0.08821231939999999	-0.012205897700000001	-7.073829999999999e-05	-0.04548305440000002	-0.0153796296	0.182360372	0.08626098800000001	-0.0572545021	-0.0492533911	0.09168439960000001	0.0071360664	-0.108175503	-0.0212860992	0.105391148	-0.0462722	0.0543688	0.00214111649284	0.00295596641344	0.0502442	-4.400000000001625e-06	0.0025244796336399995	1.9360000000014303e-11	-0.0920835	0.01971150000000001	0.00038854323225000025	0.008479370972250001	-0.000688727	0.00019302	4.74344880529e-07	3.72567204e-08	-0.000656542	2.3534999999999984e-05	4.31047397764e-07	5.538962249999991e-10	0.0011677	7.524000000000007e-05	5.661057600000011e-09	1.3635232900000002e-06	0.0	0.0	0.0	0.0
489.8643752824878	-0.9686574476779128	239967.10617090212	0.9382972509418884	754.5492366226924	0.5273038453290155	0.27804934529876635	569344.5504878879	453.9710893555367	-0.7859067708334919	0.6176494524419268	206089.74997065266	462.1339019261074	451.4180343111347	1.054179	31.628191	0.06413540000000001	0.046578	0.10349209320000001	-0.0744723031	-0.0060385117000000006	-0.1484810073	-0.024158316699999998	0.010998297800000001	-0.0708839237	0.0317572104	-0.1083329683	-0.020892465500000002	0.06765301259999999	-0.12453423599999999	-0.0234801613	-0.018118388200000002	-0.022234180299999996	0.07009134019999999	-0.0390768109	-0.11160847439999999	0.1317818601	-0.0618132624	0.0359850747	0.021394425800000002	0.0457192095	-0.0637297714	0.0481694807	-0.1897400052	0.0052458768	-0.0406775734	0.0036126045000000003	-0.0549435594	0.105222414	-0.0335736258	-0.07688434179999999	-0.0842748076	-0.0354595167	0.0017999585000000001	-0.0472847477	-0.0055810033999999994	-0.037063319500000004	-0.1066204316	-0.0654257772	0.0074878186	0.0071725873	-0.0889352878	-0.0325278909	0.0430627564	0.0076637647999999985	-0.17027867530000002	-0.0513925416	0.07241204059999999	-0.09926530900000001	0.06379545019999999	-0.0206391401	0.0597961632	-0.0779219123	0.0038775708	0.0358953331	0.027091465699999998	-0.0491119078	0.028644286	0.0112836073	0.0402959646	0.0449706412	0.022244716600000002	0.084071271	0.1074622351	-0.0773834004	0.0675354956	0.08221749589999999	0.1605502355	-0.0354173392	0.09057655769999999	-0.0923079032	0.08823752039999999	-0.08140667530000001	-0.014235580900000001	-0.0367110166	0.0980180655	-0.0153220888	0.12373822470000001	-0.0563756101	0.12053850460000001	-0.051610999000000005	-0.1229770292	0.008533253900000001	0.06845329900000001	-0.0633182005	0.1476726669	0.008471416899999999	-0.1329677605	0.1204643337	-0.0678370864	0.1526809989	-0.1342222301	-0.0136343679	0.0790278817	0.0889133766	0.1072674323	-0.08510437960000003	0.054816070599999996	-0.0479991049	-0.014406834399999999	-0.0482760328	0.15285911359999999	0.0677329102	0.043656496399999994	0.0008905346000000002	0.1729793431	0.0754776394	-0.1119007157	0.06792141780000001	0.0061796265	0.0056694628	0.043149546500000004	-0.0734859625	0.0150448934	0.0172158042	0.0685165407	0.054400075	0.032016108	-0.0768034452	-0.014302246299999996	0.051960143	-0.06284202480000001	0.06564554339999999	0.031617882400000005	-0.1021243725	0.05715707480000001	0.0953005239	-0.2060093761	0.014124231499999999	0.029069406699999998	-0.0118023947	-0.0074230012	0.0818965114	0.0175673159	-0.076989375	-0.0369304805	-0.1125058916	0.0285384113	-0.0515267442	0.16778852489999999	0.0184973567	-0.0151143379	-0.062640209	0.0677638554	0.0798880318	0.1282789333	0.0849110891	0.1577293724	-0.0384793804	-0.054100553899999994	-0.0425698257	-0.1637937397	0.1075000553	-0.0722916784	-0.0584156778	-0.09179906439999999	-0.1702401331	-0.017325621	0.044319328899999996	-0.035795486099999996	0.0552768388	-0.018390743	-0.0099624949	0.0050989734	-0.1086323659	-0.0152523765	0.1072067914	-0.0451637	0.0011085000000000053	0.0020397597976899995	1.2287722500000118e-06	0.0462714	-0.003972799999999999	0.00214104245796	1.578313983999999e-05	-0.110852	-0.018768499999999997	0.00035225659224999976	0.012288165903999998	0.000105422	0.000794149	1.1113798084000002e-08	6.306726342010001e-07	-0.0006449790000000001	1.1562999999999915e-05	4.159979104410001e-07	1.3370296899999805e-10	0.0011677	0.0	0.0	1.3635232900000002e-06	0.0	0.0	0.0	0.0
490.32993778276347	0.4655625002756665	240423.4478860487	0.21674844166292995	755.7956115561223	1.2463749334298202	1.5534504746821882	571227.0064474929	454.0932206898014	0.12213133426473632	0.014916062809284756	206200.65307643672	462.45228124963205	445.47043700813896	1.144425	34.335815000000004	0.09926855	0.08076469999999998	0.1232001481	-0.0637204123	0.0233649917	-0.0936853833	-0.0422127227	-0.030795205899999997	-0.0440859128	-0.033517177	-0.1135742349	-0.0382770066	-0.0246277562	-0.09708849359999999	0.082098775	0.0572247188	-0.0269468333	0.0621679458	0.0026044031	-0.0157268899	0.1651500628	0.1478327398	-0.0058615274	0.10616164	0.0511282691	-0.0411070946	-0.0303744337	-0.054426769900000005	-0.028054904900000004	-0.1750782416	0.0587093555	0.16721282310000002	0.0556782699	-0.072919895	0.0129081261	0.1168206017	-0.024803847599999998	-0.0225297411	-0.153486564	-0.0744133567	-0.0139042908	0.08669494859999999	-0.0521228133	-0.11457704980000001	0.0545062047	0.0492817932	0.009334434300000001	0.057539070899999996	0.0392259975	-0.1649055143	0.0359409509	-0.060251030199999986	-0.11584166130000001	0.0670114549	0.1297384657	-0.0796051238	0.11091851429999999	-0.0323414033	-0.0613547346	0.01120049	0.044345894299999994	0.023967281899999998	0.0891843378	-0.1046611886	-0.066336764	0.0859728233	-0.0692979638	0.030444024	-0.0460688451	0.14966823869999998	0.015305483799999997	0.013855118100000001	0.0585866279	-0.0002894116	0.0170519056	0.0143089484	0.1930539725	-0.009950123	0.0319329653	-0.0112589105	0.0722861512	-0.0713645326	-0.1184809508	-0.102098436	0.2291688049	0.0287166655	0.0670692034	0.13838638179999999	0.0954874485	-0.1381493205	0.0038883983	0.0177578414	-0.0955584339	0.0901723493	0.039642144	0.1488508377	-0.0329991194	0.0445480101	-0.0095049865	0.0458518683	-0.0315068167	0.0623449747	-0.029011187799999998	0.13456115119999998	-0.059442265099999995	0.144110273	-0.0268014045	0.0580415794	-0.0331143848	0.159633579	-0.0363702438	-0.0174326564	0.14913981839999998	-0.0481252884	0.10490894390000001	0.0014727906	0.1352070258	-0.0319262468	-0.0234069111	-0.041264008399999996	-0.044838742	0.0457932784	0.13321301929999999	-0.0048582728000000006	0.0033101959999999996	0.1222446061	0.0055619568	0.0621345492	0.0414077331	0.0767853996	0.0764806114	-0.08691030970000001	0.1089350481	0.0490051526	-0.0403235665	0.0712190036	-0.19831809050000002	-0.0634699176	-0.0498450081	0.045887618899999996	-0.0364297602	-0.008288137099999999	0.0165530749	-0.0124984604	0.0705092537	0.1053245968	0.21720156510000002	0.1337068491	0.0003958648	-0.114587859	-0.0249577642	-0.19669416350000002	0.029605464900000007	-0.0272240351	-0.0036543172	0.137326255	-0.126450587	-0.0342607647	0.0117323323	-0.1128445913	-0.0262688398	0.0308151652	0.0684008527	-0.162783183	0.1060156641	0.006375609399999999	-0.0317028165	0.0030600974	-0.1089372966	-0.0091706641	0.108422891	-0.0406237	0.004539999999999995	0.0016502850016900002	2.061159999999996e-05	0.034005400000000005	-0.012265999999999992	0.0011563672291600006	0.0001504547559999998	-0.113442	-0.002590000000000009	6.708100000000048e-06	0.012869087364	-0.00142088	-0.0015263020000000002	2.0188999744e-06	2.329597795204e-06	-0.000716128	-7.114899999999995e-05	5.12839312384e-07	5.062180200999993e-09	0.0011677	0.0	0.0	1.3635232900000002e-06	0.0	0.0	0.0	0.0
492.0563360118018	1.7263982290383524	242119.43780935922	2.9804508452267595	754.9392306364135	-0.8563809197087267	0.7333882796411645	569933.2419539001	454.5347097253251	0.4414890355237162	0.19491256848766114	206601.8023450856	462.7436223822245	468.998459805154	1.56551	46.969498	0.32758985	0.208154	-0.0743301151	-0.1517472332	-0.0389897749	-0.0580703967	0.1133000569	0.0717813868	0.047253622300000006	-0.0460594354	0.0458611797	-0.022757266800000002	-0.1096223328	-0.20680853789999998	-0.1353770372	0.047478183099999995	-0.159326847	-0.1509747905	0.2397962053	0.0483606154	-0.0487116733	-0.1032366158	0.1447912381	0.0774546586	-0.11360077460000001	-0.2690424447	-0.0662929151	0.0636755143	-0.0940229091	-0.1347115115	0.0567965114	0.2140134618	0.013114846599999999	0.10367146460000001	-0.0687096443	0.0448527873	-0.041637615499999996	0.0116662625	-0.0171229578	-0.0983031303	0.0140748966	0.0500233678	-0.0338861793	0.19502252050000002	-0.06727370719999999	-0.019267751200000002	-0.0449901978	-0.1479725837	-0.0007943447999999999	-0.08785433390000001	-0.040339053	-0.157197578	0.122242603	-0.0473616324	-0.0849087935	0.1112759423	-0.0733480087	-0.06420897769999999	-0.16468515150000002	-0.10891636630000001	0.0323096545	-0.10425739210000001	-0.015073808999999999	0.223540608	-0.0248986308	0.129297946	0.0281209647	-0.0394965159	-0.1712315479	0.1944861074	-0.1177523942	0.1069192614	0.0088586959	-0.0637064049	0.0042722728	0.0634866146	0.1769885317	0.1762538379	-0.1544185223	-0.015061848300000001	-0.021462605200000002	-0.0789564232	0.0256112521	0.0896611223	0.0444848775	0.0261392719	0.2046344829	0.0066708805	-0.024611535299999997	-0.10705186400000001	-0.0879348336	-0.0362601152	0.0920865666	0.0035743995	0.0529424312	-0.0798842007	0.0090306898	0.0010023029	-0.038747167799999996	0.055249926399999996	0.0402521522	0.1043698783	0.0344048085	-0.12958705480000002	0.1382491495	-0.10507803460000001	-0.0497202601	-0.1460533141	0.00022205290000000002	0.0817770459	0.0104405104	0.1940926289	-0.0192002043	0.053516065599999996	-0.0159684572	0.0347319156	-0.1158355024	0.0479068877	-0.17314958879999998	-0.12738643970000002	0.0028961917	-0.1515562689	-0.2255774787	0.06723451230000001	0.09886536509999999	0.059114725300000004	0.0742636672	0.2005651591	0.2179202412	0.1203795416	0.1175215436	-0.203429663	0.022867327200000002	-0.0247473723	0.022519515499999997	0.09115946720000001	-0.1335683122	-0.08580046390000001	0.0786970281	-0.0820085927	0.06802190030000001	0.0532756755	0.0444407822	0.008730253	-0.07460942570000001	0.0099781503	0.0669034493	-0.0285787872	-0.0483531735	0.1266492595	-0.0301711263	-0.12491399859999999	0.0033935809	-0.046938960599999996	0.0874110077	-0.1628294292	-0.0071458991	0.0703389068	-0.0122115808	-0.0097806629	-0.051146576	0.005644339399999999	-0.0597099793	0.036700213100000004	-0.20976423489999999	0.0465091117	0.073287453	0.0010201514	-0.1090898686	-0.0030600974	0.1090326458	-0.0732575	-0.032633800000000004	0.00536666130625	0.0010649649024400004	0.019599400000000003	-0.014406000000000004	0.0003841364803600001	0.00020753283600000007	-0.312198	-0.198756	0.039503947535999985	0.097467591204	-0.00278637	-0.0013654899999999998	7.7638577769e-06	1.8645629400999996e-06	-0.000445737	0.00027039100000000003	1.98681473169e-07	7.3111292881e-08	0.0011677	0.0	0.0	1.3635232900000002e-06	1.0	0.0	0.0	0.0
493.0740498981163	1.0177138863144821	243122.01868293012	1.0357415543973263	754.362000021212	-0.577230615201529	0.3331951831259356	569062.027076003	455.36116625422636	0.8264565289012467	0.6830303941634972	207353.7917324092	463.3820329226588	479.77599476315294	1.300969	39.032578	0.4156434	0.275459	-0.15930632849999998	-0.1959983759	-0.0410090575	0.0043236342	0.2612335321	0.2045733532	0.08620766070000001	0.0058277141	0.0062449364000000005	-0.1485985149	-0.054982506699999996	-0.1451776786	0.054021926500000005	0.0547538141	0.0824840498	0.0314450629	0.1353836021	0.008973813800000001	-0.046828962599999996	0.044864883	0.020685816699999998	0.1230792371	0.051956877699999994	0.0602088627	-0.0680842496	-0.0567346979	-0.0444074179	-0.0367857985	0.0334365269	-0.0840346148	0.0486006613	0.11871714789999999	-0.0806775397	0.044016537599999996	0.0892790602	-0.0618999417	0.0358073852	-0.0308672173	-0.1647208622	-0.0031339689000000003	-0.07310032129999999	0.0601303989	0.1672416783	0.039184088799999996	-0.0183152413	-0.2008924597	-0.0896334106	-0.024919345099999997	-0.1585595673	-0.012735231599999999	0.3075334932	0.0266295556	-0.0581850324	-0.09739908369999999	-0.0946866235	-0.053982427400000005	0.0368317323	-0.008297386700000001	-0.0183059315	0.034947368	0.0009401698	-0.1872591791	-0.0158136676	0.0196588877	-0.0914274347	0.008583123599999999	-0.026977344599999998	0.057658038099999996	0.0234402972	0.0274487567	-0.0822417877	-0.0706756649	0.026395135899999998	0.0289854589	0.033458024700000005	0.12363387199999999	0.0159759247	0.019928093600000002	0.033559238	0.041423577999999996	0.12654301369999998	-0.05100917519999999	-0.0533513977	0.0185068952	0.012243473500000001	-0.078626769	-0.1332234594	-0.12281271390000001	0.0048292405	0.0271003025	0.0274916084	0.1680597885	-0.07508768	-0.08565236550000001	-0.0961857088	0.0761678712	0.09912908449999999	0.0327718217	-0.0611399336	0.046176357599999995	-0.0923301709	-0.0743385733	0.0097156702	-0.0688112776	0.060248921799999994	-0.2075808775	0.0956844865	0.0287428293	0.1343876722	0.1488721857	-0.18906504289999998	0.1985528241	0.09291112259999999	-0.1297494245	-0.0798006039	-0.056656157	-0.0005744295	0.0153162699	0.0473346412	0.0337854502	0.12752943	-0.0454355279	-0.0831821415	-0.0015310435000000001	-0.022472778399999997	0.0487734751	0.038881486800000004	0.0434846558	0.017663845	-0.0937250621	-0.0140587619	0.0656052107	0.0842754532	0.0260689389	-0.0206618717	-0.10929325109999999	-0.015174605800000001	-0.0096425358	0.1154372774	-0.10562082199999999	0.0310179667	-0.0456668608	-0.0695957912	-0.09910585890000001	-0.066842351	0.026316504700000003	-0.0456790568	0.0537991586	-0.025262009300000002	0.0042201381	0.0253854066	-0.0409723029	-0.2271805717000001	-0.1244024174	-0.054426036	0.029274946899999998	0.1244540827	0.0224247185	0.0293154872	0.0542468632	0.0056058427000000004	-0.038518816000000004	-0.0241379939	0.0425798053	0.10443870949999999	-0.0010201514	-0.1090898686	0.0030600974	0.1090326458	-0.117903	-0.04464549999999999	0.013901117408999998	0.0019932206702499987	-0.0374344	-0.05703380000000001	0.0014013343033599998	0.0032528543424400003	-0.576973	-0.264775	0.07010580062499999	0.332897842729	-0.00249982	0.00028655	6.249100032399999e-06	8.21109025e-08	-0.0007717689999999997	-0.0003260319999999997	5.956273893609996e-07	1.0629686502399985e-07	0.0015389000000000002	0.0003712000000000001	1.377894400000001e-07	2.3682132100000003e-06	0.0	0.0	0.0	0.0
493.54044499015544	0.4663950920391358	243582.17084108066	0.21752438187819392	754.4914148739363	0.1294148527242669	0.01674820410564369	569257.2951184742	455.4465688653182	0.08540261109186531	0.0072936059813083955	207431.57709119105	463.60474779644926	482.306894467355	1.077855	32.338531	0.12208895000000007	0.058104	-0.179476866	-0.1754312095	0.0247092963	-0.0212344051	0.2292398226	0.17084605890000001	0.0013237137	-0.0435272075	0.0455448899	-0.1228925648	-0.0575401019	-0.1418448416	-0.0267370842	0.010155495	0.0530356087	-0.0216773634	-0.0199419026	0.0460627037	-0.0549956538	0.0042526905	-0.0087102654	0.0552342098	-0.0129926795	0.1034346702	0.0226800206	-0.1255043045	0.0055004327	-0.0895462714	-0.2455522307	-0.11380578599999999	0.0723024035	-0.0084620219	-0.0493432554	0.0367081496	-0.1084401249	-0.0186816242	-0.241406617	0.0959701991	0.0692758123	0.023505501499999998	-0.0343341283	-0.0864633351	0.061386999299999995	0.022771230899999998	0.1378379463	-0.19714473850000008	-0.0792554662	0.0058904652	-0.1418155664	-0.0168950409	0.27161222879999997	0.041109163	0.0188326693	-0.003623688	-0.0255654455	0.1025158389	0.0311816572	-0.0956632303	0.0544822909	0.048809792000000005	-0.0131878758	-0.0281994474	0.0190016724	-0.05422615980000002	-0.025350926099999997	0.028018058	0.046154666399999995	0.0113212382	-0.0075922032	0.0353199953	-0.0187825732	0.0587240877	-0.08336419070000001	0.16861002379999998	-0.049571355	-0.006829919	-0.045202701	-0.039101008799999996	0.0366959589	0.050227027599999995	-0.084130119	-0.0033920410999999998	0.0957813399	0.0489661804	-0.094289316	-0.11326287560000001	0.0964080199	0.18033148489999998	-0.0303238846	-0.116410208	-0.0675087144	0.0682169052	-0.09765712230000001	-0.0186059056	0.08263513360000001	0.1157202978	-0.10485622509999999	0.0312349325	-0.0475793688	-0.023634761299999998	-0.1153341203	0.0272318457	-0.0625760985	-0.0029972874	-0.0350328986	-0.20065213769999998	0.08513997570000001	-0.0021787285	0.10930798800000001	0.1429678322	-0.1865025179	0.1292698511	0.107293069	-0.0065382435	-0.0120661865	0.0767289261	0.0845835031	-0.1118018741	0.0112779134	0.0116656185	0.0294243416	-0.018246083899999998	-0.0033878009	-0.0390253965	-0.0477659805	-0.1004245015	-0.0163089272	0.027243442599999997	0.0932769264	-0.0871393917	-0.0044675285	-0.0638694239	0.08791869320000001	-0.105106357	0.0240374729	0.0718121894	-0.0573782398	-0.012069957099999999	-0.06938115389999999	0.0084007709	-0.0006211130000000001	-0.0286706913	0.1302674965	0.0545383339	0.0511775188	0.01390081	0.1017896366	-0.0411193588	-0.1101732209	0.1398061534	-0.006940023399999999	0.1234125344	-0.0516281646	-0.07272326309999999	-0.012504619	-0.0333364865	0.1080371834	-0.0679442663	0.036044463900000004	-0.17932374329999998	0.1446055706	-0.0006261812	0.040390791	0.0129640799	0.0556394837	-0.0030600974	-0.1089372966	0.0091706641	0.108422891	-0.08616319999999998	0.03173980000000001	0.0074240970342399955	0.0010074149040400007	-0.0369953	0.0004390999999999978	0.0013686522220900002	1.9280880999999808e-07	-0.5952529999999999	-0.018279999999999963	0.00033415839999999865	0.3543261340089999	-0.00311915	-0.00061933	9.7290967225e-06	3.835696489e-07	-0.00118931	-0.00041754100000000033	1.4144582761e-06	1.7434048668100028e-07	0.00193463	0.0003957299999999997	1.5660223289999975e-07	3.7427932369e-06	0.0	0.0	0.0	0.0
494.5481905919898	1.0077456018343582	244577.9128178111	1.0155511980164929	753.7801939068846	-0.7112209670516451	0.505835263973877	568184.5807263006	455.5382949701504	0.09172610483216204	0.00841367830768078	207515.1381843117	463.5240428932132	489.06752162292986	1.040499	31.21776	0.17317781999999993	0.098254	-0.1840490705	-0.1216340158	0.0358337107	-0.020037970500000002	0.22562783	0.18388736149999999	0.0425967309	-0.0004560317	-0.034339884700000003	-0.1088473905	-0.0393152673	0.0725692765	-0.0375813307	-0.045618143	0.1511327726	-0.025417079500000002	0.0199144219	-0.0166857501	0.024871093599999998	-0.099492296	0.013192286000000001	-0.02666685	0.056827842300000014	0.2009803873	0.20647047640000002	0.023831872799999997	-0.0837419684	-0.0209901146	0.021543778599999997	0.0919451067	-0.0898875527	-0.0067134279	-0.0037899202	0.07163249349999999	0.1758551291	-0.0016542945000000001	-0.1206892782	0.0339796822	-0.0387775942	-0.0160333196	0.0369641582	-0.0712113759	-0.0687066104	0.0320326498	0.0058756476	-0.1810574568	-0.060011053099999996	0.0343910919	-0.0208001167	-0.14201456	0.1870403937	0.1442553401	-0.0506269711	0.0029121451	0.012683645300000001	0.043753638	0.1417050994	-0.0870649827	-0.0027178446000000003	0.0338126021	0.049847358700000004	-0.0419331295	0.086688905	-0.12021117960000001	0.0442954844	0.06274390190000001	0.060393656799999994	-0.0928259218	-0.04591974309999999	0.0780575075	0.0154041176	-0.0308371562	0.044400109199999996	-0.1504499637	-0.11905904140000001	-0.1406399187	-0.0414967055	0.0382933206	-0.038377153399999996	0.0349030863	-0.0036291920000000003	-0.0057830185	0.0149796057	-0.0465940583	-0.0123112233	0.0136278298	-0.0242950175	-0.062489796500000014	-0.00034742940000000004	0.0380276379	0.0503484834	0.104310186	0.12747330099999998	-0.0397828177	-0.028503024300000002	-0.0399706872	-0.0363854903	0.1164729987	0.10819524380000001	-0.1514901273	-0.015838070200000002	0.0311098511	0.0714086999	-0.0089750064	-0.009023884499999999	-0.1861059289	0.0604562542	-0.0297153652	-0.0066579249	0.1595749544	-0.028321097000000007	0.2201190371	0.0580694691	0.0461781441	-0.0153037529	-0.0443591771	0.1542062215	-0.036679321099999995	0.0162944542	0.0117134734	0.0300011281	0.0026749335999999998	0.054423379400000006	-0.1153638786	-0.0187141721	-0.0651369189	-0.1514384192	-0.0342980138	-0.1115600108	0.0188911518	-0.0755887944	-0.0296419017	-0.0341118773	0.12238767699999999	0.0580584353	0.0732328388	0.018721463	-0.038396605800000004	-0.015037816899999999	0.0708933857	-0.025402375699999997	-0.0038818047	0.061566928	-0.014307765200000001	-0.0439030535	0.0757015792	-0.09471224369999999	0.026179204700000003	0.0036338887	-0.0431671497	0.0468625918	-0.09851456539999999	-0.0813937201	0.1363518362	0.1100258594	0.0653702724	-0.011691803	0.014729790500000001	-0.0561915901	-0.1262318452	0.0830272682	0.025701573399999997	0.0013062652	0.063490543	-0.0513635916	-0.0050989734	-0.1086323659	0.0152523765	0.1072067914	0.00317492	0.08933811999999998	1.00801170064e-05	0.007981299685134396	-0.036806300000000014	0.00018899999999999475	0.0013547037196900006	3.5720999999998014e-08	-0.632555	-0.037302000000000064	0.0013914392040000046	0.400125828025	-0.00335217	-0.00023302	1.12370437089e-05	5.429832040000001e-08	-0.000601646	0.0005876640000000001	3.61977909316e-07	3.453489768960001e-07	0.00182834	-0.00010629	1.1297564099999998e-08	3.342827155599999e-06	0.0	0.0	0.0	0.0
494.7808739933947	0.23268340140492685	244808.11326966755	0.054141565289366304	754.8046571327139	1.0244632258293225	1.049524901076621	569730.0704292338	455.8784025213858	0.3401075512354055	0.11567314640734395	207825.11788545066	464.06360413346636	489.1666919376473	1.266897	38.010303	0.34010357	0.209277	-0.18665648989999997	-0.10444737650000001	0.0031789749	-0.056994076799999994	0.1516772517	0.11473913640000001	0.0296812164	-0.0880017828	-0.0323947879	-0.0647946758	0.0235091374	-0.0317970985	-0.2942980176	-0.049720789	-0.0382867503	-0.1386384099	0.0024653879	0.056148381500000004	0.14391881869999998	-0.029729394500000002	-0.1475972039	-0.07295510179999999	-0.0186343429	0.0055223677	-0.0710367607	0.0651504802	0.012861085	0.1304337193	0.1110215058	-0.0224309149	-0.161358591	-0.0974886699	0.1080260299	0.1240610408	0.1144467859	-0.0995235299	0.07492996	-0.07198282889999999	0.0138246068	0.0745975573	0.1707643743	0.0325359915	-0.0537196449	0.0938068691	0.0137635077	-0.1340612722	-0.0416558461	0.040277485	0.0260150183	-0.2095444406	0.2301499588	0.0345700419	0.091917969	0.0343769614	-0.0379684582	-0.035896970800000004	0.0008137685	0.1329176376	-0.0006693153	-0.0051803251	0.0365361191	0.1336208781	-0.0886496869	-0.0520885779	0.1296336452	0.0557149941	-0.0601768876	-0.2557586069	0.1237200483	-0.0602205374	-0.0789217691	0.0728042334	-0.1009579695	-0.16666044189999998	0.0182375938	0.0066603721999999995	-0.0012675844000000001	-0.0126573098	0.0477164388	-0.0414999572	-0.0541644564	0.0567953699	0.0743856911	-0.0952803268	0.0283373236	0.0711547867	0.11551761349999999	-0.0044031042	0.013591931299999999	0.0035708109	-0.0382137208	-0.0312970321	-0.028114848799999998	0.017054782	0.0768013685	-0.0139311218	0.0161852423	0.0037279692	-0.0300622993	-0.0138687044	0.1581751483	0.14204716480000001	0.0354381548	0.1433689691	0.0844534198	-0.1356416537	0.0394556353	-0.052674709199999996	-0.0680062994	0.2558337132	-0.046370729299999996	0.1031835659	0.12794115550000001	0.0205447507	-0.0007560514999999999	0.033013804199999996	-0.0825605735	0.1256188218	-0.0835412484	-0.0110007497	-0.1200769566	0.09917792199999999	0.08154861719999999	-0.002690467	0.0017850195	0.04731586980000002	-0.1896541857	-0.165058189	-0.1779402619	0.0434732668	0.1743944006	0.0188237585	0.0492843732	-0.0894716222	0.013427133899999999	0.0364726975	0.0671670562	-0.0807978768	-0.0193227063	-0.0020102732	-0.054132367199999996	0.0296939746	0.0008663894	0.137466637	0.0262821958	0.0313765371	0.0252596984	-0.0413049674	0.03130259	-0.0531187425	-0.0297128506	0.0638407214	0.1090788374	0.08798312900000001	-0.007570003100000002	-0.1330949013	-0.0351107625	0.1003467824	-0.0423862267	-0.011682972199999999	-0.040137569	-0.0969669854	0.1392227534	-0.1313138221	0.0693479455	-0.0071360664	-0.108175503	0.0212860992	0.105391148	-0.0142409	-0.01741582	0.00020280323281	0.00030331078627239994	0.0216019	0.058408200000000014	0.00046664208361	0.003411517827240001	-0.438103	0.19445199999999999	0.037811580304	0.191934238609	-0.00210502	0.0012471499999999998	4.4311092004e-06	1.5553831224999997e-06	-0.000612957	-1.1311000000000067e-05	3.7571628384899996e-07	1.2793872100000156e-10	0.00196643	0.00013809	1.90688481e-08	3.8668469449e-06	0.0	0.0	0.0	0.0
492.9736836479566	-1.80719034543813	243023.0527694356	3.265936944644788	752.7091682487752	-2.0954888839387418	4.391073662710835	566571.091965763	453.50221505508006	-2.376187466305737	5.646266875028478	205664.25905986407	461.588189034887	487.1249088691674	1.301453	39.047081	0.15607717	0.09662440000000004	-0.166515048	-0.1335782723	0.0042697069	-0.060268204699999994	0.1795583187	0.1906193865	0.009424098399999999	0.0730320109	0.0730719813	-0.24374962600000002	0.061404093099999994	0.0378144237	-0.086080109	-0.10277698880000001	0.1271056871	0.1249723306	-0.1457499249	0.0864001189	-0.1996152748	-0.1658980401	-0.0529695762	-0.0645093004	-0.09267689539999999	-0.030937447200000006	-0.050204642300000005	0.005279353100000001	0.058503176799999994	0.0284522029	-0.0243620455	0.0204081281	-0.0209404707	0.0207606905	0.0022976468	-0.1603347867	-0.0067421289	0.0302789148	0.09985209939999999	0.0253176385	-0.005015543	-0.046811009400000006	0.0425486488	-0.07570774599999999	0.0242867505	0.0919454666	0.0168818826	-0.19159705559999998	-0.0160543091	-0.1219079532	-0.0099155456	-0.1678082806	0.2073139929	0.0697418482	-0.0733083373	-0.0826862567	0.0431508487	-0.0484760047	0.0888248276	0.0666966006	0.0430668625	0.024638931	-0.1358061347	-0.0189303762	-0.0581715071	0.0044915354	-0.0780348414	-0.0463388579	-0.0418081087	-0.0408022578	0.0156162918	0.0491156922	-0.11562454679999999	0.0301550977	0.09373844939999999	0.0622279356	-0.1294040626	0.0008795075	0.1894522717	-0.07534645940000001	-0.0563074992	-0.0615772704	-0.1826379393	-0.2001636759	-0.13790072009999998	0.19109068489999997	0.01763041	0.0590524546	0.0021916482999999997	0.039374792400000004	-0.0147628244	-0.0398368897	0.0643251962	-0.0427614475	0.0214401438	0.18778001989999998	0.0077494871999999985	-0.010770983	0.0825113834	-0.0917494176	0.025947701099999998	0.12345683789999999	0.0767924441	0.08152952990000001	-0.0820788311	-0.0216605785	-0.09816214470000001	-0.1955761735	0.025994827999999998	0.1245029217	-0.0108033692	0.1863376623	-0.034375945	0.2038782962	0.0244164477	-0.055861883	0.0318197492	-0.107224031	0.031846977	0.0182122866	-0.08968869970000001	0.0518336083	-0.022048596200000003	-0.0561938897	-0.09705521800000001	0.0140455896	-0.0713576272	-0.0021512367	0.0126035959	-0.0668693103	0.026067413799999998	0.008107300500000001	-0.1347423589	0.0627438296	0.060387708899999996	-0.11975783460000004	0.18216727079999998	0.0008987460000000002	0.0749159466	0.19755520829999998	-0.053812408099999993	-0.11388478810000001	0.0598068583	0.0687973103	0.037810352900000004	-0.1324965102	0.21269419920000002	-0.1218807394	0.14475958949999998	-0.0499542283	-0.010554025900000001	-0.06572119480000001	-0.026631164199999998	-0.1234602647	0.14547312269999998	0.1447054103	-0.0122791048	-0.0961347255	-0.0530912419	0.009310236500000001	0.0635256986	0.1414475057	-0.009952764000000001	-0.0386664532	-0.0150711353	-0.0266543759	-0.0475302466	-0.0091706641	-0.1075673469	0.027252848	0.10298611449999999	-0.0450204	-0.0307795	0.0020268364161600003	0.00094737762025	0.00745923	-0.01414267	5.56401121929e-05	0.0002000151147289	-0.5275029999999999	-0.08939999999999998	0.007992359999999997	0.2782594150089999	-0.00229613	-0.00019111	5.2722129769e-06	3.65230321e-08	-0.000612957	0.0	3.7571628384899996e-07	0.0	0.00172244	-0.0002439899999999999	5.9531120099999966e-08	2.9667995536e-06	0.0	0.0	0.0	0.0
494.0148816681504	1.0411980201938036	244050.70330959663	1.0840933172554963	757.244295323447	4.535127074671777	20.567377583420992	573418.9227999038	454.61427090273696	1.1120558476569045	1.2366682083079164	206674.1353084271	462.86413130847467	474.4166295658259	1.536402	46.096176	0.25813037000000005	0.179842	-0.0794642425	-0.058739353099999995	-0.014127871699999999	-0.024485309700000003	0.1615527106	0.008753074599999999	0.0062741011	-0.2354376173	-0.0746000693	-0.1641412033	-0.007059060799999998	0.072447037	0.1479627794	0.11257395869999999	-0.0589588146	-0.1001973515	-0.2222983654	0.0021110573	0.0234631327	0.1384863311	-0.0079644525	0.095288371	-0.0264408669	0.0693700614	0.11695202730000001	0.0704759315	0.0756652788	0.1070382099	0.0564477399	-0.09912421800000001	0.1480563144	0.0581735879	-0.0028438934000000003	0.1342523105	0.1694136697	0.1248827891	0.053961508899999996	-0.1078838683	-0.040327934100000004	-0.059545842	-0.0367177015	0.0324361204	0.0731528067	-0.1585030159	-0.1510728814	-0.0893734142	0.0002206365000000001	-0.07769532650000001	0.1320473908	-0.2845619786	0.0997428823	0.0451933328	0.0486745787	-0.0063637756000000005	-0.20913003239999997	0.026410112599999997	-0.019742160800000002	-0.0018047682	0.047597522999999996	-0.0667679666	-0.0095369123	-0.0558211384	0.09011046029999999	0.1617025103	-0.1293757202	-0.10176899980000001	0.078170938	-0.0193493094	-0.07637980280000001	-0.0368939022	0.17603446239999998	0.18291575710000002	0.09821602730000001	0.0085542855	0.15982357960000002	-0.1873913787	-0.04705816980000002	0.0906290045	-0.0735843955	0.06452581660000001	-0.0052326857	0.1148923964	-0.0455394368	-0.0380626892	-0.015304930900000001	-0.014998514899999999	-0.0946249901	0.058189865599999994	0.06641244610000001	0.0055499792	-0.2186325149	-0.16890818289999998	-0.034616469500000004	-0.023192017000000002	0.0970703341	-0.034352975200000004	0.0061527686	-0.0874696459	0.025204068700000002	0.015021081399999999	0.0019397701999999998	-0.083060455	0.0048240056	0.0330063144	0.0870164831	-0.0914903877	0.00665516	0.0628491449	-0.17120200149999998	0.22805454239999998	0.1086743627	0.07345879129999999	0.1422237841	-0.0370759725	-0.18427696640000002	0.055576104400000007	-0.022905667799999998	0.034495879	-0.0343799764	-0.0314506102	0.0982638789	-0.1472974535	-0.002572089	0.0806710363	0.0551745637	0.0118868173	0.1403404947	-0.08542064	0.0578500618	0.095616378	-0.10343235939999999	-0.0666129261	-0.253794007	-0.0291449121	-0.22256192379999998	0.152647171	-0.1064801107	0.016954091100000002	-0.0735065676	0.0660461271	-0.0585745881	0.0433542475	0.0530018405	-0.0281099402	-0.1236985041	-0.07783114349999999	0.0401570267	0.0774002506	0.1122164177	0.0104418168	0.0060641892	0.186501282	0.016446655	-0.0419750747	-0.057221824500000004	-0.0224275936	-0.1043112693	0.0409526121	0.0251255426	0.027498386899999998	-0.09778988400000001	0.1393950228	0.0178739464	-0.0290274065	-0.0842913559	-0.011202055	-0.1068087481	0.033133849300000004	0.1000051409	0.011403000000000002	0.05642340000000001	0.00013002840900000004	0.0031836000675600005	0.0280246	0.02056537	0.0007853782051599999	0.0004229344432368999	-0.357799	0.16970399999999994	0.028799447615999986	0.128020124401	-0.00223978	5.635000000000014e-05	5.016614448399999e-06	3.175322500000017e-09	-0.0006592289999999999	-4.627199999999987e-05	4.345828744409999e-07	2.1410979839999883e-09	0.00159631	-0.0001261299999999999	1.5908776899999977e-08	2.5482056161000003e-06	0.0	1.0	0.0	0.0
496.3049517644825	2.290070096332101	246318.6051459453	5.244421046114519	756.773063771326	-0.4712315521210258	0.22205917571439102	572705.4700498394	454.59900094139465	-0.0152699613423124	0.0002331717193957151	206660.25165691413	462.82700996031855	485.35002239373085	1.298169	38.948566	0.33343261	0.260513	-0.029390341299999997	0.0919405602	0.0007667295	0.0203530915	-0.018053081000000002	-0.0336899108	0.0418686564	-0.0034250953	0.0117725204	0.0397552478	-0.1346801691	0.2209961742	-0.049859474	0.1238692803	-0.027606145	0.0929421107	0.0002466267	-0.021320178399999997	-0.1492615148	0.0646186395	-0.2916255177	-0.0690187578	0.06740393139999999	-0.1191326568	-0.0817832046	0.0581136903	0.0071059276	0.0436448923	0.047862130999999995	0.09900132539999999	-0.0144800308	0.011027770400000001	-0.0012859289	0.0488887999	-0.0039036334000000002	0.017542611	-0.1358190732	0.0174260838	-0.0873798855	-0.0958810724	-0.0741250988	0.1584741214	0.0892813482	0.040546559700000005	0.0054109878	0.0188467806	0.025724535299999997	-0.0863904286	0.1772455125	-0.0783431029	-0.1021925464	-0.1361385652	-0.1044289469	-0.0499181298	-0.0873059614	-0.1045388727	0.027316214	0.1019471729	-0.05484467	0.000289473	0.1174381501	-0.0033184508	0.0264364722	0.0223128141	-0.18768589989999998	-0.0022780654000000003	0.1130435473	0.1101510107	-0.09657044470000001	0.0150877819	0.0128586938	0.0603033146	-0.21162980210000001	-0.06700805900000001	-0.0053729122	0.0035728468	0.1206974768	-0.0045450586	-0.032931134199999997	-0.0926983863	-0.1284966827	0.0237013427	-0.1089177647	-0.0125443422	0.0431896075	-0.1108959927	0.1851866791	0.0674222255	0.028242309	0.0064503849	0.0118244795	0.1011267208	-0.1393584745	-0.14846660720000002	-0.0357765939	-0.0791179353	-0.028206231600000006	-0.0020135934	0.0108501107	0.019732427099999998	0.1025660383	-0.0427339773	-0.1202556934	0.022993520299999997	0.08566127330000001	0.0201935179	-0.0197174921	0.0843369817	-0.1850354105	0.009045243599999999	0.09398842539999999	-0.0437313762	-0.1306458077	-0.1054224007	-0.1107505109	-0.09061895910000001	-0.0611115308	0.1298365864	-0.0024951061	-0.0286092293	0.130081436	-0.128880823	0.0840984702	0.1170352347	-0.026761605299999998	-0.1403891349	0.1161807642	0.1324909278	-0.0041426447	-0.045109843899999995	0.09835102429999999	-0.0633621783	-0.048209784400000004	0.0024696332000000002	0.08402009630000001	-0.027982277599999997	0.1285264995	-0.0181137623	-0.11768674550000001	0.0248446721	-0.10408709769999999	-0.0098900803	-0.06412816190000001	0.0646324205	0.0934074925	-0.13723137230000002	-0.07300317370000001	0.0061437759	-0.1816983233	0.1047052035	-0.18038024960000001	0.0408774222	-0.0509951441	0.0354644535	0.021162512400000003	-0.0745909309	-0.10057399460000001	0.0711481429	0.0630148044	-0.0382988852	-0.044116202599999994	0.007390073100000002	0.0952072275	-0.11322755470000001	0.1401642657	-0.0132295288	-0.1059007676	0.0389105992	0.09646489789999999	-0.00856231	-0.01996531	7.33131525361e-05	0.0003986136033961	0.0694813	0.04145669999999999	0.004827651049689999	0.0017186579748899998	-0.102454	0.255345	0.06520106902499999	0.010496822115999995	-0.00224918	-9.40000000000012e-06	5.0588106724e-06	8.836000000000224e-11	-0.000918721	-0.00025949200000000016	8.440482758410001e-07	6.733609806400008e-08	0.00153189	-6.442000000000015e-05	4.1499364000000185e-09	2.3466869721e-06	0.0	0.0	0.0	0.0
496.7225126617437	0.4175608972611826	246733.2545849961	0.1743571029215639	756.4280621656751	-0.34500160565085025	0.1190261079016648	572183.4132317185	455.6920083275257	1.0930073861310348	1.194665146136997	207655.20645357372	463.91299110216113	489.28171239115096	1.1081450000000002	33.247318	0.09198638	0.0501499	-0.0018964748999999999	0.1683107348	0.0197626801	0.0267962909	-0.0391747934	-0.07081495360000001	-0.0068002651	-0.019097751899999998	-0.1728138763	0.009949748000000001	-0.0795303872	0.15000484279999998	0.0768557107	0.0400804153	0.0966178347	0.0037297794	-0.056592573099999995	-0.0984540984	-0.14278710039999998	0.1024458233	0.0585860513	-0.0797151759	-0.0870018567	0.04511525190000002	0.1066037519	-0.051421695499999996	-0.09088078849999999	-0.1022752366	-0.1186123463	0.0579172924	0.0586001279	-0.1306973865	-0.0123807194	-0.0943366914	-0.0401223505	-0.07091684870000001	0.0230479708	0.0168788305	-0.008996219100000001	0.013972422	-0.0022947878	-0.0737544368	-0.0891968741	0.1274069091	-0.0254422294	0.068320193	0.008992289799999999	0.0243401616	0.1850750584	-0.0120640122	-0.061367071100000004	0.0424262891	0.0575826695	-0.20398984050000002	0.0019679763	0.118614549	0.039500358900000004	-0.0736102379	-0.0289167732	0.1417265777	-0.1509501083	-0.11595942140000001	-0.0638357488	-0.047011768200000005	0.0365539187	-0.036667912999999996	-0.0615844401	-0.0241047037	0.0036000501	0.09046780380000001	0.1445328183	0.0220167342	0.0773616216	-0.0104229692	0.016809765600000002	-0.0373128455	0.0528745501	-0.0504655334	0.0729350986	-0.14857117949999998	0.1366644015	-0.043957410599999996	-0.0045325251	0.100359727	0.0365753189	-0.0032029253000000002	0.07332481519999999	-0.07999187320000001	-0.1997560582	-0.0285550009	0.046764355599999995	-0.005799734399999999	-0.1682866515	-0.2787862832	-0.0330642186	0.0303917837	0.0086096524	0.1709035617	-0.1275402567	-0.0265502907	0.18532635670000008	0.0013280447	0.043191939000000006	0.0792787179	-0.0266805944	0.0677948991	-0.0053441821	-0.032997763900000004	-0.1691408728	-0.0633160421	0.1022847763	0.014013423300000001	0.0753952955	-0.1559197068	0.044323107699999996	0.024835626	0.12088854269999999	-0.0850171518	0.07393539360000001	0.1730343477	0.04201910389999999	0.0231529237	-0.1418965311	-0.07364108	-0.1183566474	0.0554481872	-0.0610525887	-0.0634849361	0.0856413657	-0.013007245	-0.0201174846	-0.1063301477	-0.1196848686	0.0389566918	0.0341529602	-0.014974935200000001	0.0072060825	0.0380544192	0.0931980226	-0.054482213200000004	0.0485882528	-0.1522455458	-0.09327821230000001	0.0352228454	0.1356833996	-0.0164083194	-0.1097142356	-0.020762131	-0.1503519019	-0.0160440507	0.0441389522	0.0192861887	0.0409386309	-0.1826522919	0.0316955205	0.0183331558	-0.0335201651	0.1327748238	-0.141910911	-0.09972148089999999	-0.1160635191	-0.203192698	0.0686313867	0.0302768332	0.12468200439999999	-0.0152523765	-0.1048446753	0.044564922	0.0923851842	-0.00388088	0.00468143	1.50612295744e-05	2.1915786844900006e-05	0.0968648	0.0273835	0.009382789479040001	0.0007498560722500003	-0.121144	-0.01869000000000001	0.00034931610000000043	0.014675868736	-0.00165166	0.0005975199999999997	2.7279807556e-06	3.5703015039999974e-07	-0.00114583	-0.000227109	1.3129263889e-06	5.1578497880999984e-08	0.00153189	0.0	0.0	2.3466869721e-06	0.0	0.0	0.0	0.0
496.9268699528942	0.20435729115052936	246936.31408118067	0.04176190244638223	755.8472877815428	-0.580774384132269	0.3372988852642164	571305.1224467143	456.1140590000035	0.4220506724778375	0.17812677013899486	208040.03481745868	464.3288651732906	493.7473491400162	1.072972	32.192046999999995	0.13017327	0.0721611	-0.0334597887	0.1648151701	0.031002609100000002	0.0569857636	-0.0384417564	-0.0294366846	-0.025506536099999998	-0.113057146	0.08858372	0.0430119086	-0.08010089320000001	0.0878242231	-0.0408283983	-0.019430588500000002	0.1661624136	0.0097817672	0.012990614199999998	0.0068825656	0.0587698667	0.0002658341	-0.0323928769	-0.026131727	-0.0361559025	-0.09445115189999999	-0.0759223567	-0.09065427529999999	0.0171678389	-0.0773155725	-0.0334980416	0.07803636	0.0175233518	-0.0084692391	0.072261514	0.0077764799	0.0103460639	-0.05322274019999999	0.1786258276	-0.0076759062	-0.1566225767	0.053805711500000006	-0.112670959	-0.0390955647	-0.0164995705	-0.0408090029	0.1174682947	0.049963773600000004	-0.0034272104999999997	0.050248741799999996	0.13906487439999998	0.0040654719	0.0295803075	-0.1345681653	-0.022522825099999998	-0.0619764987	0.0468862927	-0.0674762442	-0.0432168871	-0.0809863434	0.0786349074	0.116815526	-0.0611420765	0.0147335981	0.1022386651	0.0373581512	0.035457032	-0.18089459789999998	0.1464637644	-0.0377419586	0.1133773222	0.0822707867	-0.0096826376	-0.1509857744	0.022980067799999997	0.0619348416	0.0832087987	-0.0155742795	0.0932684201	0.0804200533	0.046233705099999994	0.018003081	-0.0223848548	0.1526970275	-0.0979284661	-0.014526386499999999	0.0855493939	0.11723304779999999	-0.0183755373	0.1265263493	-0.0892375973	0.0353225668	0.1315935483	0.0649186018	0.095006375	-0.0052878304000000004	-0.103110514	-0.0863098325	-0.013729748500000001	0.0450845779	0.0337807455	-0.0705670395	-0.0030777146000000003	0.0872516002	-0.0048846483	-0.0441757992	0.0779540758	0.0485560067	-0.0009045025	-0.0617795389	-0.1537906529	0.026096681400000002	-0.0772571016	-0.07504256690000001	-0.0746776916	-0.0667822857	0.00032225099999999996	-0.0832430445	-0.0490193272	-0.1116934541	0.017776271899999998	0.1030239443	-0.0399754072	0.0018539163	0.0105093598	-0.0795586813	0.0609079121	-0.1602728613	0.0710375537	-0.1775727869	0.06288829879999999	-0.0214344878	0.0358478942	0.006057604100000001	0.0241100385	0.13671710269999998	-0.023497177999999997	-0.1200264762	-0.034417252200000005	0.18601821030000001	-0.08838533130000001	-0.0395123212	0.11499968449999999	0.08346634019999999	-0.13445616859999998	0.0840706452	-0.0484532117	0.0339417425	-0.0148906515	0.1803210146	-0.0392862586	0.0361655944	-0.0210619952	-0.0392026529	-0.0121068187	0.12053684099999999	0.1141682927	0.0427173911	-0.034726125	-0.0704164513	0.007570867399999999	-0.0416976944	0.0428297941	-0.0100745661	-0.0318822697	-0.08545640980000001	0.027462227000000002	-0.0172698908	-0.1036419483	0.0500790271	0.087788815	-0.0597477	-0.05586682	0.0035697876552900007	0.0031211015769124	0.0905239	-0.00634090000000001	0.008194576471209998	4.020701281000013e-05	-0.0905121	0.030631899999999986	0.0009383132976099992	0.008192440246410002	-0.00210116	-0.0004494999999999998	4.4148733456e-06	2.0205024999999983e-07	-0.0008486569999999997	0.0002971730000000003	7.202187036489995e-07	8.831179192900018e-08	0.00153189	0.0	0.0	2.3466869721e-06	0.0	0.0	0.0	0.0
496.7807848710945	-0.14608508179969704	246791.1482171407	0.021340851124424173	755.418895461433	-0.4283923201098787	0.1835199799291248	570657.7076201714	457.1288308738903	1.0147718738867866	1.0297619560317002	208966.76801612985	465.350587662442	495.5173653997981	1.035262	31.060631	0.0580751	0.0394293	-0.014712101200000001	0.18709464059999997	-0.0027012377000000002	-0.0482125089	-0.0205477042	0.0140900588	-0.04238439769999999	0.010379655	-0.018340432900000002	-0.0497572644	-0.061434105	0.1033064507	0.0645228932	-0.042704565199999996	0.053230055	0.08908860730000001	0.05936892780000001	-0.0110164327	0.0754653034	0.08267009360000001	0.0445426549	-0.0614009589	0.0464583649	-0.0940677007	-0.0204367362	0.11042368220000001	0.0435577006	-0.0030787537	0.0237120046	-0.0022547757	-0.0347483867	-0.07651288099999999	-0.0527886349	-0.09828629230000001	0.08653874339999999	-0.1668117322	0.0851920809	-0.1487065192	-0.0376262644	0.0437196382	-0.0998794459	0.0521384749	-0.0659793278	0.1383224201	0.0487960169	0.0799867663	-0.0278991111	0.1350866416	0.08596736769999999	0.09481516470000001	-0.0632754627	0.030593499500000006	-0.0631906412	-0.11619414730000001	-0.0138351018	-0.1293030899	-0.08155799799999999	-0.0388294982	0.0659797882	0.1056532595	-0.0888627828	0.0935065908	0.1532437364	0.0200881479	0.0764746504	-0.0828258983	-0.0372957704	0.025911944300000003	0.0851491323	-0.005465863100000001	-0.041432520699999996	-0.051675482300000006	-0.134547058	-0.0048459223	-0.1146289702	0.0068112763	-0.0924360501	0.0226093287	-0.0136114868	0.028757593300000002	0.0280086033	-0.1597127015	0.034185299	0.15392488710000002	0.085298537	-0.18606025510000002	0.0407277525	-0.050320547199999996	0.0390881015	0.1410577775	-0.0340449646	-0.09843432710000001	-0.0508580224	0.0849939524	-0.0318969305	0.1043083175	0.0682921843	-0.0254960906	0.042912534100000004	-0.032845332000000005	0.1031165114	0.0266517977	-0.1584601651	-0.0282874029	0.12404683009999999	0.0788538008	0.023900323199999997	-0.1247439844	-0.0472766394	-0.1497184398	0.0177432638	0.0486133299	-0.0431149135	-0.09942406880000004	-0.0198707875	-0.1008321329	-0.09297112460000001	-0.0904289291	-0.001427441	0.0820997075	-0.0758318124	-0.0045621919	0.0420200762	-0.10957906519999999	0.1226184389	-0.06790065049999999	0.09018693109999999	-0.0648981942	0.0412696621	0.0140704073	0.14811294519999998	0.0245730651	0.024144185099999996	0.0092061744	0.1430734898	0.09489298300000001	-0.0892343234	-0.11498826890000001	0.0657518341	-0.045252209800000005	-0.0160042406	-0.1599758124	0.0417289746	-0.1071429793	0.14581679720000001	-0.0851776784	-0.0449861045	0.0431839577	0.0322597993	0.06367868	0.074880432	0.012156596499999998	0.0287439403	0.0418103544	-0.1704835182	0.0702900712	0.0424511993	-0.0337541121	-0.0343096024	0.09774167519999999	-0.047677089699999994	0.0191668236	0.08394014150000001	-0.18208847190000002	-0.14539175740000002	-0.019281366100000003	-0.1022942687	0.055435565	0.0827014951	-0.0216571	0.0380906	0.0004690299804099999	0.0014508938083600002	0.0868911	-0.003632799999999992	0.00755006325921	1.3197235839999938e-05	-0.0904689	4.3200000000021e-05	1.8662400000018148e-09	0.008184621867209998	-0.00229598	-0.00019482000000000006	5.2715241604e-06	3.795483240000002e-08	-0.000717317	0.00013133999999999976	5.14543678489e-07	1.725019559999994e-08	0.0015319	1.0000000000157452e-08	1.0000000000314903e-16	2.3467176100000005e-06	0.0	0.0	0.0	0.0
495.602782040992	-1.1780028301025143	245622.11756677105	1.3876906677295326	754.5331775179178	-0.8857179435151465	0.7844962754647004	569320.3159752857	456.7303089858577	-0.3985218880326329	0.15881969524109438	208602.57514631705	464.886584025636	486.537554279833	1.0592990000000002	31.781815	0.05572575000000001	0.0390044	-0.0031923584000000003	0.1293814956	-0.0068449726	0.0437023611	-0.0196403901	0.0193614158	0.0269096133	-0.052252430499999995	-0.066636906	0.07013068559999999	-0.0095625483	-0.0115678753	-0.0264866677	-0.0664155187	-0.1258851702	-0.044590975199999994	-0.0753305252	-0.08074269740000001	-0.009572294399999999	-0.1334098114	0.0517025808	0.0221786387	0.0679917984	0.1220145243	-0.1264795722	0.0554948135	-0.0926501559	-0.0523074937	-0.0239446164	-0.024044347400000003	-0.027599212400000003	-0.022290789	0.0054448561	0.0098365225	-0.0355626707	-0.0191027649	0.0280224267	0.0208321766	0.0833736604	-0.047071898499999994	-0.10991059	-0.1179128208	0.014430075	-0.1705205571	-0.0611447107	0.0653372729	0.0195042405	0.1205061061	0.0471904199	0.0341104204	-0.0294371179	-0.0190515967	0.067324455	0.0017761677	-0.11803034119999999	0.054143822300000005	0.0532721955	-0.006619679	0.0835246659	-0.0092057372	0.0946396353	0.1020036508	-0.012865395600000001	-0.0976088075	0.1246548528	-0.0629017377	-0.06330007110000001	-0.029836609	-0.0630018848	-0.0936648574	0.014718374	-0.046140744500000004	0.0269145254	0.1280889717	-0.0712371022	-0.01467426	0.059640235199999996	-0.0674154812	0.010698053600000002	0.09016696449999999	-0.0790221751	0.0532284408	-0.188289685	-0.077898933	0.0333152055	0.0367068406	-0.056405937300000014	-0.050417677300000005	0.0271920379	-0.1159833024	0.0228920028	0.011789033400000001	-0.0378716756	-0.0637733922	-0.0348234577	0.1344635735	-0.1101588859	0.0632112797	0.0623339498	0.0637128223	0.1137332085	0.0705147711	-0.2346553266	-0.0349754804	0.006089069	0.0654050821	-0.025414682799999998	-0.1233569554	-0.0310281515	-0.0462017549	0.0017096094	-0.0833817436	0.0697401345	-0.047997211799999995	-0.08716696939999999	0.04582437809999999	0.1137681215	-0.0054568524	-0.0958663526	-0.0243017014	-0.0565823909	0.19716662570000001	0.1352648759	-0.0619890158	-0.0325074157	-0.0025058289999999998	0.0154022056	0.045203949800000004	0.021636577599999998	0.08963853990000001	-0.05739769240000001	-0.024555519900000003	0.06694541400000001	-0.052651290499999996	0.0402868272	0.0276403175	-0.036972299	0.038694974	-0.0415202729	-0.0746434567	-0.0392175023	0.1871540985	-0.0384182889	0.0114078852	-0.0690398822	-0.10423799630000001	-0.0166209686	0.049287789500000005	0.007068446	0.016390919	-0.0407079247	-0.09431630619999999	-0.0097791919	-0.1150603293	-0.1032524058	-0.0196517792	-0.1511500157	0.08735334300000001	-0.0816597855	-0.141064002	0.0571758976	-0.049032472699999996	0.11214230369999999	-0.0074921443999999985	-0.1424420009	-0.0212860992	-0.1008035212	0.0606176821	0.077151675	-0.026442400000000005	-0.004785300000000006	0.0006992005177600003	2.289909609000006e-05	0.0868545	-3.6599999999997745e-05	0.00754370417025	1.339559999999835e-09	-0.0811189	0.009349999999999995	8.742249999999994e-05	0.006580275937209999	-0.00154663	0.00074935	2.3920643569e-06	5.615254225e-07	-0.0007990439999999997	-8.172699999999975e-05	6.384713139359996e-07	6.67930252899996e-09	0.0015319	0.0	0.0	2.3467176100000005e-06	0.0	0.0	0.0	0.0
495.5309389148898	-0.07184312610218058	245550.9114218723	0.00516143476813382	756.2067784677588	1.6736009498409885	2.8009401393086595	571848.6918005861	455.63086468008936	-1.0994443057683156	1.2087777814863736	207599.4848491259	463.85832664625207	484.43855714636413	1.031101	30.935799	0.10454279999999996	0.05785750000000001	0.0139412242	0.1270870036	-0.006445794300000001	0.0086197519	-0.0271081855	-0.030962981	-0.0191628397	-0.013528247	0.0374764292	0.0067634115	0.023847103199999997	0.0386221105	0.0808055241	0.0007131006	0.0409972725	0.0488023301	0.0555474674	-0.0231247412	0.064655872	-0.1264849952	0.0543489266	-0.1250253301	0.0800880702	0.091152858	0.0117803786	0.053823763600000005	0.0153689826	-0.0778695737	0.0662196148	-0.05169627	-0.0544575246	0.0208593207	-0.0272621572	0.12154464529999999	-0.0250155956	-0.0550399784	0.029577302000000007	0.11255952429999999	-0.1029858169	-0.0062046156	0.0921020659	0.0342667206	0.016526816200000002	-0.0645078331	-0.050600993600000005	0.0665891342	0.0173817379	0.0011992547	0.0772512356	0.058710865999999994	-0.0140563399	-0.054928972	-0.09779906279999999	-0.0279216633	0.0272336623	-0.026826641800000002	0.0396327298	0.012612076699999999	0.1597825105	0.0123609068	-0.021604787200000003	0.07635807879999999	-0.0103216277	0.0852125908	0.0978915091	-0.0441322813	0.105312147	0.0553348036	-0.04652218599999999	-0.0335051514	0.019311694299999998	-0.09459320289999999	0.0104036393	-0.0827607881	-0.0707515654	-0.1764389191	0.012020803500000002	-0.18399928059999998	-0.11104132130000001	0.0001724409	0.030260350499999998	0.18203755530000001	0.0578853596	-0.0452110933	-0.0569093116	0.0463574636	-0.0144732766	-0.16284237070000002	-0.0215033335	-0.0022237982	0.0035069288	-0.004744963499999999	0.1109291662	-0.0822309403	0.0289657252	-0.0224772486	0.135861425	0.037514036	0.0902852834	-0.0796572618	-0.0650091838	0.20028133329999998	-0.0248593858	-0.0552459508	-0.0096361315	0.06918812860000001	-0.0132276054	0.0034720687	-0.06822757759999999	-0.0617640249	-0.0414597785	-0.0101310797	-0.1002854982	-0.0360541731	-0.008058445400000001	-0.052357701500000006	0.0108747497	-0.077171983	-0.1363935691	0.037140860899999996	-0.07828526849999999	0.0789200289	-0.029291713599999998	0.0523528059	0.111029373	-0.0791700411	0.039417197	-0.046601745800000004	0.0433851289	0.093513786	-0.027266381	0.009771659399999999	-0.037313065699999995	0.1357994454	0.0543883141	0.0709865631	0.1167392248	0.0856790086	0.0056106483	0.14156734810000002	-0.0521293158	-0.012565453600000002	0.0371894532	0.13236738720000002	-0.12338239179999999	-0.048588492000000004	-0.0644297667	-0.046302465999999994	0.052854121799999994	-0.0996021688	0.0839422581	-0.0118314448	-0.084141591	0.0328706137	0.1538085216	0.0109916631	0.0275263577	0.0537017699	-0.1397351777	0.0708465734	0.1438860534	-0.014857434099999999	0.0894404843	-0.0361077568	-0.0581071286	-0.023283389100000003	-0.0991717909	0.06560907349999999	0.07117039139999999	-0.0674995	-0.0410571	0.004556182500250001	0.00168568546041	0.0868613	6.8000000000012495e-06	0.00754488543769	4.6240000000017e-11	-0.0684063	0.01271259999999999	0.00016161019875999974	0.004679421879689999	-0.00195491	-0.0004082799999999998	3.8216731081e-06	1.6669255839999983e-07	-0.000274308	0.0005247359999999997	7.524487886400001e-08	2.7534786969599965e-07	0.00144959	-8.231000000000015e-05	6.774936100000025e-09	2.1013111681e-06	0.0	0.0	0.0	0.0
495.65346790230797	0.12252898741814988	245672.36024358426	0.015013352757717131	755.8700755615026	-0.33670290625616417	0.11336884708134727	571339.5711293517	455.6756679092833	0.04480322919391711	0.002007329346202666	207640.31432457143	463.86566105288324	485.61873983316735	0.993496	29.807556	0.07414910000000001	0.0490907	-0.0042051759	0.11403265630000001	0.012837689199999999	-0.0569242983	-0.040813036000000004	-0.0395130111	0.0380047452	-0.0029846139	-0.08761331160000001	0.0399939717	-0.0002294496	0.024588269300000003	0.0157967928	-0.10814673009999999	0.0571074818	-0.0406247329	-0.0927962122	-0.060777833499999996	-0.027927653599999998	-0.129127204	0.0489728489	-0.1035730277	-0.047929103	0.0586514939	-0.07287337370000001	-0.021166622200000002	-0.1306358313	-0.0540318279	0.055504443	0.0154749052	0.0848626865	0.062690646	-0.017999471	0.10920966119999999	-0.11413755960000001	0.0546278935	0.006007492099999999	-0.1378112419	-0.026304195699999998	-0.0404602856	-0.0388534352	0.059450238600000004	-0.0834357186	-0.0451309207	0.0488768368	0.052597539699999994	0.0042370824	0.0159264269	0.1278325837	0.0659612231	-0.0636073798	0.040221062200000005	-0.0561904617	-0.0846791869	-0.1454744118	-0.0489329016	0.0355353344	0.017851341200000002	-0.10875742710000001	0.0529236199	-0.053348594000000006	0.0164018544	-0.058957709800000015	0.0018630696	-0.0119263128	-0.0003879937	-0.10579544630000001	-0.1180660171	0.0697653	0.0303589052	-0.1040522819	0.049304979699999994	0.0724955674	0.13661296650000002	-0.07514163559999999	-0.032868897200000004	-0.1440233096	-0.0664448743	0.025527427999999998	0.0054703634999999995	-0.017921413100000002	-0.0960914182	-0.03444368	-0.1839601844	0.1386443484	-0.0159075557	-0.1311674814	0.0170822602	-0.0161674928	-0.0895353502	0.025488715800000002	0.0029142238	0.0026683268	0.1094012372	-0.0085518134	-0.056027334000000005	-0.0498231576	-0.1567460896	-0.011385129499999999	-0.0308721673	-0.0381386918	0.014303378	0.05456589269999999	-0.06989451769999999	-0.1258383807	0.052404751799999996	-0.0020087256	-0.0185160394	-0.1031096618	-0.1166033054	0.0356186714	0.0119049784	0.0132616371	-0.0990165841	-0.12028157210000001	-0.026917358399999997	-0.0171682797	0.050487335300000005	0.0813038097	0.0822406995	-0.0571484347	0.043723146399999996	0.0163988605	-0.0096787001	-0.0521778287	0.1258907635	-0.0542776617	-0.1389454527	0.0856915433	0.009837681	-0.0986715284	0.053440832800000004	0.1643480332	-0.110532536	0.043889990999999996	0.1082192593	0.050810840700000005	-0.0602574427	-0.043357897400000005	-0.0148703869	-0.0990639655	0.0825382376	-0.0539250975	-0.0723612054	-0.0198788871	0.1274415269	0.053401118899999996	0.054789524299999996	-0.0195008567	-0.0202237959	0.0049949002	0.017013191100000002	0.0491947138	0.0281772643	0.049880504299999996	0.0932881699	-0.011953223700000001	0.0381405967	0.1388303448	0.0858310985	-0.0052698111	-0.0650339145	-0.063806267	0.1862061378	-0.1755712794	-0.0252725372	-0.0974013599	0.07039403450000001	0.06479109400000001	-0.0188556	0.0486439	0.00035553365135999984	0.0023662290072100005	0.0963313	0.009469999999999992	0.00927971935969	8.968089999999985e-05	-0.0664982	0.0019081000000000094	3.6408456100000364e-06	0.004422010603239999	-0.0020588	-0.00010389000000000016	4.23865744e-06	1.079313210000003e-08	-0.000171526	0.00010278200000000002	2.9421168675999998e-08	1.0564139524000005e-08	0.00137372	-7.587000000000003e-05	5.756256900000003e-09	1.8871066384e-06	0.0	0.0	0.0	0.0
495.110136065446	-0.5433318368619666	245134.04683474445	0.2952094849477987	756.0702312193382	0.20015565783558031	0.0400622873635939	571642.1945360636	456.13034979441596	0.4546818851326862	0.2067356166678132	208054.89600357626	464.32829031439246	477.5613629147464	1.013695	30.41358	0.12657619999999994	0.0751946	0.0325521368	0.08475157189999999	-0.005092774699999999	0.0048033634	-0.04485830019999999	-0.0298526334	-0.0066515664	-0.0232017052	0.051092742000000003	-0.0094543624	0.044266077699999996	0.020398626200000002	0.06910367469999999	-0.2414319212	0.1000542837	-0.0899430715	-0.1039325631	0.0435741776	0.1098989628	0.0096937508	0.015611833799999999	-0.0643525348	0.0350271044	0.0074067121	0.0756616326	0.00263657	-0.0799320477	-0.0436678088	0.14065420369999998	0.0767176504	0.08405924869999999	0.09263175039999999	-0.0073283385	-0.0190300945	-0.0386063403	-0.0746955376	-0.017739206100000002	0.0406846822	0.12082067939999999	0.0254241363	-0.0027088143	-0.0325767602	0.0414060282	-0.145718286	-0.1188431868	0.0808959608	-0.0065321281	-0.0067885772	0.134998519	0.08044501429999999	0.0513248983	-0.1234162921	0.0445183248	-0.0183695175	0.0768412574	0.0330968194	-0.0512875354	-0.0310532065	0.029601709700000006	0.0889605166	0.005327594200000001	-0.0460008709	0.052891751699999996	-0.0589355081	-0.0093059986	-0.1445486456	-0.1170688627	0.0059486415	-0.093638241	0.07158679150000001	-0.13333366619999998	0.0811446545	0.0932283098	-0.0531596309	0.16786629260000002	0.0067954821999999995	0.0074366238	0.0750623962	-0.0673182947	0.0876922123	0.0172899751	-0.13622838310000002	0.0190569618	-0.0676963663	-0.0762930439	-0.1055595809	-0.09464174689999999	0.0971118888	0.17095624920000002	0.0277652646	-0.0786181125	-0.06257832370000001	0.0711803425	0.11313016990000001	0.0188707414	0.0821704932	-0.037557621400000005	0.1381235615	0.0749604274	-0.1324344898	-0.0290481874	0.1436025028	0.11707604949999999	-0.0419303284	0.10705804470000001	0.0789263484	0.0010873327000000001	0.0022795141	-0.1366126558	-0.045042317400000004	-0.1288080649	-0.08849499720000001	-0.0130380964	-0.0200654577	0.0722398814	0.0194446965	-0.0042174311	-0.036180943300000004	-0.0006664386	0.09546940949999999	0.0139412295	0.026234893399999997	0.0157561447	-0.058095930899999995	-0.030685004199999998	0.0572218471	0.1340322631	-0.0491899671	-0.1409066308	-0.1380933426	-0.05870416990000001	0.09584490720000001	-0.0913155848	-0.0390441985	-0.1918186096	0.0733258072	-0.0279234148	0.0149401026	0.1064674559	-0.0454193653	-0.0728981006	-0.040525179	0.1104073418	-0.19217008489999998	-0.0206162298	0.020121156299999998	0.1237075742	-0.0201849685	0.11951203869999999	0.10487236289999999	-0.0086044603	-0.0055078456	0.0165630043	0.1673308743	-0.0406184981	0.0193260403	0.0420974021	0.0357927792	-0.0363914556	-0.0904559984	0.1430083913	0.026504203599999998	-0.0458395315	-0.1202027685	0.0189163927	-0.027252848	-0.0954947043	0.0749575099	0.05804945860000001	-0.0932912	-0.07443559999999999	0.008703247997439998	0.005540658547359999	0.08656989999999999	-0.009761400000000005	0.0074943475860099985	9.528492996000008e-05	-0.0554579	0.011040299999999987	0.00012188822408999975	0.0030755786724100003	-0.00196355	9.524999999999984e-05	3.8555286025e-06	9.072562499999971e-09	-0.000430634	-0.000259108	1.85445641956e-07	6.713695566399999e-08	0.00164614	0.00027242	7.42126564e-08	2.7097768996e-06	0.0	0.0	0.0	0.0
494.5776792592297	-0.5324568062163166	244607.0808214455	0.2835102504860801	756.0252836691028	-0.0449475502354062	0.0020202822721643635	571574.2295469474	455.8579575035068	-0.2723922909091812	0.07419756014675198	207806.47741926898	464.0785372496703	477.1839431394122	1.03827	31.150883	0.0828329	0.0646684	0.0372275776	0.0560493085	-0.11296588099999999	0.020227860900000002	0.0080068736	-0.028257095099999997	0.0021378048	0.0969780077	0.0140448631	0.0510950377	0.0529921647	0.1267885481	-0.0255753684	-0.170029139	-0.1310457408	0.08796034400000001	0.1432991169	-0.0130232102	-0.0309774	0.025699023300000002	-0.0047645661	0.0206076377	-0.0362290617	-0.0312424767	-0.0222191775	-0.127296916	-0.07396632269999999	-0.044589777000000004	0.1274886493	-0.0012247669999999999	-0.0106261769	0.14425522359999998	-0.14325708	-0.0481312713	-0.023186120299999998	-0.0014043282000000001	0.0206226515	-0.050677548600000004	-0.0242423839	-0.026913722200000004	0.1329665842	-0.0756760375	-0.0142301845	-0.068961287	-0.0797040962	0.05422283940000002	-0.0101339433	0.0271223779	0.082262704	0.0977525867	-0.0426759832	0.0385374385	-0.1946655899	0.071044792	-0.0624430846	0.0543941219	0.034538364700000004	0.0700354833	-0.018536589	-0.10253462699999999	0.0646233634	-0.0330556626	0.02033624	-0.0070157972999999995	-0.1460789016	0.0118902894	0.019866213799999997	-0.0923568536	-0.2132440478	0.0293763079	-0.1029503641	-0.0405212925	0.10073171	0.0330043864	0.1312035789	0.050283170300000006	-0.1454415472	0.0336865869	-0.037278322999999995	-0.0422480738	-0.0881494731	0.0074607065	-0.06373450929999999	-0.07025816509999999	-0.0477635011	0.0548242346	0.0329417377	0.0398810326	-0.0661306612	-0.0204272514	-0.014336969599999999	-0.0399152826	0.0597420818	-0.0735322106	0.0641825416	0.013353394	-0.120622745	-0.16447359460000002	-0.07213261530000001	-0.0414460917	-0.0289850298	0.0846970075	0.0817339113	0.1528672011	0.0098019118	0.0563641856	0.0102530854	-0.025362497799999998	-0.053732496799999994	-0.13639108689999999	-0.0124724758	0.07296926969999999	-0.12251029	0.0557064455	-0.1125433968	0.0265784115	0.0333106325	0.0847577414	-0.0466736515	-0.0789903308	0.0653486471	-0.0588308757	0.0267934872	0.022709251899999998	-0.0956032175	0.0898969709	0.1128746649	0.0192667787	-0.1054355431	-0.0253275066	-0.2037295699	-0.040496864	0.12872133060000002	0.073614464	-0.14239476210000002	0.0305253612	0.12084353910000001	-0.0124324401	-0.0743491617	0.0604554747	0.0398363523	0.1456621972	-0.037418369300000004	-0.0476079663	-0.0041043002	0.026047035099999997	-0.009833695200000001	-0.0138745404	-0.0018324659	0.0389048778	0.0058339892	0.052427155999999996	0.12427103240000001	-0.0743968213	0.0576602495	-0.0140354365	-0.0406292969	-0.0706996904	0.1475105747	-0.0663185392	0.0757456916	-0.023962442599999998	0.05525437	-0.11111473990000001	0.1006949632	-0.0292236292	-0.0934544907	0.0792851412	0.0509831871	-0.0286803	0.0646109	0.00082255960809	0.00417456839881	0.08656269999999999	-7.199999999998874e-06	0.007493101031289999	5.1839999999983785e-11	-0.0611287	-0.00567079999999999	3.2157972639999876e-05	0.00373671796369	-0.00184742	0.0001161300000000001	3.4129606564e-06	1.348617690000002e-08	-0.000410124	2.0510000000000005e-05	1.6820169537599998e-07	4.206601000000002e-10	0.0015319	-0.00011423999999999983	1.305077759999996e-08	2.3467176100000005e-06	0.0	0.0	0.0	0.0
494.9521347196295	0.37445546039981537	244977.61566351826	0.14021689182323768	757.4519422396553	1.4266585705524903	2.0353546769308752	573733.4448026262	455.91303286547003	0.05507536196319052	0.003033295495376453	207856.6935365911	464.24650176909563	476.02114624498	1.054833	31.647812	0.08555905000000001	0.0490186	0.036157503199999996	0.043667749400000004	-0.1438568455	0.0559814483	-0.0650890938	-0.0669399759	0.0252440661	0.0719673404	-0.1275923001	0.1893220475	0.017420263000000002	-0.0141562851	-0.0632942027	0.0832835582	0.0671102317	0.0548127431	-0.0008190919000000001	0.1164121819	0.10632881599999999	-0.0262697794	-0.048859963099999994	-0.08006840330000001	-0.055802243499999994	0.023068292	0.0001484327	0.115206697	0.025585128999999998	-0.10258687289999999	0.0417325091	0.0188720357	0.0320851787	0.022396050499999997	-0.08586523480000001	0.1536404688	-0.0652950564	0.0500259958	-0.014701606499999999	0.0489526135	0.0471668709	-0.049908971100000005	0.1526602061	0.0573372804	-0.0145748697	0.0369885982	0.0174935277	0.0601328608	-0.0018077438	0.0019790438	0.10620658	0.1150939066	-0.0091397314	0.10235620960000001	0.08935487460000001	-0.0385855601	0.0021935781	0.0841469957	-0.11760333640000001	-0.0079777766	0.0826246427	-0.0746299837	0.0104501347	0.22340930679999998	0.0310287026	-0.0669728421	-0.06321770269999999	-0.0365197058	0.08817052310000001	0.029489752400000006	-0.0074648487	0.11356573269999999	-0.0646537357	-0.0188131858	0.021110803100000002	-0.0086956931	-0.0544641728	0.1684147724	0.039095432	0.0427018449	-0.0839546192	0.006122566899999999	-0.010048310500000001	-0.0165629802	0.0299056143	0.026011044100000002	-0.0963651184	-0.0767794906	0.0609525667	-0.1062768759	0.012793696799999999	-0.0568966653	0.157070627	-0.0053397457	-0.0705376633	0.06211479230000001	0.07103339139999999	-0.0583078057	0.1853765637	-0.0560382617	-0.0954753332	-0.0307920844	0.004600191500000001	-0.1230600219	0.0572107883	0.11504875960000001	-0.009413496300000001	0.060336947599999996	0.0025152023	-0.0070762331999999995	-0.0748968653	-0.15523274439999998	0.008464391	0.025275284	0.12189994859999999	-0.0076518138	0.0596878512	0.15475147890000002	-0.07939909440000001	-0.07418463139999999	-0.0759682799	-0.06426842690000001	-0.1382362356	-0.0418530087	0.1042543433	0.0292376361	-0.0482555893	-0.1031206728	0.0816264967	-0.044409907900000004	-0.0535169516	-0.0851554836	-0.0759388859	-0.018886422	0.037142791800000005	0.040170864900000006	0.0631256461	-0.1341098397	0.0433115742	-0.0715549419	0.0224249018	-0.013373029299999999	0.0031550573	-0.0112838492	0.0679353262	-0.0679373251	-0.0078883528	-0.0956737374	0.0210321915	-0.0639562209	-0.0023809211	0.0290685807	-0.0376182988	-0.093851415	0.0369081916	-0.06967336019999999	0.13723115730000002	-0.06384996679999999	0.1537193798	-0.0064435738000000005	-0.0128878884	0.1452602087	-0.18481308800000001	-0.0162565891	0.0627182763	0.0037228065999999997	-0.0361673818	-0.0311841915	-0.0912835726	0.0833633121	0.043631796900000006	-0.0715933	-0.042913	0.00512560060489	0.001841525569	0.078003	-0.008559699999999991	0.006084468009	7.326846408999982e-05	-0.0455425	0.015586199999999996	0.00024292963043999986	0.00207411930625	-0.00148437	0.00036305	2.2033542969e-06	1.3180530249999994e-07	-0.000403171	6.953000000000025e-06	1.6254685524099994e-07	4.8344209000000366e-11	0.0015319	0.0	0.0	2.3467176100000005e-06	0.0	0.0	0.0	0.0
494.6072260653045	-0.3449086543250246	244636.3080760152	0.11896197982829933	755.0838522950559	-2.3680899445994332	5.607849985712946	570151.6239967417	455.49207391724786	-0.4209589482220508	0.17720643608821526	207473.02940143566	463.6608923488315	474.8106124619679	1.030584	30.920282	0.0213193	0.0109268	0.0153535601	0.038532414300000005	-0.0832271638	0.0616654943	-0.0096490488	0.029954651800000006	-0.0412919692	-0.09354324630000001	0.09191269279999999	0.0682364783	0.0055509958	-0.029942055099999997	0.07912069990000001	-0.0827207192	-0.054290039000000005	0.0483767494	0.1306863368	-0.0226819512	-0.0931299658	-0.025767062900000002	0.0423759225	-0.10680693210000004	-0.1392817202	-0.0329756879	-0.0076678973	0.0224921345	0.057753476399999996	-0.05562180519999999	0.0076781683	-0.14900684279999998	-0.0797585028	0.028585281	0.0452971109	0.08781536470000001	0.10649141699999999	0.059350103700000004	-0.025642839599999998	-0.0215079939	0.0832994137	-0.0685930316	-0.0095824122	-0.0240995139	-0.0113731187	0.061170687	0.0726887671	0.0400603193	-0.028823233900000002	-0.0517214527	0.1250975061	0.1105765789	0.044941815	-0.05667186780000001	0.0921643876	0.0247376418	0.0259798354	-0.0714724124	-0.0763800588	0.0971283388	-0.1358226097	0.0178832121	0.0577953037	-0.0677886919	-0.065945049	0.0205639648	-0.0054607224	-0.0026026355	0.0106608785	-0.0882764376	-0.11703947279999999	-0.035459064	-0.023687848199999997	-0.25393567710000003	0.124611317	-0.0274720405	0.1125137061	-0.0906239799	-0.0742792437	-0.0372927543	-0.0958404515	-0.0003539405	-0.0399670512	0.0638667621	0.0783981085	0.0717348618	-0.2242396354	-0.0715302004	0.0542803558	0.0322551762	0.003359493	0.0567886862	0.015834976299999998	0.07497127	-0.0295703771	-0.0365490268	0.0049468136	-0.0109014324	0.0723841989	0.0374630268	-0.0337711473	0.0162228504	-0.11484965679999999	-0.0280811092	-0.0588208908	-0.0046550087	-0.0545088617	0.038474007000000005	0.0272857191	0.05236523	-0.1176314716	-0.06251342809999999	-0.1284246924	-0.0904471651	0.0529025743	0.020177676000000002	0.0495828803	-0.038894741499999996	-0.10871640710000001	0.1157167757	0.0470247928	0.0330042529	0.0793420058	0.06725416990000001	-0.0119550389	0.0575468776	-0.0605384909	0.1350132514	0.014779609099999999	-0.00709648	-0.10276540210000001	0.10899523189999999	-0.0698201433	-0.0475407422	0.1137454633	0.21450263600000002	-0.07230956820000001	0.030313910299999997	0.017469198999999998	0.0878192339	-0.0006153506	0.0877513998	0.1427513895	-0.0940399789	0.1677589156	-0.0013457302	-0.05489977	-0.0396672496	-0.0822821021	-0.0616426176	-0.030575901699999998	0.0839890788	-0.0435453821	0.0518210297	-0.1075291903	-0.029887534500000007	0.017128998200000002	-0.0791523904	0.0919787144	-0.0809723361	-0.0279672548	0.032510715499999995	0.0132961951	0.0330197927	0.0374472373	0.0538752368	0.0136131369	-0.033133849300000004	-0.0889849861	0.08717919119999999	0.0360364	-0.0747438	-0.0031505000000000005	0.00558663563844	9.925650250000003e-06	0.0705672	-0.007435800000000006	0.004979729715840001	5.5291121640000084e-05	-0.0518617	-0.006319199999999997	3.993228863999996e-05	0.00268963592689	-0.00155595	-7.157999999999992e-05	2.4209804025e-06	5.123696399999988e-09	-0.000419867	-1.6696000000000018e-05	1.7628829768900001e-07	2.787564160000006e-10	0.0015319	0.0	0.0	2.3467176100000005e-06	0.0	0.0	0.0	0.0
494.69072262406837	0.08349655876389761	244718.91105032296	0.006971675325413007	755.3643931924347	0.2805408973788417	0.07870319510212577	570575.3665029751	455.9141600353184	0.42208611807046736	0.17815669106779652	207857.72132070988	464.14376060809855	478.14058950903535	0.9813440000000002	29.442955	0.07765194999999997	0.0448776	0.00208284	0.0261816435	-0.1068249789	-0.0148018674	-0.0055123027	-0.0114073692	-0.07626929910000001	0.052249082300000006	0.0712236406	-0.0099233833	0.0002806063	0.1257132856	0.0426582868	-0.026772676699999998	-0.0099025792	0.06897442150000001	0.0750776355	0.1370072038	0.012750581399999999	0.0811773735	-0.0148757103	0.013147911399999998	0.037737638999999996	-0.0207385279	0.0194429972	0.11901720619999999	0.0871004643	-0.0258260095	-0.0811942675	-0.0342617321	0.0544597597	0.070651855	-0.100914009	0.0374110396	-0.1571839791	-0.0026838033000000003	-0.0341918113	0.0042795037	-0.0155136853	-0.1826652932	-0.10392568640000001	0.110193018	0.07018874259999999	-0.010777448500000002	0.0992068113	0.0323132347	-0.045671474100000005	-0.0279078259	0.1368038678	0.0842295915	0.0575435303	-0.0447838246	-0.0757521472	0.047065293200000004	0.0532096138	0.0833277113	-0.0663616593	0.0024576893	-0.0608022744	-0.0169750883	0.1319924849	0.1412803598	-0.06719281469999999	0.0541513454	0.007112585699999998	0.1127295965	-0.009630815	-0.022760495899999997	0.1248819076	0.0777600172	0.0895737335	-0.12908662810000002	0.028080107400000002	-0.075881151	-0.0790278943	-0.1369545277	0.0827732784	-0.10171874859999999	0.0794569342	-0.0192012118	-0.024028177799999998	0.004135264699999999	0.0759575155	-0.0348800343	0.007912213199999999	0.0805078	-0.0221966017	-0.0030963005	0.023140771	-0.0774754282	-0.0093777879	0.1081546213	0.071075775	-0.0200897904	0.0305098562	0.049189934000000005	-0.1318212735	0.0210676336	-0.1417149885	0.12366298099999999	-0.0357298504	-0.1291749477	-0.0574945357	-0.0846279011	0.0108046678	0.0332292757	0.046082334	0.025711236600000003	-0.1267485998	-0.061711582699999996	-0.1095443475	0.0197369069	-0.0930588651	0.041201331699999996	0.0344686179	0.08853792390000001	-0.0169135427	-0.0034032504999999998	-0.0137650748	-0.022752674	-0.0340377619	-0.014278543500000001	0.1570182799	0.09591615070000001	0.002742057	0.0452216224	-0.1579874021	-0.0025847714	0.05250314440000002	0.06278201509999999	0.000284522	0.0164768123	-0.041150173	0.1451938552	0.1286894211	-0.0259430726	0.05883490280000001	0.08213249190000001	-0.0030597002000000003	-0.0767781554	-0.0646351134	-0.027685093799999998	0.0161666403	0.0868111586	0.0115908192	0.09606075550000001	-0.0298025269	-0.048762062599999996	0.0530271766	-0.09728257800000001	-0.0533509	-0.012522296499999998	-0.1053313078	-0.10773415230000001	-0.0790912805	-0.08973175470000001	-0.0746192752	-0.1565722166	0.0493060746	-0.1177459765	-0.0426220726	-0.0614762221	-0.11556568689999999	-0.0163667444	-0.0180076094	-0.035071921	-0.0865619461	0.0907207723	0.028239472999999998	-0.061055	0.0136888	0.003727713025	0.00018738324544000006	0.0657371	-0.00483009999999999	0.004321366316410001	2.3329866009999907e-05	-0.0490411	0.0028205999999999995	7.955784359999998e-06	0.00240502948921	-0.00229777	-0.0007418200000000002	5.2797469729000015e-06	5.502969124000004e-07	-0.0006661060000000001	-0.0002462390000000001	4.4369720323600006e-07	6.063364512100004e-08	0.00167009	0.00013818999999999984	1.9096476099999963e-08	2.7892006081e-06	0.0	0.0	0.0	0.0
495.0474330198925	0.3567103958241091	245071.96093958488	0.12724230648899262	756.1602608933133	0.7958677008786026	0.6334053973017928	571778.3401542436	455.8749713880108	-0.03918864730758287	0.0015357500777981221	207821.9895380197	464.1249158083581	478.12887466597397	0.994717	29.844187	0.11869764999999995	0.0554573	0.0029356447999999997	0.0178907019	-0.1501248466	0.0090435575	0.0327233518	-0.0356662773	-0.0179414719	-0.0459716661	-0.0816951542	-0.055277025099999995	-0.0397834973	-0.0368156485	0.06842633349999999	0.0023882044	-0.12416836029999999	0.0316205355	-0.0051473967	0.032599718199999995	-0.0225466448	0.1138913072	-0.0034550388	0.0205289543	-0.0157290371	-0.0283866003	-0.0221029661	-0.0021697774	0.0766619599	-0.0365547424	0.0353138565	-0.13285504880000001	-0.1084822666	0.19820763149999998	-0.0247998058	-0.053848771399999995	-0.009893094	0.057390882699999986	-0.13588967119999998	0.0221126045	0.0986400757	0.0122026125	0.0442817887	0.0580461714	-0.12776102179999999	-0.0029344673999999998	0.16966690140000001	0.0308196257	-0.059768739	-0.0106465539	0.1210342936	0.11796055119999999	0.029641217999999997	0.1034985933	0.0155445495	0.0243667442	0.0346352116	-0.0785994953	0.0545833741	-0.0481573441	-0.0943113986	0.006839928100000001	-0.042230982	0.154600371	-0.0769783344	0.1498797587	-0.17951605559999995	-0.0074020885	0.0407885469	-0.1671965239	0.0963009819	-0.1952511186	-0.009968685699999999	0.0888610423	-0.0992358687	0.0412354718	-0.0242990016	-0.0687190134	-0.08033585830000001	0.1152966434	0.1497669314	0.0460870096	0.0858636383	-0.06924215389999999	-0.0046498794	-0.05194376269999999	0.09897604380000001	0.09626802960000001	0.0154731688	-0.11959025820000001	-0.0655775706	0.0829634587	-0.012026856200000002	-0.010299150200000001	0.0194854489	0.0378964881	-0.0029445269	0.0735410801	-0.05981525	0.1257152705	0.04397676650000002	-0.051583894000000005	-0.0522498504	-0.0657920974	0.0191646651	-0.0704264445	-0.0373638598	0.0312518787	0.0611413335	0.0096703363	-0.0914749793	-0.1305838164	-0.0408039783	0.0792697297	0.058200919800000014	0.049863890599999995	0.0174359339	-0.09437932630000001	0.0077897088	0.007346715	0.08904298390000001	-0.0193241761	-0.1012337337	-0.14742880560000002	0.037293678399999995	0.19332488539999998	0.005634794	0.0465785562	-0.0021032369	-0.1408117757	-0.0650959472	0.13106295199999998	0.09504479310000001	-0.0192727741	0.0383862901	-0.1641183775	-0.008662942600000001	0.0282800533	-0.1544903841	-0.1328793021	-0.103906162	-0.045708909900000004	-0.0201968244	0.0333107604	-0.1753330709	0.0489120005	0.0327675657	0.1343908062	-0.1359931793	0.0075971762	0.0331891836	-0.0578059226	0.0676736443	-0.052970202300000005	-0.0067730105	-0.0036344215000000003	-0.0550436086	0.0837143913	0.0508272128	0.0199910345	-0.0679074646	-0.1180808751	0.0255521094	0.057685389000000004	-0.0611008842	0.0612335064	0.0685118589	-0.0369977288	-0.0840178413	0.0939769123	0.0202846193	-0.034418800000000006	0.026636199999999992	0.0011846537934400007	0.0007094871504399996	0.0808827	0.015145599999999997	0.00654201115929	0.00022938919935999984	-0.0666568	-0.0176157	0.0003103128864900002	0.00444312898624	-0.00159008	0.0007076900000000003	2.5283544064e-06	5.008251361000002e-07	-0.000325983	0.0003401230000000001	1.06264916289e-07	1.1568365512900007e-07	0.0015319	-0.00013818999999999984	1.9096476099999963e-08	2.3467176100000005e-06	0.0	0.0	0.0	0.0
495.4021423433829	0.3547093234903969	245423.2826384134	0.125818704171015	756.2669328239124	0.10667193059907733	0.011378900777734369	571939.6736828879	456.0460601749359	0.17108878692511098	0.029271373011506025	207978.0090010813	464.31208854406873	481.4073634421332	1.027183	30.81826	0.1488773	0.0717811	-0.0084216572	0.05807273440000001	-0.113340372	0.0722093455	-0.0011233333000000001	-0.0823639927	-0.0961089185	-0.0931165238	0.0593433755	0.043153120700000006	0.0067897299	0.0398866954	-0.007639314	-0.0158910916	-0.1662646976	0.10209249810000001	-0.1176462873	0.0406215394	-0.0028474272999999997	0.0006076641	0.0153608748	0.029959217200000002	-0.0022765688	-0.045221089299999996	-0.0054138172	0.0585263399	-0.0492721319	0.10934152289999999	0.0461920895	0.06045094440000001	0.0315637094	-0.0854819623	0.1179437948	0.0619650741	0.1357368374	-0.0367077476	-0.0418433743	0.2085661248	0.1239366672	0.0707973311	-0.15510800660000001	0.0725697681	-0.1261894516	0.1254505654	-0.019792772900000002	0.0487034118	-0.055019559	-0.0009466146	0.11672453640000001	0.1249580251	0.06529495	-0.0683506045	0.1347630275	0.098194741	-0.0211810612	0.045067070599999995	0.044614888899999997	0.1314932526	0.023979286699999998	-0.12589233519999998	0.0050767312	0.0738443377	0.06361290019999999	-0.0068005727	-0.0183282434	0.1082570935	0.0576770405	0.0338084514	-0.032052472	-0.036653917	0.0634062579	-0.04793688769999999	0.0527893703	0.18247386010000002	-0.10290769779999999	-0.0911285346	0.1629993166	0.09556245619999999	0.0858924842	0.0373234171	0.1128615409	-0.0222820411	-0.0024201996	0.15221127939999998	-0.0454605871	0.0993589018	0.041683570499999996	0.0177730059	0.08027315230000001	0.007575273	0.07378550889999999	-0.0374562153	-0.065506048	-0.028578309	0.028049622000000003	0.0765356483	-0.1003680357	-0.0155279354	0.0216822544	-0.0765773068	-0.1150209262	-0.0170059309	0.1731099652	-0.0018287253	0.020225605600000002	0.0490028905	0.055329473	0.0005974933	-0.119079825	-0.0779288071	-0.1329465593	-0.09719827710000001	0.0719539386	0.0507663324	0.00012744459999999998	0.0736173469	0.0020484106	0.11603122800000001	-0.1208098863	-0.11114587710000001	-0.045832037699999995	-0.0840023162	-0.005931209000000001	-0.0171268046	0.0424747041	-0.08440730560000001	-0.0472481037	0.1151526389	0.0096597726	0.0780806723	-0.1339510022	-0.06240033530000001	-0.0055709661	-0.032936071000000004	0.0774006086	0.0192113997	-0.2356467042000001	0.1130244348	-0.0358824757	-0.0888488866	0.0220053921	-0.0916519323	-0.0700743249	0.0894321152	0.0745204386	-0.0185134225	-0.010076615799999999	-0.057026996600000004	0.06980921030000001	0.029097863300000002	0.009430618	-0.0552402591	-0.018429436	-0.0513729691	-0.0032772990000000004	0.07046160230000001	0.1124336168	0.0542976696	0.0327686518	-0.09887317720000001	0.06400739030000001	0.0663171287	-0.1026877185	-0.0017736188	0.0221372906	-0.0389105992	-0.08135623	0.09693736609999999	0.0122163259	-0.0693952	-0.0349764	0.00481569378304	0.0012233485569599998	0.06064310000000001	-0.0202396	0.0036775855776100008	0.0004096414081599999	-0.0367781	0.029878700000000005	0.0008927367136900002	0.00135262863961	-0.0023803	-0.0007902200000000001	5.665828090000002e-06	6.244476484000001e-07	-0.000811415	-0.000485432	6.58394302225e-07	2.3564422662399998e-07	0.0015319	0.0	0.0	2.3467176100000005e-06	0.0	0.0	0.0	0.0
494.86979391671633	-0.5323484266665446	244896.1129311733	0.2833948473743454	757.1644932357532	0.8975604118408	0.8056146929038266	573298.0698169549	456.16729119114547	0.12123101620954913	0.014696959291199962	208088.5975526673	464.4029691105588	482.2505579187001	1.027907	30.839977	0.1020994	0.0521794	-0.0142239238	0.053710602	-0.0951211866	-0.0435020163	-0.0208927116	-0.10881627349999999	-0.0692140182	0.026268970200000002	0.0915203309	-0.0295610831	0.0499767459	0.0789973169	-0.0056511666	-0.026287086299999998	-0.09323696779999999	0.15774791119999998	-0.027571366200000003	0.1212947365	0.0058567617	0.079303424	-0.0592283605	0.1441619147	0.106938794	-0.0030962652	-0.15075546480000002	0.0790431798	-0.0662517602	0.0184198261	0.1245959336	-0.1941790442	-0.0134898673	-0.0055506315	0.0410622727	-0.087952726	0.012503788899999998	-0.049380122900000004	0.0188552972	-0.0570131526	-0.1483618012	0.0626776904	0.1088814504	-0.0047738945000000005	-0.0300921889	-0.0770292135	0.1376004157	0.0374771302	-0.06920125769999999	0.0068447045	0.1115732031	0.06706319	0.0517306796	0.015071242700000001	-0.0131716648	0.2260760446	0.1153055971	-0.091927176	0.0094376972	-0.0808561582	-0.049106399	-0.049437706799999995	0.0411608195	-0.0364828702	-0.0686716163	0.0070599721999999995	-0.029274001299999998	0.0124341428	-0.058101740199999995	0.0529258459	0.0808153771	-0.057774779400000004	-0.0013249542000000002	0.009619384699999999	0.0366881165	-0.0668120167	-0.049478561799999994	0.0582087377	-0.0039557761	-0.0051462661	-0.0851338673	0.0677259244	0.1265407963	-0.050816425	-0.014047958999999999	-0.0049574879999999995	0.008852183100000001	-0.0346344684	0.024658301299999998	-0.001533308	0.017666905	-0.0684253878	0.0965030415	-0.0009852377	-0.0025152658	-0.0252524522	0.0945847538	0.0198521775	0.0282149233	-0.0527324421	0.014508680900000001	0.0965249615	0.0817140487	-0.0200607599	0.11211566810000001	-0.0656216149	0.09175476769999999	0.0411007958	0.0759985799	-0.0080313765	-0.10192841279999999	-0.063474942	-0.0838600514	0.0301221463	-0.0148632137	0.21940831670000002	0.017236025500000002	-0.1101667926	-0.019292548700000002	-0.0338367537	0.0635426719	-0.09144777039999999	0.037497429900000004	-0.0435110561	-0.0076939318000000005	0.055197656	0.0035010525	0.042753247599999995	-0.0504030686	0.0225224148	-0.0145932589	0.0223665033	0.035848261299999996	0.10019232630000001	-0.0519489458	-0.0526538337	0.0423264707	-0.023742818399999997	-0.0202625607	-0.0363520454	0.19948917289999998	-0.0222219204	-0.0924270926	0.0077006895	-0.0020066545000000002	-0.0077409973	0.0282230702	-0.018487767	0.0186662987	0.015233841299999999	0.0121690521	0.0821147482	-0.051722212000000004	-0.0901202803	0.029703275699999997	-0.1026970283	0.0640015507	-0.0462707384	0.034735520299999996	0.0658700809	0.0344022341	0.024602210099999997	-0.0200387496	-0.0306642529	-0.080807175	-0.0329820724	-0.034628931200000004	-0.0408098635	-0.07858083469999999	0.0995928192	0.0040797138	-0.0495986	0.019796600000000004	0.00246002112196	0.00039190537156000017	0.0707658	0.010122699999999998	0.0050077984496400005	0.00010246905528999997	-0.046167800000000016	-0.009389700000000008	8.816646609000013e-05	0.0021314657568400007	-0.00170883	0.0006714700000000003	2.9200999689e-06	4.5087196090000017e-07	-0.000227077	0.000584338	5.1563963929000004e-08	3.41450898244e-07	0.0015319	0.0	0.0	2.3467176100000005e-06	0.0	0.0	0.0	0.0
495.03091676863517	0.16112285191883302	245055.6085567954	0.02596057341045819	756.5785153428111	-0.5859778929420827	0.3433700910168429	572411.0498783323	456.672851680064	0.5055604889185474	0.25559140795556073	208550.09346160173	464.7997076487122	476.07857968905256	1.070939	32.131058	0.0188091	0.0109832	-0.0077672294999999985	0.0173243005	-0.10071397	-0.0714876981	0.0416417085	-0.0357298259	-0.0369345616	0.013237621399999998	-0.12372988060000001	0.0804372653	-0.0050622777	-0.004785345	-0.036809692000000005	-0.0346164444	0.0355995356	-0.0332942377	-0.0258639032	-0.0704191852	-0.004818533	0.0944283581	0.148871657	0.0766430229	0.0650884888	0.0578115672	-0.1213068332	0.0753578416	0.0700747557	0.0023593155	-0.0882871409	0.046855163899999996	0.1097239655	-0.0339065164	-0.028591047400000007	-0.1446119783	0.1698446249	-0.009720233100000001	-0.037909700899999996	-0.0368208043	-0.0087744982	0.0056261659	0.0408306935	-0.0391436693	0.058569561299999996	-0.17171820329999998	0.0723335577	0.036219717	-0.0622294822	0.0610137455	0.125335204	0.1317014991	0.0648417966	0.1657931191	0.0812833718	0.0402059243	-0.12414935740000001	0.151101223	-0.010583169299999999	-0.0227146725	0.0583741909	0.0128007099	-0.034592309	-0.1275616795	0.034671552	-0.070794607	0.033188781800000004	-0.0834605455	-0.0233411531	0.10996450099999999	-0.0087614654	0.1449554385	0.0108879474	0.0090825051	-0.0183558903	-0.0906707516	-0.0010635339999999999	0.074530924	0.09406302609999999	0.0227040938	-0.032411659	0.065071382	0.058514929000000014	0.0591541645	0.021996797400000004	0.025500431299999998	0.0320184486	0.1632621491	-0.065313866	-0.025691339900000002	0.1057366222	0.113971696	-0.0752417782	-0.0035319568	0.0396127464	-0.0119110351	-0.0616361424	0.0326663601	0.0821819928	-0.1676140145	-0.0099586607	0.10371812080000001	-0.1447572471	0.0496244276	-0.0068834126	0.015397703899999999	-0.1296167933	0.0339425955	0.06742845480000001	-0.051527026	-0.08650373630000001	-0.1476991978	-0.053317408399999995	0.0846645367	0.1573966592	0.0435672115	-0.0939996184	0.1381215904	0.0702713555	-0.0236195609	-0.0160124845	0.0257935756	0.0766308884	0.0553599246	-0.0708699882	-0.1013932847	-0.0049351252	-0.047954623499999995	0.018013401000000002	0.0204366293	-0.0166452814	-0.1572376799	0.028142328799999998	0.0305899215	-0.13502643279999998	0.0635645733	0.051067854100000004	-0.07433397139999999	-0.0537477718	0.0780828617	0.106088841	0.0514308819	0.1066688351	0.074019008	-0.0212395508	0.0303816346	-0.0772417588	-0.0341953384	0.040242318199999995	-0.040915352	0.1325670948	-0.1449187418	-0.011044113500000001	-0.0093703039	-0.0898619098	0.0958179887	-0.09471310109999999	0.0106736804	-0.010180025300000001	-0.005655496800000001	0.0897436344	0.1909937003	0.1650630647	0.0037913412	-0.0104277586	0.0339801779	0.1458959942	-0.0426948575	-0.07569553700000001	0.1019349164	-0.0040797138	-0.0417886	0.007810000000000003	0.0017462870899599993	6.099610000000007e-05	0.06945710000000001	-0.0013086999999999962	0.004824288740410001	1.7126956899999894e-06	-0.0461756	-7.799999999988373e-06	6.08399999998186e-11	0.0021321860353599995	-0.00158297	0.00012586	2.5057940209e-06	1.58407396e-08	-0.000294869	-6.7792e-05	8.694772716100001e-08	4.5957552640000004e-09	0.0015319	0.0	0.0	2.3467176100000005e-06	0.0	0.0	0.0	0.0
495.1711587894124	0.14024202077723658	245194.4764968495	0.019667824391682857	756.0008810070985	-0.5776343357125597	0.3336614257940901	571537.3320835092	456.30067295653845	-0.3721787235255647	0.13851700224511873	208210.30414058987	464.5046860976569	473.4332189480099	1.110961	33.331825	0.075871915	0.0423147	0.0067745709	0.0094288621	-0.0551889347	-0.0012051295	0.0055953810999999996	-0.034087685699999995	-0.041838952900000004	-0.1093844697	0.0381731028	0.0374633829	0.0270700358	0.0388165246	-0.0347871441	-0.08194261629999999	-0.0030479021000000004	0.059564737199999995	0.0917086733	0.0011097871000000001	-0.0290044782	-0.030870901	0.0256902552	0.0282965344	0.0735152105	0.0546416468	0.0906606231	0.0756884458	-0.0227890621	-0.10486560660000001	0.0756225502	0.0317221934	0.1099128868	-0.0356587482	0.100490035	-0.0458129478	-0.11943733849999999	-0.0238700908	0.0219976031	0.1422683464	0.1073440458	0.1037800761	0.0235085862	-0.0213775865	0.0808732868	-0.15079050230000002	-0.087897412	0.0342309552	-0.056292705	0.020125493799999998	0.0950424267	0.11582878769999999	0.1312761658	0.006511948399999999	-0.0048017141999999995	0.1570573385	0.1273625259	-0.0062646913	0.0381504575	-0.08826881630000001	0.0628345354	0.0320124279	-0.0453048463	-0.1291874433	-0.07331113019999999	-0.0153378477	0.07367058259999999	0.0286723677	-0.1426718734	0.027161676200000002	0.032123237400000004	-0.020688691699999998	-0.0905540233	0.046544762	0.0444323225	0.0059361648	0.0563202606	0.0944441769	-0.0388253522	-0.1373512307	0.09106283109999999	0.0100458146	0.0528444175	0.0314909214	-0.0589473587	0.10220999230000001	-0.0832385158	-0.0440642367	0.16247359949999998	0.15990847019999999	0.0103783053	0.027516415899999997	-0.0151710675	0.0098633882	0.0710867011	0.0442250745	-0.1344164774	-0.09915338359999999	0.0335902375	-0.1480134615	-0.0313327554	-0.0344114581	0.0349824143	-0.0687413677	-0.0986721661	0.0063350247	0.0683113017	0.0332035492	0.0547843375	-0.0195358924	-0.0967686167	-0.0420827029	-0.18673475050000002	0.0087347039	0.00041625440000000004	0.1772330943	0.0641464128	-0.0365229402	0.0692374426	-0.10729813710000001	0.0058692379	0.01118952	0.0228095044	0.028569617400000007	-0.08599364609999999	-0.0457974112	0.0097528202	0.1171722864	-0.06989044929999999	0.042506685499999995	0.047531471900000004	-0.049522183600000005	0.053743058200000006	0.1368553542	0.0464419013	-0.0793347217	-0.028306529599999998	0.06094462730000001	0.0939063607	0.0077158647	0.0704067849	0.0034317066	0.177684955	-0.0608664709	-0.0187002346	0.11723229199999999	-0.0084160788	-0.1086339166	0.061924835199999986	-0.0697326129	-0.0428657401	0.2100518821	0.0621706433	0.017837152	0.0216988007	0.054856415199999994	0.0620524035	0.036944095	-0.0576586965	-0.0943439393	0.1071286767	0.1265541036	-0.1193376145	0.0791183983	0.015973209	-0.00851345	-0.1496439244	-0.044564922	-0.07270437219999999	0.10395628859999999	-0.0122163259	-0.07307669999999998	-0.03128809999999998	0.005340204082889997	0.000978945201609999	0.0586403	-0.010816800000000008	0.0034386847840900004	0.00011700316224000017	-0.0462821	-0.00010650000000000244	1.1342250000000516e-08	0.00214203278041	-0.00113149	0.00045148	1.2802696201e-06	2.038341904e-07	-7.31387e-05	0.0002217303	5.3492694376899985e-09	4.9164325938090005e-08	0.0015319	0.0	0.0	2.3467176100000005e-06	0.0	0.0	0.0	0.0
494.87245097045485	-0.2987078189575527	244898.74272950523	0.08922636110637809	755.4994152744797	-0.5014657326188399	0.2514678809909498	570779.3664800808	456.5393493996557	0.23867644311724234	0.056966444499098226	208428.1775502609	464.8203431008823	476.40380918041086	1.095522	32.86861	0.114374265	0.0603033	-0.0010987634	-0.0018933271	-0.1435203779	-0.12134297720000001	0.019749098700000002	-0.023107992799999998	-0.1246233072	0.16688620699999998	-0.0157570684	0.0690417691	0.0254873552	-0.0017048475	-0.0434782527	-0.0869307299	-0.05527640019999999	0.11422219460000001	0.005359028199999999	0.07308687929999999	0.0492175325	0.0938862174	-0.0424640633	0.0842243857	-0.0152279612	0.0223110741	-0.0101655417	-0.015563717	0.0756469315	-0.047573113	-0.007684012	0.125187006	-0.0899991035	0.0271163022	-0.1357665357	-0.0976572454	0.0271567004	0.0686136915	0.1009920161	0.051180675700000004	0.014585066899999999	-0.09183610380000001	0.042571440700000004	-0.0795271283	0.086483572	0.019496725	0.0730682737	0.0206950306	-0.1068031205	0.0440612933	0.12950166	0.1902403112	0.0295091071	0.11515978060000001	-0.0471322135	0.0797103231	0.024953381	0.147965966	0.0027191471000000004	0.16929276969999998	0.0969038845	-0.09514821300000001	0.0052582049	-0.0377836967	0.0432195515	-0.1208952873	-0.0860816967	-0.0363821627	-0.0476918687	0.08584902720000001	-0.089975932	0.0221690656	0.0282999107	0.131370024	-0.0932601415	-0.0842749156	0.0099765489	-0.0289319258	-0.1314234509	-0.0295325421	0.150761611	-0.17371406609999998	0.0572495533	0.0087003575	-0.0413327583	0.023271814300000002	0.082205052	0.019498343300000002	0.0526721229	-0.006174135600000001	0.0685964764	-0.0449693974	-0.08622095	-0.052719418399999995	-0.09216182960000001	0.0922002795	-0.0533377668	-0.0727736259	-0.032445162799999996	0.085056848	-0.07291307820000001	0.031592925099999995	-0.0400512018	-0.08778347019999999	-0.0696336638	-0.11858284050000001	-0.0388637046	0.023041996800000002	0.1072419303	-0.0435735458	-0.0803948495	-0.20806030260000002	-0.09144901279999999	0.1078106111	0.0030915059000000003	0.09103645490000001	0.0288700985	0.12570001390000002	0.07433296240000001	0.11791663599999999	-0.1495487613	-0.042797744699999994	0.045939962800000005	-0.0020634632000000003	-0.0024444698	-0.0685095962	-0.1197858862	0.0079385763	0.1162399859	0.0924008886	-0.0168410708	-0.0648843901	0.0412884239	-0.0206791779	-0.1308184269	-0.038979104900000006	0.0022395660999999997	0.0690638578	0.0858021495	-0.1439911051	-0.0724367592	0.0276955152	0.06775368059999999	-0.0551986752	-0.1894483492	0.0219913418	0.04066431	0.0347314439	0.07758308309999999	-0.0401370445	-0.022760793799999998	-0.0405832249	-0.0935318973	0.1296862566	-0.045611953899999995	0.0553910787	-0.0477426249	0.1302083734	0.0113011381	-0.0439535701	-0.0142506576	-0.042325088200000006	-0.11271777470000001	-0.0165447261	-0.09428821400000001	0.082204918	0.0544612308	-0.0464194031	-0.0696115238	0.1056505759	-0.0202846193	-0.0355627	0.03751399999999999	0.0012647056312899993	0.0014073001959999988	0.07363380000000001	0.014993500000000012	0.005421936502440002	0.0002248050422500004	-0.0354506	0.010831499999999999	0.00011732139225000003	0.00125674504036	-0.00193065	-0.0007991599999999999	3.7274094225e-06	6.386567055999999e-07	-0.000294684	-0.0002215453	8.683865985600003e-08	4.908231995209001e-08	0.0015319	0.0	0.0	2.3467176100000005e-06	0.0	0.0	0.0	0.0
493.77355269524793	-1.0988982752069203	243812.3213412868	1.2075774192527449	756.3955402356145	0.8961249611347739	0.8030399459688	572134.2132883271	456.0998665846798	-0.4394828149759178	0.1931451446591568	208027.08829856265	464.3326579205034	469.4257334772242	1.243949	37.3218	0.05593340000000002	0.034638	0.0090127222	-0.039802081	-0.0470323321	-0.0539249397	0.0326137595	-0.01284946	-0.014695605	-0.0313093799	-0.1313758633	0.0761323948	-0.0264537071	-0.051333352900000004	0.0042500386	-0.1339526877	0.1009188892	0.0710625792	0.21939375100000005	0.083246791	-0.0243630702	-0.0700084124	0.0319473823	-0.0450883554	0.1959489996	-0.0421933767	0.13994502849999998	0.0702744418	0.0351492719	0.0648242021	0.035913175	0.000633485	0.0702315565	-0.1004519583	0.0579316491	-0.1176086068	0.08162639969999999	0.0198164763	-0.06975173	-0.0775847616	0.035627763	0.0436894825	-0.0754543585	0.0861940978	-0.1977677813	0.0774282659	-0.0783784672	-0.006682028299999999	-0.0409201611	0.0070537493	0.0994694539	0.07346290400000001	0.041013407200000004	0.1874693861	0.11312202699999999	0.23378998190000005	0.0607171513	-0.11867017519999999	-0.0835675845	-0.2345876627	-0.0903981016	-0.0813813642	-0.020126093600000002	0.0773170678	-0.0497511463	-0.017423232099999998	0.0130045075	0.11855728380000001	0.089045018	-0.050114608399999996	-0.0033863814	-0.11603088939999999	0.1083196534	-0.0726813786	-0.0674034074	-0.0711089341	0.05779544480000001	0.09649933779999999	0.045426729400000004	0.0346856358	-0.1439284902	-0.1569079611	-0.142835778	0.0391030464	0.0150223125	-0.0131892252	-0.0839439949	-0.1765676766	-0.1364496111	0.0536332262	-0.097119717	-0.0657450337	-0.1174118973	-0.027554364799999998	0.0346161798	0.0494127413	0.0100009647	-0.011605933899999999	0.0633255316	0.10061590720000001	-0.015101502099999999	0.012158508500000002	0.056112688	0.0516340792	-0.0202828579	-0.059402869299999994	-0.0355047152	-0.0040637843	0.0415966541	-0.0077260135	-0.0759757165	-0.0944960476	-0.034552157400000005	0.053500613499999995	0.1567683999	0.2858263059	0.0112485596	-0.0700874505	-0.1138068607	-0.1768480716	0.1506469358	-0.1376018924	-0.09359191609999999	-0.020366736599999997	-0.0266276948	0.0639038814	-0.0491335022	-0.008538635	-0.1039985357	0.0751909663	-0.1012902807	0.1143807692	0.10675251599999999	-0.0845225264	0.0344388771	0.0541198374	-0.0727008623	-0.18077280399999998	0.0700155836	0.0082322521	-0.0960437538	0.1049452414	-0.08198556900000001	-0.0257598141	0.1464962236	-0.1317167051	-0.0932124976	-0.0681887452	0.0825121974	0.0638560608	-0.113478425	-0.0030392140999999998	0.1455158153	0.0483439003	0.06906770849999999	0.0272802644	-0.06265113809999999	-0.0736835624	-0.0660431195	0.0039738669	-0.1376989216	-0.0286316827	-0.0144442187	-0.039647042	-0.0088957188	0.027554461800000003	-0.0363451086	-0.0482576524	-0.0664213173	0.10701244730000001	-0.028239472999999998	-0.0410145	-0.0054518	0.0016821892102499994	2.972212324e-05	0.0680988	-0.005535000000000012	0.0046374465614399995	3.063622500000013e-05	-0.0181205	0.017330099999999998	0.00030033236600999987	0.00032835252025000005	-0.00244361	-0.0005129600000000002	5.971229832100002e-06	2.6312796160000025e-07	-0.000334054	-3.937e-05	1.1159207491600001e-07	1.5499969e-09	0.0015319	0.0	0.0	2.3467176100000005e-06	0.0	0.0	0.0	0.0
492.89776926878113	-0.8757834264667963	242948.21095014058	0.7669966100739224	757.2205206711267	0.8249804355122023	0.6805927189779031	573382.9169254522	455.5258748344625	-0.5739917502172602	0.3294665293174737	207503.82264370238	463.8566747528667	471.23912098182336	1.72471	51.745937	0.9664549	0.546362	-0.0483796072	-0.11203058630000001	0.3108640321	0.19856069440000002	-0.125135268	0.0045013773	0.3321586311	-0.0148303846	-0.04208534480000002	0.16308891679999998	-0.0547043608	0.09848368519999999	-0.16266032130000002	0.06738765320000001	0.052621469500000004	-0.0017094109	-0.00031111919999999996	0.17198800530000002	-0.0852849923	0.0862904535	0.0146015332	-0.0582177767	0.18146249760000002	0.0762181064	0.0706890669	-0.10940092960000004	0.0323250162	0.0791711158	-0.0680896532	-0.039494808	0.091168191	0.0893184636	-0.08859849189999999	0.0059662213	0.0551307989	-0.0023037256	0.0985432637	-0.14582786009999998	-0.071515471	-0.0408225049	0.09354800210000001	0.024939212000000002	-0.0661429152	-0.071223605	0.035213224700000004	-0.1178590901	0.3532371731	0.1277834151	0.0220883453	-0.1043706499	-0.09269739369999999	0.060964848099999996	0.0127358596	0.1971839831	-0.092734883	-0.2362338281	-0.33928854700000005	-0.0553724311	-0.1693109435	0.0190185172	-0.0572830092	-0.0861356262	-0.0622094956	-0.0976646396	0.1118239008	0.0695515612	0.1701513029	0.0670763387	-0.0896837032	-0.016756951200000002	0.062271326399999986	0.11844681630000001	-0.04681696230000002	0.0016298885	-0.1008378964	0.0185446347	0.0988638539	0.0009407953	-0.059006075199999994	0.0525092634	-0.0285004077	-0.0028387684000000003	-0.0515265718	-0.0060620498	0.0012310495	0.06283052	-0.0102762933	-0.0333637148	0.0584392611	0.0764289551	0.0045468340000000005	0.09782923369999999	-0.008922757	0.0342083854	-0.04230128019999999	0.0287295945	0.0409215116	-0.0075560898	-0.068122245	-0.0872435223	-0.0721656655	0.0167794951	0.0132872476	0.09458413759999999	0.0215638793	-0.1194114683	-0.3495194471	-0.11590097449999999	-0.0341125145	0.0167717564	0.1352904092	-0.0130372712	0.0084501531	0.1993204543	-0.09643329960000001	-0.0346553699	-0.4094449745	-0.0316058366	0.19983440019999998	-0.0157240661	0.057672822	0.0975789734	-0.1262803442	-0.040964097799999995	-0.0051358919	-0.175288621	-0.0987115257	0.1375727399	-0.0314304654	-0.0074609232	-0.0274455819	-0.1164420506	-0.0666820825	-0.0821110694	0.0495933731	-0.022892525299999997	-0.0077349718000000005	0.016498135900000002	-0.0019406171	-0.0012611103	-0.041775570299999995	0.097056885	0.045972471699999996	-0.011520725700000001	0.011257308600000002	-0.0250236425	-0.046954400000000014	-0.0039700396	0.0650891268	0.0088636553	-0.0319597345	-0.0354049032	-0.09819734640000001	0.06677267490000001	-0.014831076	0.0211313878	0.050308855599999994	0.0137540523	0.0643380055	0.0230237145	-0.0146673094	-0.048035364299999994	0.09500630869999999	0.024061297599999996	0.0089921498	-0.0500790271	-0.0631382147	0.10803761810000001	-0.0360364	-0.044838800000000005	-0.003824300000000009	0.0020105179854400003	1.4625270490000076e-05	0.27354	0.20544120000000002	0.0748241316	0.04220608665744	0.111026	0.1291465	0.01667881846225	0.012326772675999999	-0.0119829	-0.00953929	0.00014358989241	9.099805370409998e-05	0.0008210239999999997	0.0011550779999999995	6.740804085759997e-07	1.3342051860839992e-06	-0.00033459	-0.00186649	3.4837849201000006e-06	1.119504681e-07	0.0	0.0	1.0	0.0
495.2505165224175	2.3527472536363803	245273.07411572128	5.53541963949353	755.8090689064923	-1.4114517646344211	1.992196083889621	571247.3486412987	455.2271110225719	-0.2987638118906375	0.08925981529542422	207231.72260995695	463.398201655115	479.9971946930933	1.401666	42.053745	0.27946210000000005	0.150778	-0.050504594900000005	-0.029312509700000006	0.25060223649999996	0.0761997858	-0.1641020997	0.0429908861	0.20817449149999998	-0.0021442986	0.10019456759999999	0.1402381662	-0.020449558700000002	-0.0410273792	-0.0254293327	-0.0198118921	-0.058835232	0.0655053535	-0.09623874060000001	-0.0141077246	-0.1100326675	0.021259717799999998	0.1253323742	0.0696200389	-0.1129353261	0.12476650880000001	0.0038731171	-0.167512085	-0.17339305489999998	0.0499350317	-0.0288376204	-0.05497621	0.09956868640000001	-0.0596314664	0.0392613377	0.0417541102	0.022630773	-0.10397230560000001	0.1112508883	-0.010068479	-0.0673069689	-0.0439518255	-0.0166385208	0.0170873795	0.1533994614	0.0706110548	0.0816579169	-0.0719441034	0.2115966084	0.0543915057	-0.0137836427	-0.039858999900000004	0.0024513304	-0.0691023935	-0.0450900237	-0.06860462219999999	-0.0938958225	0.0110090972	-0.032839963199999996	-0.013744786200000001	-0.0172566155	-0.036057274300000004	-0.0197087948	0.045514104699999995	0.1449846433	-0.0857723911	-0.0179845226	0.0067687074	0.1145180158	0.023844474900000003	0.0256675744	0.0157467242	0.04418811809999999	0.1014521975	0.0292089675	-0.0861608809	0.1180250768	0.0841325807	0.0365774769	-0.1667562639	0.0775396508	0.0167256237	-0.0049532479999999995	0.0028547021000000002	0.1603934005	-0.07340866389999999	0.0695877895	-0.0050719556	-0.044829292800000003	0.047152190999999996	-0.04352991	-0.0647305166	0.06624497139999999	-0.13125251599999999	0.08548277539999999	0.1257929914	-0.1401157476	0.0160150344	-0.1364687914	-0.057502723799999995	-0.0034919522999999997	-0.0611590676	-0.0720682952	-0.0234417904	-0.05377476690000002	-0.106857725	-0.0857962145	-0.07762775	-0.221268539	-0.0467092643	0.0044918523	0.028069436	0.0066569171	-0.0065185991	-0.0517789128	-0.1011858766	-0.0657891273	0.0660063404	-0.053332821399999994	0.0102409975	0.0317359004	-0.038928048199999996	0.0028810011	-0.062018136900000014	0.0769397663	-0.1267597093	-0.0003193243	-0.142252018	0.0072228353	-0.020123054799999998	0.0279409186	0.0048114920000000005	-0.0172173186	0.0190556622	-0.0663342548	-0.0585056574	-0.1288700612	-0.0420054437	0.20725309760000002	0.0303545415	0.06250173	0.0076585301	-0.038762631400000004	-0.0306909613	0.0418624114	0.0913370468	-0.0556001694	0.1043598132	0.0768125969	-0.016718335	0.035362002000000003	0.0016002928	0.0239756398	-0.0750833691	0.1101778374	0.030605388799999998	-0.043634157300000004	0.21557417399999998	0.0271085082	-0.0926630189	0.028328002999999997	-0.0319655767	0.037709275800000004	-0.0698576053	-0.007621071	0.1375466633	-0.06666312690000001	-0.0518828902	-0.0597668075	0.1087228625	-0.043631796900000006	-0.100086	-0.055247199999999996	0.010017207396000002	0.0030522531078400004	0.25237600000000004	-0.02116399999999996	0.06369364537600003	0.00044791489599999837	0.105347	-0.0056790000000000035	3.225104100000004e-05	0.011097990409	-0.00956342	0.00241948	9.14590020964e-05	5.8538834704e-06	0.0007198160000000001	-0.00010120799999999966	5.181350738560001e-07	1.0243059263999929e-08	0.00109216	0.00142675	2.0356155625e-06	1.1928134656e-06	0.0	0.0	0.0	0.0
495.2287065671431	-0.021809955274420645	245251.47180816552	0.0004756741490722289	753.6184814132724	-2.190587493219823	4.798673565451108	567940.8155276468	456.2906134973255	1.0635024747536477	1.131037513807133	208201.1239657657	464.4056848232843	479.6098370452745	1.176996	35.313034	0.34736989999999995	0.196783	-0.0242996585	0.021939109300000002	0.24712447920000002	0.0428522172	-0.09661953179999999	0.09991263800000001	0.15969076470000002	0.0017979732	0.031013906600000002	0.0360722939	0.013521194399999999	0.1904372456	0.0169225754	-0.0545324442	-0.0152782901	-0.0124892153	0.0068879399	0.08434566449999999	0.07695884809999999	-0.049200027199999996	0.07800782740000001	-0.0833407804	-0.1626997132	-0.0772076602	-0.026668961600000003	0.126423384	-0.018099217	0.08624170880000001	-0.08318863900000001	0.0016659181	-0.0643989168	-0.0698565907	-0.136807227	0.0785762224	0.0374551732	0.0869209644	-0.007446463100000002	0.10342696400000001	0.0446576004	0.023098796	-0.0908232766	-0.1538518743	0.0059624804	0.0036260178000000003	-0.1689558744	-0.0540711229	0.1876045375	0.1371397978	0.0263846459	-0.0939319339	-0.1033409116	-0.0445631335	-0.0491936408	-0.0451386111	0.010821649099999999	0.0303598336	-0.0246487937	-0.0903241899	0.0559110625	0.0463061464	0.0696120519	-0.0167148246	-0.0270366964	-0.24885447460000001	-0.12549227970000001	-0.0031259339000000003	-0.0788550831	0.06110162860000001	0.0835191325	-0.0481218017	-0.0050606984	-0.0121417752	0.0029658411	0.1391631397	-0.0600711009	-0.1612186972	0.08154264309999999	0.032957569	-0.056567818	0.0054087464	-0.0527538906	-0.0689539122	0.1105781266	-0.12269312460000001	0.0124724973	0.0298460529	-0.0541755425	-0.0096533375	-0.060130173499999995	0.035969566099999996	0.06019279440000001	-0.06604234860000001	-0.0016744551	0.007567572099999999	0.0446380912	-0.051152022000000005	0.0307197398	-0.0743625894	0.051734185700000004	0.0244901613	-0.1749263918	-0.10096890800000001	-0.0364681149	-0.025277113900000002	-0.0174526832	-0.055052545599999995	-0.18769859170000008	-0.1298432911	-0.0293508584	0.030841825099999998	0.11230289119999999	-0.0246540936	-0.0884905889	-0.037530599500000004	0.0224419544	0.005287499100000001	0.0113488694	-0.10391920560000001	-0.0495828473	0.057333486600000004	0.061111157699999995	0.024529868599999997	0.09317289990000001	-0.069309996	-0.2491677789	-0.013720053500000001	-0.0104854617	0.0743923882	0.0523770821	0.0219894271	-0.0766063083	0.093471833	-0.0068946253	-0.0723239892	0.050268993899999996	-0.030129137400000002	-0.06906582110000001	0.11375695179999999	-0.0741406119	0.0362706852	-0.1587406828	0.039131583500000004	0.0208934216	-0.0656996146	-0.0320094278	0.20384880719999998	-0.0761193361	-0.0034936909999999997	0.0246874798	-0.027218948700000002	-0.060531244299999995	0.0289988817	0.0144777762	-0.0599184568	0.022452519599999998	0.0890474815	0.1002042741	-0.09149088300000001	0.0153409461	0.1090509124	-0.0107074834	0.17176744870000002	-0.0431895743	0.0317617133	0.1150928116	-0.0536686109	-0.05631181110000001	0.1090660245	-0.0509831871	0.0199076	0.11999360000000002	0.0003963125377600001	0.014398464040959999	0.289543	0.03716699999999995	0.083835148849	0.0013813858889999964	0.05777230000000001	-0.04757469999999999	0.002263352080089999	0.003337638647290001	-0.00692892	0.0026345	4.80099323664e-05	6.940590249999997e-06	0.000883898	0.00016408199999999994	7.812756744040002e-07	2.692290272399999e-08	0.0010380500000000002	-5.410999999999979e-05	2.927892099999977e-09	1.0775478025000004e-06	0.0	0.0	0.0	0.0
495.2941024272698	0.06539586012672771	245316.24789923485	0.0042766185217145355	756.1162553576036	2.4977739443311293	6.238874676979487	571711.7916160048	457.1231595790555	0.8325460817299586	0.6931329782039068	208961.58302353858	465.30509451860877	480.26233625346816	1.069677	32.093193	0.22325115	0.13206500000000002	-0.0168781168	0.0117167754	0.1824042559	0.0699915769	-0.09635812810000001	0.0094119591	0.1433653698	-0.014846751399999997	0.052053956	-0.043816845099999994	0.0674945085	-0.005585385	-0.025143039	0.09624360189999999	-0.021485886800000003	-0.1469687664	-0.040163342000000005	0.0223040187	-0.0543496865	-0.040096435	-0.1322037475	0.0366290602	-0.015809541	-0.0354857329	-0.0354284281	-0.0090597254	0.0695821757	-0.0813667554	0.0680117004	0.0655405029	0.0492957576	0.1554302549	0.060711542699999996	-0.0087323378	-0.05796392440000001	-0.0909770057	0.13839408720000002	0.1092472903	0.0398791531	-0.1470009035	-0.030545649100000002	0.17774837440000002	-0.013530259099999999	0.01728791	-0.010727214399999999	-0.0196844116	0.14641829580000001	0.15196926630000002	-0.1499258752	0.0423399504	0.0143312287	-0.1629688361	0.0200873466	-0.0498553659	-0.056878276799999995	-0.07100568410000001	-0.0173278253	0.08106815490000001	0.09766589519999999	0.0931343868	0.0418611142	0.1206179803	0.0113732108	-0.0757210292	-0.1061955058	-0.0022381978	0.0332578936	-0.10483267539999999	-0.0882694566	0.0811283211	0.031028355	-0.0262783448	0.0148266724	0.0857205476	0.0968261541	0.0519282351	-0.0868650178	0.0629610731	-0.0558355487	0.031318908799999996	0.058245802699999995	0.0954527473	0.12301367199999999	0.110920103	-0.0165996102	-0.0062890528	-0.0764307329	0.0953029361	-0.040273407000000004	0.10053601699999999	-0.0495063143	-0.0466925399	-0.08666253060000001	0.033490309100000004	0.044071875	0.043834297300000005	0.0931783103	-0.0237090526	-0.09191448640000001	-0.1167309034	0.1281252417	0.0206034575	0.10899031869999999	0.005044507	-0.0924478066	-0.0212007833	-0.1521504001	-0.1450024408	0.1307015392	0.030922388999999998	-0.08142540940000001	-0.108726401	-0.0526048629	-0.10855278269999999	-0.0393242819	-0.018644839399999998	-0.09481967890000001	0.0475100729	-0.1167459542	0.0607360007	-0.0484075416	-0.0829795994	0.1034548815	0.0275874239	-0.071722288	-0.0384794263	0.0386432598	-0.0416893935	-0.0600687325	-0.11415176949999999	-0.0003646689	-0.1395873251	0.09909032720000001	-0.0236930939	-0.0808855178	-0.005796465	-0.10902890929999999	0.0119960943	0.0884578572	0.1075229547	0.1352989819	-0.106941631	0.1120775235	0.041317409	-0.0561830013	-0.0114035022	0.0080798622	0.085869864	0.031998717	0.0360750587	0.1205660579	0.10214611970000001	0.059713191	0.0188463177	-0.027341246200000002	0.0023082705	0.08684589949999999	0.1720390086	0.0065794877	-0.013977660900000001	-0.0974736351	-0.0575465343	-0.05773681150000001	-0.0160388762	0.043334843600000006	-0.055435565	-0.0527780575	0.1090660245	-0.05804945860000001	-0.101595	-0.1215026	0.010321544025	0.01476288180676	0.276424	-0.013118999999999992	0.076410227776	0.00017210816099999982	0.105532	0.04775969999999998	0.0022809889440899983	0.011137003023999998	-0.00649307	0.0004358499999999998	4.21599580249e-05	1.8996522249999982e-07	0.0005973230000000001	-0.000286575	3.567947663290001e-07	8.212523062499998e-08	0.000943078	-9.497200000000012e-05	9.019680784000026e-09	8.893961140840003e-07	0.0	0.0	0.0	0.0
492.9929098263588	-2.3011926009110084	243042.0091390604	5.295487386487571	754.2236584594092	-1.8925968981943695	3.5819230190549494	568853.3269798955	456.39338444884834	-0.7297751302071447	0.5325717406688549	208294.9213686743	464.45424388124087	471.19158153441873	1.009891	30.29945	0.1135174	0.0597531	0.0331523156	-0.006588133299999999	0.17431880789999998	-0.0167619868	-0.0962589985	0.0583838767	0.0825619122	0.10818037800000001	-0.08455870550000001	-0.1194261468	0.128556588	-0.0279273604	0.019543269199999998	0.0053399313	0.0024490194	0.0399852865	-0.1628755783	-0.0699831247	0.0048776732	0.017157773799999998	-0.024547807400000003	0.011042598600000002	-0.0377009742	-0.0010206427	-0.1008813319	-0.0079910735	-0.050690283899999994	-0.0295524819	-0.0505123161	0.0019189320000000001	-0.058915088399999996	0.13026580289999998	0.1102448392	-0.023772826099999998	0.0363968811	-0.1558018313	-0.0549732363	-0.0375715833	0.0658190248	0.0732379531	-0.0783358698	0.0173069472	0.1339263557	0.08084659870000001	-0.0215872355	-0.0204374305	0.1302741366	0.1306652144	-0.16476672480000001	0.0036947190999999996	-0.0473664531	0.0156969393	-0.0870944492	-0.0445330188	0.0083067208	0.0073779456000000005	0.037529116099999996	-0.0240328909	0.043541103600000006	-0.021230521800000002	0.009956320500000001	-0.0372327865	0.0079189318	-0.0436794516	-0.0376839352	0.0710983831	0.0209130176	-0.0810427292	-0.05145223769999999	0.0069524792	0.08768471050000001	-0.0203534021	0.1529504434	0.021643083100000002	0.1179817227	0.021802479500000003	0.027965870099999998	0.11094304390000001	-0.08920805970000001	-0.0419561861	0.11311366869999999	-0.1398586043	-0.1118339042	-0.10607404529999999	-0.0360750063	-0.037528534599999996	0.1183729768	0.1599858351	0.0366449821	-0.06036057070000001	0.1128515059	0.060713063899999996	-0.0933258358	-0.0026437228999999997	-0.0437763105	0.2156003096	0.0115028479	0.07200975400000001	0.0069455993999999995	0.1264813735	0.1171288832	0.0084936949	0.0120173372	-0.010403799200000001	0.0270968327	-0.024173576699999998	-0.1325037171	-0.1160840389	0.17431142789999998	-0.0184864705	0.0438073078	0.0436312903	-0.0849821273	-0.0476776337	-0.0129650383	-0.0335660373	0.0476596313	-0.036512059	-0.0365361075	0.0070813213	0.0624915593	-0.0836626712	-0.0104360622	-0.0208311576	-0.0435766191	0.0137124824	-0.08505346859999999	-0.0107022221	-0.0613927728	0.0619765762	-0.12402055070000001	-0.0757091594	-0.0197179024	0.0644352188	-0.1391143794	0.00694041	-0.0727090468	0.035131580600000004	0.10659237880000001	-0.023855475299999998	-0.0244915477	0.0676576748	-0.07125439900000001	-0.0820728472	0.0858132516	0.013752726399999998	0.110551274	-0.0111187292	-0.0995085675	0.23961107980000002	-0.1112410125	-0.10815713060000001	0.0649045803	0.0085814446	-0.1537094244	-0.1344973661	0.0168395487	0.0395016633	-0.046972851399999994	0.0037318142	-0.0089088399	-0.1269225239	0.0367394648	0.0588471548	-0.024821194300000002	-0.0571831344	-0.049170489000000005	0.1087228625	-0.06479109400000001	-0.0588489	0.0427461	0.00346319303121	0.0018272290652100005	0.275831	-0.0005930000000000103	0.07608274056099999	3.516490000000121e-07	0.128111	0.022579000000000016	0.0005098112410000008	0.016412428321	-0.00582961	0.0006634600000000003	3.39843527521e-05	4.4017917160000037e-07	0.000371593	-0.00022573000000000005	1.3808135764900006e-07	5.095403290000002e-08	0.0008802819999999998	-6.279600000000016e-05	3.943337616000022e-09	7.748963995239998e-07	0.0	0.0	0.0	0.0
492.2391060303083	-0.7538037960505335	242299.33750551703	0.5682201629401943	755.6006594070964	1.3770009476871792	1.8961316099313896	570932.3564964388	456.02472192812036	-0.3686625207279803	0.13591205418950852	207958.5470096195	464.22586631692553	461.5124886166935	0.976944	29.310951	0.06263294999999999	0.0281782	0.0570197717	-0.0732526269	0.175937106	-0.08417107609999999	-0.0687859158	0.028735732200000006	0.1288230367	-0.0384273067	-0.026853506800000003	-0.070392521	0.0728327308	-0.1374257107	-0.0127316131	-0.051150973899999994	0.0205482877	0.0085567487	0.0027138772999999996	-0.0481930835	0.10735729810000001	0.0034109396	0.1138010057	0.0063869135999999995	0.060962368499999996	-0.062138794800000015	0.010698861899999999	0.0693963584	0.07582792740000001	-0.0285500432	0.031277801800000005	-0.14180522710000001	0.0858518767	-0.07914903849999999	0.00025474419999999996	-0.07107622200000001	0.0030456336	0.0586818786	-0.0096968558	-0.0207307533	0.012691468000000001	-0.0037936591999999996	-0.002450232	0.0533564343	-0.015464594199999999	-0.030453459500000002	-0.024893255099999997	-0.0159537525	0.10872972970000001	0.0410256444	-0.1620482614	0.015817890600000002	-0.0803090742	0.0728005014	0.0367268213	-0.0901140223	-0.0179175718	-0.0376682428	0.1079203747	-0.0148650039	0.11763562150000001	0.0615328816	0.0021029445	0.1117341504	0.0099664859	0.1263265335	-0.0487997474	-0.0178376002	0.0317517365	-0.018797509599999998	-0.0758697191	0.1078252284	-0.0561368701	0.0286864348	-0.0708269369	-0.016548933000000002	-0.0876942148	-0.0037800844	-0.043271488899999995	0.0222027342	0.022336656400000002	-0.08149616330000001	0.08927697849999999	0.047385433399999996	0.0620073341	0.0092178738	-0.0774773942	0.050999124900000005	0.14547694349999998	0.0283281971	0.08119313759999999	-0.0484949962	-0.0684770618	0.1015279906	0.0970834461	0.0001269787	0.0680810944	0.0367972149	-0.029797911200000006	0.0108748001	0.0093470305	0.1503422949	-0.1307809809	0.054168588899999995	-0.045572172	0.0238117656	-0.027664644199999998	-0.0209175325	-0.11373615849999999	-0.0380459726	0.17488646600000002	-0.032390944399999996	0.0812742279	0.0113797429	0.0482141402	-0.056924123300000004	-0.0030329158	-0.0737039795	0.0669781232	-0.0469739291	-0.0689727638	0.06294821490000001	-0.0834215958	-0.06513367169999999	0.0391040802	0.0786596591	0.0969165807	-0.01624604	0.0421008496	-0.0582445549	-0.0328092496	-0.10158668230000001	-0.0378704717	-0.0741921185	-0.0057940828	0.0048681343	0.0471217378	0.0346803776	-0.0109629098	-0.0860270982	-0.0619265488	0.1082769948	-0.0007823015	-0.051521577	-0.025208057000000002	0.0978087441	0.0007971925	0.0130908039	0.051910869500000005	-0.14288231310000002	0.0563233731	0.025400284900000004	0.0215963272	0.0314655517	-0.048358197699999994	-0.01714125	0.0093063102	-0.1402585539	-0.0368602425	-0.16960633390000002	0.008120495	-0.0088726754	0.0935598866	0.0596368214	-0.0362980102	0.0314708739	-0.1450297949	-0.058910708099999994	-0.0454941512	0.10803761810000001	-0.07117039139999999	-0.07610139999999999	-0.017252499999999983	0.005791423081959997	0.00029764875624999944	0.262073	-0.013757999999999992	0.068682257329	0.00018928256399999981	0.14206	0.013948999999999991	0.00019457460099999967	0.0201810436	-0.00567394	0.00015567000000000011	3.21935951236e-05	2.4233148900000035e-08	0.0005266	0.00015500699999999995	2.7730756000000003e-07	2.4027170048999988e-08	0.0008374899999999997	-4.279200000000026e-05	1.8311552640000224e-09	7.013895000999993e-07	0.0	0.0	0.0	0.0
491.35127887321465	-0.8878271570936249	241426.07925034355	0.7882370608729481	754.4770155090405	-1.1236438980558887	1.2625756096382323	569235.566931429	454.8205996979409	-1.2041222301794503	1.4499103452123336	206861.77790959465	462.91782445107316	455.00701030423767	0.971108	29.135849	0.06746395000000004	0.0338959	0.0750897182	-0.0972965795	0.1094719321	0.0410154379	-0.044910818	0.0505582842	0.0713691006	-0.17100499660000001	0.050405680599999995	0.002491909	0.08661850859999999	-0.1175772642	-0.0021015965	-0.06204202480000001	0.0387256251	0.0264763365	-0.012097863799999999	-0.1142758284	0.08544808699999999	-0.0161988698	-0.0305600437	0.011439433799999999	-0.057626199	-0.10225197050000001	-0.111529844	0.0354102321	0.1177583861	0.0734297781	-0.032027494100000005	0.0418839621	0.0920320592	-0.0434517383	-0.0102251351	-0.16113794050000002	-0.1606621904	0.010765431	-0.052701400700000005	-0.09815065880000001	0.0497563106	0.0221219687	0.047745843499999996	-0.1695258227	-0.035088177000000005	-0.087640774	-0.017562091000000002	-0.0329452422	0.11756273800000001	-0.0610205225	-0.1147308361	0.0748732378	-0.0611130509	-0.0565751676	0.08464162609999999	-0.0281959473	-0.0670628786	-0.0831874853	-0.0060715577	-0.032865973300000004	-0.0460630716	-0.0090703609	0.0261780877	-0.1314627707	-0.093386143	0.08471293740000001	0.12265542119999999	0.026993294100000002	-0.0458037412	-0.1082164902	-0.0082117387	0.08478529789999999	-0.081805962	-0.0467464705	0.112227047	0.0570827618	-0.0650609245	-0.056992149400000004	-0.1024648788	0.042499949	0.0784290799	-0.0631863105	-0.0437938767	-0.013357933	-0.0011599611	-0.1183669176	0.005868704000000001	-0.029491631	-0.032718644399999997	-0.0978855168	-0.0079271967	-0.1160257135	-0.0687542649	-0.0713320672	-0.0758526462	-0.1572463574	-0.011438842	-0.0296310548	-0.0200363933	-0.0814288257	-0.109775525	0.0710128273	0.011613233300000001	-0.0600918543	-0.0410348523	-0.078765454	0.0830699788	-0.0344638259	-0.1160639374	0.059688313099999994	0.12071803519999999	-0.030721805	-0.0167038932	-0.1304803719	0.0507841077	-0.0497875853	-0.0508261923	-0.0866255985	-0.0203580086	-0.005955845699999999	0.056095144000000007	0.023607588199999998	0.0750055798	0.11869042630000001	-0.0634702483	0.0308126223	0.073407747	0.1467713988	-0.1230999006	-0.08482994640000001	0.0016378812	-0.047279403600000006	-0.15357784189999998	0.013764821200000001	0.0785198142	0.0669837802	0.0170289833	0.0381739877	-0.0101821229	-0.11409710990000001	-0.0820213063	-0.0725942541	-0.0363380121	0.0220600805	-0.0227733229	-0.0353084811	-0.0389925777	0.0358309986	0.0252999014	-0.0361121927	-0.0421164718	-0.055722929299999995	-0.07355548860000001	0.1149549815	-0.0416492015	-0.1815999641	-0.011341198	0.060140039299999996	-0.0786703237	-0.036168494	0.017591478100000002	0.0987474239	-0.0485582775	-0.0660992048	-0.018104903000000002	-0.1286343356	0.1220046767	-0.0606176821	-0.0417541856	0.10701244730000001	-0.077151675	-0.09172539999999997	-0.015624	0.008413549005159997	0.000244109376	0.238859	-0.023213999999999985	0.057053621881000015	0.0005388897959999993	0.130325	-0.011734999999999995	0.0001377102249999999	0.016984605625	-0.00579987	-0.00012593000000000066	3.363849201690001e-05	1.5858364900000166e-08	0.000737235	0.00021063500000000006	5.435154452250001e-07	4.4367103225000015e-08	0.000838744	1.2540000000003373e-06	1.572516000000846e-12	7.03491497536e-07	0.0	0.0	0.0	0.0
490.447406279606	-0.9038725936086394	240538.65832639288	0.8169856654768085	755.2760681161733	0.7990526071328077	0.6384850689657371	570441.9390690264	454.03063795130083	-0.7899617466400741	0.6240395611546367	206143.82019846523	462.26882857782516	452.60098117439077	0.915107	27.455675	0.021640249999999986	0.014072500000000005	0.0765209065	-0.1311530521	0.0477317438	0.0753261745	-0.037945792400000004	0.0421480313	0.045370758600000005	-0.028064521000000002	0.0982194575	-0.0160630502	0.0208250098	-0.10287922810000001	-0.042322516399999996	0.0713276708	-0.0070206963	0.0791925842	-0.0320718083	-0.0256980085	0.0316601298	0.0545649182	-0.049842141	-0.0109796983	-0.09056901769999999	0.0103344987	-0.0023710755	0.0057066891000000005	0.0484517	-0.08715859470000001	-0.0636860125	0.1118167475	-0.116467461	-0.0483432421	0.0293544643	-0.0775279826	0.0127782458	0.1879547591	0.0829279411	0.0176495751	-0.0168915556	-0.130388088	0.013475325500000001	-0.0282907725	-0.1190343453	-0.0596477464	-0.0067967311	-0.0554641066	0.1335127653	-0.1313169873	-0.0656594043	0.0098899842	-0.0863563165	-0.0224287525	0.009512472	-0.0130477187	0.032589388399999995	-0.0960138122	0.0797420788	0.0297660566	0.0619999857	-0.0736397178	-0.04853450559999999	-0.0676952098	-0.0599728491	-0.0143779348	0.0644193328	-0.0406149781	0.10457056140000001	-0.06373037299999999	0.0297562608	0.0324005414	-0.061095648499999995	0.0215852725	0.0022405707999999997	-0.0084581972	-0.0948878408	-0.09844317640000001	-0.1107186951	-0.07612825849999999	0.0313576392	0.0374476569	0.0113701143	0.1003119523	-0.023691804599999998	-0.027373881699999998	0.1155129082	-0.0447037245	-0.006791463	0.10473581480000001	0.0814012463	-0.0784665608	0.076943917	-0.009818947	-0.0725926234	-0.0086294357	-0.08282770490000001	-0.0131614277	-0.0406685493	0.13369906410000001	0.0678659379	0.0377586869	0.0381844883	-0.0823918686	0.1111839847	-0.0420067436	0.0211085256	-0.056151088700000004	-0.125089596	0.1339388176	0.0651675448	-0.0015482817000000001	0.0326899777	-0.0967939656	-0.0244238982	0.0055603835	0.012939796200000001	-0.11464687970000001	0.012971528000000001	0.0121711256	-0.0487681579	-0.0602954934	0.024832398500000002	0.0782242599	-0.10925954480000001	-0.0131794875	0.0250940504	-0.0887061458	-0.06874334559999999	-0.1251812558	0.0292016482	-0.0053465378000000004	-0.041197249500000005	-0.005292380500000001	0.0511617257	0.0040544998	0.081390959	0.12630975279999998	0.08737933630000001	-0.0753862742	-0.0115295011	0.023352124900000003	0.011623069299999999	0.0046624103	-0.0620391447	0.0917467949	-0.0156266387	0.0032553776	0.0914705967	0.1765916452	-0.0382733173	0.0521970983	-0.0874847658	-0.0103235534	-0.102218165	0.0132160743	-0.0050453227	0.0565798893	-0.0081662515	0.0614910387	-0.0745618505	-0.0976244479	0.0017359692999999999	0.0866303042	-0.1596941949	-0.0074447643	0.012753451399999999	-0.062303459299999996	-0.0379558231	0.1056505759	-0.0827014951	-0.0917242	1.1999999999928734e-06	0.008413328865639998	1.4399999999828963e-12	0.228613	-0.010246000000000005	0.052263903768999996	0.00010498051600000012	0.12082	-0.009504999999999986	9.034502499999971e-05	0.014597472400000004	-0.00578169	1.8180000000000453e-05	3.34279392561e-05	3.3051240000001646e-10	0.0007568160000000001	1.958100000000007e-05	5.727704578560002e-07	3.834155610000027e-10	0.000838744	0.0	0.0	7.03491497536e-07	0.0	0.0	0.0	0.0
490.443470391234	-0.003935888371984221	240534.79764939725	1.549121727672059e-05	755.7334834552478	0.4574153390744869	0.20922879242062772	571133.0980154033	453.78714799669257	-0.2434899546082647	0.059287357995134814	205922.77568697213	461.91880558461037	448.0624557250171	0.9306390000000002	27.921684000000006	0.09900305	0.0511583	0.092293535	-0.1384756476	0.058765902099999996	0.11751838839999999	-0.0434321563	0.0100789881	0.0716330349	-0.0223559915	0.0981988572	-0.0195958956	0.018061086100000002	0.024936792200000002	0.0142017435	0.09317723720000001	0.0807273038	0.0908283052	-0.0357257127	-0.119530069	-0.0651829818	-0.0536429749	0.032453713700000004	-0.1054336909	0.0269275079	-0.00024815680000000003	0.0674680462	-0.1121757816	0.1136712535	0.0019670227	0.10692275009999999	-0.0258313973	-0.10749802779999999	0.0603194128	-0.0362482077	0.0113664401	-0.0152322879	0.1155461137	-0.1197040526	-0.2383524091	0.0680771187	-0.0282294406	-0.020257798100000002	-0.1090245814	0.0887569728	0.1076656539	-0.0988046624	-0.0316053268	0.14664422130000002	-0.15508271769999998	-0.041293241	-0.015391095300000001	-0.0528881246	-0.0891289969	-0.0472529349	-0.0750320555	-0.10273428050000001	0.11002477460000001	0.09134030480000001	-0.07289355809999999	-0.0770327388	0.01652956	0.0861419466	-0.0616153267	0.0051164639	-0.0788236145	0.0291280659	0.0578048358	-0.0522292196	-0.0812484002	0.0447976363	0.0426310124	0.151151651	-0.1589836703	-0.0052717408999999995	-0.014510114199999999	-0.0191438183	0.020180858200000002	-0.0505910088	-0.0290089844	0.18126188140000002	0.021976747799999998	-0.00045219739999999997	0.0322927466	-0.1279686196	0.10193411210000004	0.0395597263	-0.0668425364	-0.0030662815000000003	-0.056963355099999995	0.047656382000000004	0.0259706494	-0.1201806442	-0.0443504903	0.0967450242	0.17306236739999994	0.0057653479	0.0263210798	0.1554609424	-0.0624820378	0.0289385288	-0.0383464017	0.0624388253	0.0880237417	0.0975592758	0.049514358200000004	-0.1054272679	-0.0383993139	-0.140504339	0.1562134114	0.0281168111	0.0269267114	0.0261854031	-0.0701158949	-0.0572349202	-0.0981177349	-0.09758546539999999	0.0458572994	0.1431425173	-0.0086447029	0.0786421169	-0.0284132748	0.09004638779999999	0.0387175842	0.0627415445	-0.0546075446	-0.0909985436	0.0555320325	-0.1132301954	0.0015837269	0.043435829800000006	0.027823032799999998	0.1058108474	-0.1086905341	0.0668227437	0.1568454517	0.0387811417	0.09686219060000001	-0.0324446752	-0.0403235355	-0.0384683247	-0.146913491	0.0325656783	-0.0368969139	-0.0509958939	0.0081418898	-0.0834206181	-0.1259314027	0.08096338230000001	-0.029375393700000002	0.0848382201	-0.1034759176	0.1702201615	-0.013740571799999999	0.09448489869999999	0.1137881488	0.0024591428	-0.0353042394	-0.004681765	0.0944846797	0.0314688203	0.10306777869999999	0.032675176800000004	-0.0197649854	-0.009987945	0.0912771644	0.0010981993	-0.0639674504	-0.0341043759	0.10395628859999999	-0.087788815	-0.0626841	0.029040099999999982	0.003929296392810001	0.0008433274080099991	0.23487800000000006	0.006265000000000021	0.05516767488400001	3.9250225000000265e-05	0.154066	0.033246	0.001105296516	0.023736332356000003	-0.00581017	-2.848e-05	3.37580754289e-05	8.111103999999999e-10	0.000371593	-0.00038522300000000013	1.3808135764900006e-07	1.4839675972900007e-07	0.000643408	-0.00019533599999999995	3.815615289599998e-08	4.13973854464e-07	0.0	0.0	0.0	0.0
491.4559256762034	1.012455284969349	241528.92688225396	1.025065704062365	756.6150744779828	0.8815910227350514	0.7772027313670339	572466.3709273235	454.31029658871705	0.5231485920244836	0.2736844493371996	206397.84558652804	462.6349013671724	453.2421384839652	0.918326	27.552259000000006	0.114917	0.0519424	0.0804835658	-0.1143416599	0.0146770335	0.13172366929999998	-0.0391214084	-0.0032958377	0.06519157490000001	0.09757264660000001	0.1438416707	0.0096669284	-0.06735289950000001	-0.0838114618	-0.0307993296	0.0982733715	0.0296116523	0.0312693573	0.0168619698	0.0020095394	-0.025117319500000002	0.21156098629999998	0.0001434559	-0.0026693398	-0.11399807869999999	0.1108313517	0.08823508220000001	0.0216766303	0.0104206914	-0.0079835699	0.1177426734	0.0178520394	0.0082159635	-0.13308408119999998	-0.0155210055	-0.022766929300000002	0.0755009041	0.0758610293	-0.1305591825	0.0099728178	0.1836688612	0.0839414726	-0.072055642	-0.0101813939	-0.0088808136	0.0266544803	0.0707581394	-0.0157105225	0.08976530210000001	-0.1373262614	-0.0476182763	-0.07607994559999999	-0.0098600664	-0.08567353550000001	-0.0678256439	0.0091485343	0.019276176000000003	0.048476039900000004	-0.0676953401	-0.0439926957	0.0711172422	-0.0580481205	0.0013758017	-0.0027592597	0.018542656499999997	0.0185671518	0.0834431937	-0.0202085403	-0.024869883500000002	-0.031022014700000006	0.058449792199999996	0.0725815372	-0.0450689242	0.0100336526	-0.172710038	0.0442709432	-0.08529116390000001	-0.0201309187	-0.0655004216	0.1274240884	0.1174589415	-0.1308743757	0.110884045	-0.09934964980000001	0.1117579076	0.08650291539999999	-0.0971137038	0.10344057289999999	-0.1039968718	-0.0375706833	0.044263009400000004	0.06917875849999999	-0.18358263870000002	-0.0019062172	0.038300592599999995	0.0181531911	0.0116911049	-0.1006513056	0.10538672730000001	-0.0753496538	0.0184415738	0.0244556145	0.0726346031	0.022688773500000002	-0.1171472098	-0.048851171900000004	0.2402828795	-0.0176951942	-0.0856661033	0.1358042697	0.016614503	0.0812327157	0.0165762163	-0.0147470176	-0.1157127168	-0.0066348336	0.0120595276	0.0687801234	-0.0093232523	-0.082967903	-0.0313282922	-0.056809567699999994	0.0027681789000000004	0.018571347	-0.0070481891	-0.0146744454	0.0681076117	-0.02337273	-0.0179312203	-0.022123962599999998	-0.026649294100000002	-0.0760942281	0.1013026399	-0.020776151399999998	-0.0100123151	-0.0240064429	0.0856513754	0.0177332602	-0.1259688371	-0.0683193072	-0.060560091600000004	0.0235910221	0.1050538558	-0.14637214099999998	-0.08506344560000001	-0.1211765957	-0.010825513200000001	0.1688371232	0.0662982699	-0.1379830463	0.0444705883	-0.103894506	0.0977221791	0.075642095	-0.09623966279999999	0.0293252648	-0.0318690102	-0.0012865607	-0.0818634139	-0.059485934000000004	-0.0033651207	0.1669281846	-0.1082878547	0.0810507739	0.018954321399999998	-0.275237607	-0.0376021779	-0.06560907349999999	-0.0302052306	0.1019349164	-0.0923851842	-0.102118	-0.0394339	0.010428085924	0.0015550324692099994	0.215179	-0.019699000000000026	0.046302002041	0.0003880506010000009	0.164949	0.010883000000000006	0.00011843968900000007	0.027208172601	-0.00534163	0.00046853999999999993	2.85330110569e-05	2.1952973159999996e-07	0.000605739	0.000234146	3.66919736121e-07	5.4824349316e-08	0.000838744	0.00019533599999999995	3.815615289599998e-08	7.03491497536e-07	0.0	0.0	0.0	0.0
492.28427616313536	0.8283504869319813	242343.80855746212	0.6861645292004506	755.317068176967	-1.2980063010157892	1.6848203574766916	570503.8734794491	454.40162570291085	0.09132911419379752	0.008341007099423708	206480.83744144827	462.5011905089862	457.0461608237152	0.931772	27.955654	0.16629695	0.0848426	0.07162437049999999	-0.0832155064	-0.0174357206	0.12337868769999999	-0.0100528661	0.014104086100000001	0.0411237965	0.1508274956	-0.014175244299999999	-0.070345924	-0.1427537946	0.038968824900000004	0.029686998500000002	-0.0398566915	-0.0105606922	0.0351009946	-0.0329232099	-0.13775108460000002	-0.0714667997	0.0908660199	0.0029778673	0.051593539699999996	0.0905207062	-0.0347959205	0.1297153404	-0.0063655804	0.10900191320000001	-0.1160953277	0.0953964984	0.0360004488	0.011397124299999999	0.0092621272	0.054939612699999994	0.16527889140000002	-0.0528022143	-0.0860111879	-0.05385315	0.0217762336	0.0420831022	0.0907883241	-0.0323845862	0.0283479625	-0.1408162372	-0.039542988	0.0784314783	-0.014046686200000002	0.1037645017	-0.1376988505	-0.0042881808	-0.0281718562	-0.0746044201	-0.0389842241	-0.10014081109999999	0.022106427799999998	0.0806350546	0.0927466092	0.0157780598	-0.1108274569	-0.0095071875	0.0118126538	0.0050904165	-0.050626430099999994	0.1023948016	0.1211516409	-0.0296997008	-0.1006160179	0.0484083837	-0.1313421065	0.059335944	-0.0942632109	-0.0637081386	0.034080062700000004	-0.0323592092	-0.2155604291	-0.0583943167	0.081124955	0.0324409865	0.056063203799999996	0.1012968791	-0.0263816154	0.09721216369999999	0.0011742702000000001	0.0163933136	0.1400502901	0.0188278178	3.67733e-05	0.0368538558	0.0756080702	-0.06676454450000001	-0.1249316456	0.0949901117	-0.0099511451	-0.0338702153	-0.060571363600000004	-0.0499626179	-0.0533769676	0.0354912536	0.04549493190000002	0.06838898730000001	-0.08508042560000001	-0.0385130514	0.0545624716	-0.027033920899999998	0.08134774389999999	-0.08444300119999999	-0.0191629816	-0.0964615114	0.1475181742	-0.0084039503	-0.0007731528999999999	0.054965223099999995	0.017904986	-0.1273820391	0.0206275392	0.0273442156	0.0447599253	0.11901919789999996	-0.0806482469	0.0906401959	0.0193963424	0.0963698249	-0.1062798922	-0.0116973735	0.0108883577	0.1078771742	-0.0039552825	0.0492530248	-0.1440591032	-0.1619590712	0.0816302141	0.1260761808	0.0170913742	-0.0808596894	-0.06125348	0.0667106693	-0.0893875551	0.027771692599999998	-0.0575270055	0.013598787900000001	-0.0062213186	0.0911559052	-0.1052785169	-0.0478015611	0.0873837068	0.052357752199999996	0.0199976424	0.13886176050000001	0.0621745962	-0.07225066150000001	0.022564023500000002	0.015476792	-0.0627986834	0.0550721947	-0.049794762699999995	0.1324675253	0.0440823373	0.0030201392	0.0581611009	-0.039288361699999996	-0.0848310018	0.06789780200000001	-0.009225669399999999	0.0915645365	0.0788088432	0.0126613612	-0.0672277545	-0.0262638406	0.0995928192	-0.09646489789999999	-0.0418431	0.0602749	0.0017508450176099998	0.0036330635700100003	0.227647	0.012467999999999979	0.051823156608999985	0.0001554510239999995	0.14293	-0.02201900000000001	0.0004848363610000005	0.0204289849	-0.00444343	0.0008982000000000001	1.97440701649e-05	8.067632400000002e-07	0.0011382400000000002	0.0005325010000000002	1.2955902976000004e-06	2.835573150010002e-07	0.000838744	0.0	0.0	7.03491497536e-07	0.0	0.0	0.0	0.0
494.31625860740195	2.031982444266589	244348.56352361987	4.128952653807621	755.3582925269336	0.041224349966569214	0.0016994470301661749	570566.1500892047	455.2321726532118	0.8305469503009704	0.6898082366542425	207236.33101856362	463.4391289656312	468.7158337318204	1.042444	31.276134000000006	0.18704325	0.0909925	0.0269222746	-0.037330956299999996	-0.0084325913	0.1327959596	-0.04048744	0.0046978236	0.0877782753	0.090933585	-0.013955593	-0.013400701899999999	-0.1947825119	-0.0822557071	0.1211115911	-0.15206353150000002	-0.1369022672	-0.1546654022	-0.0306172807	0.0957464955	-0.0036567729	-0.1687214915	-0.044829720499999996	0.0093406747	0.0885220201	-0.0996385258	0.060455923700000004	-0.0565599759	0.030760419900000002	0.0276216474	0.0332995106	0.0555702345	-0.046159098200000005	-0.011597369199999999	0.2680897023	-0.20154656989999997	-0.004312616500000001	0.0623302004	-0.023990164900000003	0.1064943364	-0.2089242194	0.0346578505	0.1060470077	0.0022829298000000002	0.13135217359999998	-0.0956076297	0.052647978	-0.0151055191	0.0880716974	-0.053587305700000004	-0.0312798197	-0.027220354199999998	0.0117193781	-0.0044708214	0.0331229525	-0.1377586583	0.10076502359999999	0.050077324400000005	-0.0080015647	0.0090275103	-0.09689428509999999	-0.081700097	-0.1183366154	0.1866170207	0.0092839772	0.1203247031	0.2050379896	0.041280695	-0.0415859866	-0.0607964338	0.025885593199999998	0.042740393200000004	-0.0194338262	-0.008366495600000001	-0.0246921647	-0.0731439235	0.1726526725	-0.0036292609000000003	0.089821607	-0.0724260561	-0.0146571329	-0.05301688190000002	-0.0884862458	-0.096082026	-0.1076176876	-0.1084308361	0.0067826886	0.07858681740000001	0.0514194087	-0.0151781891	-0.022533463700000003	0.076782848	-0.1034620201	0.057783778	-0.039229263	-0.06719057	0.13863080460000002	0.01217326	-0.0157624845	-0.0129494675	0.1004055467	-0.0011018539	-0.0339894216	-0.0185074436	0.08615301689999999	-0.0607887372	-0.0659711349	-0.0170842179	-0.09131940300000001	0.0642590517	0.0263984718	0.0251242536	0.0294733638	0.0242092089	0.0084788841	-0.13985794210000002	0.15047176240000001	0.0626659443	-0.0214875993	0.034035232900000004	0.056336821399999994	-0.0551874191	-0.2708758153	0.0422238276	-0.0240887888	-0.0165389605	0.1450790626	0.08656011470000001	-0.0629048025	-0.0646954152	-0.07684917150000001	-0.0038892077000000002	0.0489852146	0.0101672938	-0.0541199371	0.0808314854	-0.1122974009	-0.0275235531	0.0952695523	0.1200369152	-0.057077652300000004	-0.08217685570000001	-0.07088087009999999	0.1008735999	-0.0614976542	-0.0363799701	0.0787819262	-0.0320164514	-0.081329982	-0.12186803560000001	-0.028874233399999998	-0.027958404500000002	0.0103262762	0.0953531964	0.0060406978000000005	0.009160927099999999	-0.017689059	-0.1020204337	-0.0201078446	0.1048710025	0.0286176391	-0.058091613099999995	0.0576795578	0.1019065141	-0.0617588854	0.0375373365	0.0072206366	-0.0688229275	-0.0222857183	0.09693736609999999	-0.1000051409	-0.0950507	-0.05320759999999999	0.009034635570489998	0.0028310486977599987	0.209086	-0.01856099999999997	0.04371695539600001	0.00034451072099999877	0.187511	0.04458099999999998	0.0019874655609999985	0.035160375120999995	-0.00527538	-0.0008319499999999997	2.78296341444e-05	6.921408024999995e-07	0.000556317	-0.0005819230000000002	3.09488604489e-07	3.3863437792900033e-07	0.000838744	0.0	0.0	7.03491497536e-07	0.0	0.0	0.0	0.0
496.45875044153223	2.1424918341302828	246471.2908899676	4.590271259314943	756.2127894175908	0.8544968906571739	0.7301649361427782	571857.7828787335	456.26395841160246	1.0317857583906402	1.0645818512177487	208176.7997454245	464.4572503272023	483.5367007028568	1.052543	31.579111	0.06621019999999997	0.0396829	-0.0342615321	0.0459287545	0.0372000072	0.1413439179	-0.007014285899999999	-0.0007387553999999999	0.071636961	0.0604542167	-0.009172957399999999	-0.080557187	-0.1315731272	-0.0458165478	0.1600830468	0.0793685707	0.0236429104	-0.101607679	-0.0023828569	-0.062117557699999985	-0.1642893842	-0.0150184371	-0.0188179076	0.1671404327	0.0060026337	0.035054669	-0.0364989889	0.0578179144	-0.039273923100000004	0.0348183502	-0.018006266	-0.08554766960000001	-0.042546704500000004	-0.1363339927	-0.0164320239	-0.0357683754	-0.043102960700000005	0.08522427710000001	0.16241185619999998	-0.100666244	0.06283755440000001	0.0973878684	0.019889740700000002	0.0599918028	0.0020361253	0.12738854230000002	-0.0195544723	-0.0150114583	0.049492549299999994	0.0392334003	-0.0321049165	-0.0629368107	0.0171830894	-0.0013425910999999998	0.0715949766	-0.09868761220000001	0.068060409	-0.0415796497	0.1399763282	-0.0350465118	0.071809364	-0.0334702062	-0.0510438183	0.0059074303000000005	0.1297149078	0.1645482472	0.060774767800000004	0.047414347999999995	-0.1254587049	0.0802210971	-0.1108692817	-0.1132271581	-0.0094668637	-0.024845546800000003	0.0771122504	-0.0828008542	0.009940073	-0.0470222271	-0.1134515242	-0.048042375199999994	0.0830789462	-0.0118451283	-0.0519387033	-0.021507260299999997	0.0520592595	-0.0272023873	-0.20850285100000002	0.0921661979	0.06900263	0.0383300295	-0.0081866184	0.0885559326	0.19383543890000002	-0.014613064299999999	-0.042794360999999996	-0.043656437400000005	0.0645421345	-0.160666369	-0.0175689541	0.0915075066	0.0927278982	0.0467446101	-0.0650534605	-0.0561987656	-0.0064240384	-0.14136545	0.012020033999999999	-0.013518694599999999	-0.0561311679	-0.0384978371	0.0242728178	0.0789655783	0.0204000815	-0.011178668000000001	0.0583545299	-0.07437972150000001	0.07366422480000001	-0.1323990563	0.12147352300000001	-0.043100852099999996	-0.056402272999999996	-0.0301115101	-0.0450472259	-0.016920376100000002	-0.0152565343	-0.0536705692	0.205855129	0.1315478822	0.0954774817	0.1150890158	0.0215465581	0.1591505133	-0.0082199935	0.0356881559	-0.07372447730000001	0.0233197368	-0.0205481554	0.0195851937	0.0698858534	-0.0238764208	-0.0344595404	0.0405501386	0.22408620440000002	-0.0507818021	0.0467820408	0.0026785911999999998	0.019719608700000002	0.11621667140000001	-0.1267922369	-0.1336697993	0.0081329382	0.1115792727	-0.17149933550000002	-0.0104060783	-0.0197746426	0.0269648346	0.1314677591	-0.0230130791	0.0517158467	0.04441301809999999	-0.039088617799999996	-0.049486461399999994	0.0186859989	0.0323840752	-0.11049163869999999	0.0809988269	-0.004088648	-0.07039403450000001	-0.0182764273	0.0939769123	-0.10298611449999999	-0.08455	0.010500699999999988	0.0071487025	0.00011026470048999976	0.210342	0.0012559999999999796	0.044243756964	1.5775359999999482e-06	0.153791	-0.03371999999999997	0.0011370383999999981	0.023651671681	-0.005067899999999999	0.00020748000000000036	2.5683610409999993e-05	4.304795040000014e-08	0.0007635069999999999	0.0002071899999999999	5.829429390489998e-07	4.292769609999996e-08	0.000838744	0.0	0.0	7.03491497536e-07	0.0	0.0	0.0	0.0
497.4168584359211	0.9581079943888541	247423.5310562612	0.9179709289118322	758.0960110283607	1.883221610769965	3.5465236352710217	574709.5619371125	457.5565315738472	1.2925731622447645	1.6707453797554297	209357.97958588906	465.7035312031621	492.1940465079162	1.022926	30.690533	0.1116249	0.053497	-0.0647905897	0.0807195813	0.050617620300000006	-0.0038861246	0.0170778077	-0.048833120599999995	-2.0796999999999998e-05	0.0323972644	-0.015818246100000002	-0.09230216109999999	-0.0539374512	0.039840074100000004	-0.0026003214	0.1264111089	0.09392807759999999	0.0389831542	-0.0402986688	-0.0757403875	0.0091468114	-0.052233533	-0.030081190299999998	0.0571359113	0.010852486399999998	0.0296895414	-0.1104188093	-0.0091850264	0.001696762	0.06389233650000001	-0.14341977390000002	0.0076718377000000015	0.014667474599999999	-0.0371883217	0.1168476516	0.10441904269999999	-0.141213054	-0.003729373	-0.0430003157	0.0189903782	-0.0162276349	-0.0172698036	0.0957084949	0.0710208291	-0.0019304296	0.12331404	-0.005739185	0.0099648978	-0.0327171578	0.12386833480000001	-0.0407232188	-0.0083828174	0.0464269374	-0.0432030614	-0.1134588251	-0.0429262838	0.0316845338	0.0377516419	-0.0731779548	0.0070928588	0.0393132342	-0.0232292765	-0.02073626	-0.008131030899999999	0.038888611600000005	0.0162372738	0.1216241317	-0.1289908435	-0.016381608500000002	0.161507876	0.10134894970000001	-0.0892544483	-0.0555093274	0.1428589158	0.0263111433	0.1262517875	0.018671383	0.0359089879	0.1540951374	-0.0059307772	0.08575066349999999	0.0301281669	-0.1096713539	-0.08461291509999999	-0.0693641386	0.106104163	-0.0359066446	-0.0394483816	0.018930559399999998	0.0023560134	-0.030195625	0.1543684125	-0.0396955495	0.0998954866	-0.0063107189	-0.203653631	0.0726236655	-0.0195625374	-0.11275783730000001	-0.10003085140000001	-0.0330164099	-0.119011235	0.0422943601	-0.0173681147	0.0357788566	-0.0010107588000000001	-0.0467393771	0.0116322461	0.0262737668	-0.1195109188	0.024400188700000002	0.0457858054	-0.0542258969	0.041912751	-0.1088464881	-0.035636529	0.0309211767	0.06677319030000001	-0.0065674428	-0.0498795767	0.0063884812	-0.009154876999999999	0.0006576799000000001	0.1281531271	-0.026353111499999998	-0.0732586713	0.0780999981	-0.0579877892	0.11510692119999999	0.0157299355	0.1340074386	-0.0085564046	-0.0096761989	0.1457561611	-0.0591111616	-0.1660740757	-0.046163112400000005	-0.11995851130000001	-0.055385228700000004	0.016481617900000002	-0.06296669419999999	-0.1661356796	-0.0042991208	-0.0345718649	0.0124050294	-0.05977118980000001	0.1417488642	-0.09326295119999999	-0.1709086849	-0.0349606356	0.0096190705	0.0370539406	0.0719451993	0.0855297924	-0.05894931730000001	-0.041732667	0.0530745119	-0.0689491627	-0.0499121303	0.0860369744	0.1756190631	-0.0615186472	0.0326476567	0.017002840800000002	0.0708843348	0.021114262	-0.055931923	-0.0719405264	-0.0142415751	0.0907207723	-0.105391148	-0.0663529	0.018197099999999997	0.004402707338410001	0.0003311344484099998	0.190563	-0.01977899999999999	0.036314256969	0.00039120884099999966	0.116149	-0.037642000000000016	0.0014169201640000008	0.013490590201000002	-0.00464339	0.00042450999999999947	2.15610706921e-05	1.8020874009999952e-07	0.0006899969999999999	-7.350999999999994e-05	4.7609586000899994e-07	5.403720099999991e-09	0.00106086	0.0002221160000000001	4.933551745600003e-08	1.1254239396000002e-06	0.0	0.0	0.0	0.0
496.0074876774642	-1.409370758456873	246023.42783210985	1.9863259347933024	756.4216474953322	-1.6743635330285542	2.8034932407358624	572173.7087995525	457.3807356122094	-0.17579596163784572	0.030904220128174925	209197.1373091658	465.5220806261385	488.2756070071421	1.002348	30.073122	0.06770849999999996	0.0327115	-0.0478125117	0.054722146	0.0833687977	-0.12668177560000002	0.0025941057	-0.0167133871	-0.017633247	0.1015708007	-0.0827292293	0.0273402931	0.022000985299999998	0.0726338707	0.009266946	0.1374710681	0.06752382	-0.044837587199999994	0.007105659100000002	-0.0133440876	0.0309000098	-0.0658982871	-0.0292931937	0.022903824500000003	-0.0123925698	-0.1135468645	0.025744799500000002	-0.0974569546	-0.0818343451	0.029876872599999996	-0.0540212691	-0.12206260880000001	-0.0054856641	0.0449533311	0.0305293133	0.1036919403	0.0899785424	0.0454029846	0.041789090200000004	-0.0535354879	0.0941416659	0.0324698302	-0.0095888787	-0.0468039881	-0.0871590456	0.022726681000000002	0.12070094349999999	0.0096621973	-0.027477871400000003	0.1172433728	-0.12153539199999999	0.0336963777	-0.0082882848	0.10587940650000001	-0.0570491875	-0.0780948048	0.033425166299999996	-0.0392879991	0.018544636399999998	0.1032603249	0.1110294626	0.00039334300000000015	0.17947083449999998	0.019580856599999998	-0.051283556200000004	-0.0616340058	-0.08514237449999999	0.0298174484	-0.0434034016	0.1097410467	0.020516506599999998	-0.0524799144	0.0333664045	-0.0581407931	0.0541950363	0.0928402442	0.033509404799999996	0.0346153795	0.0028323709999999998	0.0817801435	-0.1074708921	0.0566519797	-0.1129705614	0.0146455299	0.0472544467	0.0739780534	-0.0109236686	0.1290171517	0.0036570656	-0.0389033466	0.11730733800000001	0.0102793037	0.0199251647	-0.1321166762	0.1607325336	-0.0956130084	-0.0682292063	-0.023436887799999997	-0.1069319348	0.147086344	0.1544887936	0.0823432793	0.1812792491	0.0341406246	0.030534253900000002	-0.0423577879	0.0770239088	0.0091101592	0.023945633900000002	-0.1088711583	0.1369811868	-0.0409078748	0.032117263	0.0906192092	-0.012058517	-0.035670893599999996	0.0594215163	-0.0332154023	-0.0002672597	0.057118867300000015	-0.152269462	-0.0152661581	0.0807953105	0.0518354952	0.10240520130000001	0.062420789299999994	-0.06692106469999999	-0.026209123900000002	0.0313976149	0.0970377989	0.06859597469999999	-0.021874289300000002	0.0020845391	0.0712408467	0.09824605130000001	0.036576007	-0.0803149842	-0.07483504070000001	-0.1605276954	0.023636262	-0.0155588832	0.0542803942	0.0711705303	0.0644293183	0.0992962733	0.009535931899999999	0.07385752820000001	-0.0291091406	-0.07704251620000001	0.0743284997	0.1594007136	-0.0119955058	-0.0271862181	-0.1584131141	0.0267557156	0.055979275999999994	0.0227711021	0.0495008442	-0.25991143899999997	0.1126813031	-0.1415951432	-0.14537991150000001	0.0100043761	0.032159634	-0.0659418559	-0.0445435001	0.0254611004	-0.0734618621	-0.0101868048	0.08717919119999999	-0.1072067914	-0.0694072	-0.003054299999999996	0.004817359411840001	9.328748489999975e-06	0.205958	0.01539499999999999	0.042418697764	0.00023700602499999977	0.121631	0.005481999999999987	3.0052323999999854e-05	0.014794100160999997	-0.00425395	0.00038943999999999963	1.80960906025e-05	1.5166351359999963e-07	0.000371593	-0.00031840399999999983	1.3808135764900006e-07	1.0138110721599993e-07	0.00122856	0.00016769999999999998	2.8123290000000006e-08	1.5093596736e-06	0.0	0.0	0.0	0.0
494.811283228514	-1.1962044489501975	244838.20601024872	1.4309050836882462	755.548130882819	-0.8735166125131855	0.7630312723365106	570852.9780805215	457.1215928838575	-0.2591427283518897	0.06715495365766129	208960.15068067514	465.30023795205557	479.4979866195282	0.955373	28.663769	0.07439530000000001	0.04304	-0.021731430299999997	0.010016427900000001	0.0752849581	-0.1027403167	-0.008479223499999999	0.0145226956	-0.031511088799999996	-0.0006961652000000001	-0.08053412530000001	-0.0566689863	0.09562320839999999	-0.0609371016	0.0907031175	0.0014353659	0.0124048476	-0.054685299900000005	-0.1240629946	-0.0009689605	-0.0680160966	-0.0231743894	0.0226056379	-0.1354338204	-0.1147928505	-0.0021030559	0.0222739496	0.0258208928	-0.20892512829999998	-0.0102674314	-0.0372816719	-0.0442386126	-0.0249893403	-0.0266755375	0.094750924	0.019705908	-0.0037923852	-0.0812640785	-0.032974867799999995	-0.0169459097	-0.1246216889	0.0486661945	-0.0360724329	0.1476735351	-0.06649186309999999	-0.0425616576	-0.1270455478	-0.0017467698999999999	-0.023842883999999998	0.08847881810000001	-0.11161155810000001	0.022570378399999997	0.0105795614	0.0439648042	0.079425359	-0.0635718728	0.0326958649	0.1102144593	-0.0336256288	0.10998350220000001	0.0191526175	0.0969816024	-0.012757661699999999	-0.0481591983	-0.0106281295	0.06998825410000001	-0.0165533152	0.08729331929999999	-0.10337517660000001	0.1363992065	-0.036118014500000004	-0.0433507798	-0.0554209843	0.0715966171	0.0705007521	0.0258835902	-0.055034707800000006	0.09419918279999999	0.1480782956	-0.2154982049	-0.1051667666	-0.0320459462	0.0320423711	0.0995599473	0.0451236447	-0.0886911276	0.0414426192	-0.10225340029999999	0.02440623	-0.10957624349999999	0.037619448300000004	-0.049251317	-0.0845709681	-0.0448414679	0.1446538445	0.0013502804	-0.053600740099999995	0.0417777798	0.0632711191	0.1004384393	-0.0266209747	0.0122540332	0.0210866112	0.061953749100000004	-0.098488836	0.0745629052	0.0056137233	0.0007884334	0.0165757399	-0.0910706071	0.1183278111	-0.0070992756999999984	0.0057299069	0.0082697413	0.0851850277	-0.0460860626	0.0846158861	0.0930258152	0.025145216	0.0317852467	-0.026491854500000002	0.1520822962	0.0241413659	0.0058113869	-0.028443967999999997	0.009155561	0.0614906474	0.09962292730000001	0.0503781209	0.1518758582	0.1046330914	-0.0241465623	-0.0662878297	0.0914341988	0.047251365	-0.0874221803	0.0076721609999999985	-0.0767237471	0.1193721781	0.0141401431	0.10326227269999999	-0.0060103011	-0.1765210325	0.0079582277	0.048574957099999996	0.1169308815	-0.043473831799999994	-0.1659343855	0.0006634442	-0.025268857999999998	0.0197839453	-0.0475966329	0.0380223992	-0.0256790889	-0.0444033492	0.0764111215	-0.0188869199	0.0189309726	-0.0964339127	-0.0966290781	-0.21245431550000002	0.0054634487	0.018853301399999998	-0.0620319014	0.0494033336	-0.0671305442	-0.021353322200000004	-0.0749575099	-0.0061177874	0.0833633121	-0.108422891	-0.0763227	-0.00691549999999999	0.005825154535289999	4.7824140249999875e-05	0.201114	-0.004843999999999986	0.04044684099600001	2.3464335999999875e-05	0.132448	0.010817000000000021	0.00011700748900000046	0.017542472704000004	-0.00490051	-0.00064656	2.4014998260100007e-05	4.180398336e-07	0.000371593	0.0	1.3808135764900006e-07	0.0	0.000838744	-0.00038981600000000013	1.5195651385600006e-07	7.03491497536e-07	0.0	0.0	0.0	0.0
493.4405453862937	-1.3707378422203078	243483.57183112297	1.8789222320947851	755.4500716564568	-0.0980592263622384	0.009615611874760713	570704.8107657457	455.9846542301134	-1.136938653744096	1.2926295023774377	207922.0048933561	464.1257417550509	469.47849414681724	0.955292	28.661312	0.06255575	0.030942200000000007	0.0079849278	-0.0400931377	0.0681796446	-0.0669906288	0.0232974886	0.0463108617	-0.036403117	-0.0243894203	-0.0098951112	-0.0007967963	0.0961626888	-0.0058743384	-0.0215246178	0.1490492789	0.0684904815	-0.0563225616	-0.0414022899	-0.0782341919	0.017342349099999998	-0.1154479177	-0.052888062300000004	-0.006854724499999999	0.0021478801	0.0615270708	-0.0063956374	0.0308411686	0.064832737	0.0996009848	0.025347568799999998	0.117346929	0.0222687465	0.11197590710000001	0.034723787	-0.16636020140000002	-0.0744381819	-0.0481139512	-0.0340752131	-0.024398094199999998	-0.0014352759	-0.1991571261	0.0472083357	0.09497882960000001	-0.06877834	0.0581882185	0.0149740749	-0.0148294929	-0.0341453007	0.0299846457	-0.0837369616	-0.031325604	0.014113182299999999	-0.0315465289	0.056849969000000014	0.0510322132	-0.0633232764	0.042581914500000005	-0.015262333700000004	0.049893154599999996	0.0129364789	0.044698095	0.012645908899999999	-0.1320449474	-0.1143922021	0.050937090899999996	-0.0851831826	-0.1229273775	-0.008628278	-0.0557375291	0.1032859596	-0.08559355140000001	-0.0529134187	-0.11713983550000001	-0.1683175213	0.0463167726	-0.015516945800000001	-0.11702069289999999	-0.024518830499999998	0.0596573683	0.026578053900000002	-0.0290096356	-0.0498282811	0.09678624460000004	-0.0718683216	-0.039443723199999996	-0.0429984587	-0.1245255758	-0.0288614945	-0.1541601266	-0.0242796863	-0.015840836	0.1732541936	-0.0909856658	0.0768003086	0.0827648179	0.0694457517	-0.0358255299	-0.0927315398	0.0188024137	0.12011676730000001	0.0250614453	-0.0256909048	-0.1167528139	-0.1433770308	0.08799622359999999	0.0624578362	-0.0126840872	0.0327659768	-0.0331637769	0.0772926593	0.0712938055	-0.0231963621	-0.0694956435	0.048166479299999995	0.0500738879	-0.0667824896	0.0508980056	0.0322739946	0.0319660005	-0.0344118328	0.0527748034	0.1402570501	0.0469543232	-0.0815241702	0.1154547876	-0.0475296992	0.0203580192	0.0658246055	-0.12211307029999999	0.038207818399999996	0.057927044000000004	0.1407098505	0.0560252211	0.1082849049	0.0141873678	0.0781372192	0.062053243	-0.0087955727	-0.0163051778	-0.1539896486	0.0337845212	-0.0375625961	-0.0569177534	-0.0710384565	-0.0780579391	-0.1369775416	-0.0770314767	-0.1318953779	0.0552917905	-0.024278476099999998	-0.0644427301	-0.13802363539999998	-0.1594537594	0.1280632632	-0.0106444293	-0.0284473625	-0.0420114052	0.053265351600000004	-0.0797079193	-0.0967137073	-0.0137142033	0.033118383700000004	0.1650671179	0.0757037044	-0.024496246	0.0360305128	-0.0764269467	-0.0020402135999999997	0.0792851412	-0.1090326458	-0.057853599999999984	0.0184691	0.003347039032959999	0.0003411076548100001	0.206612	0.005497999999999975	0.042688518543999986	3.0228003999999733e-05	0.149763	0.017314999999999997	0.00029980922499999986	0.022428956168999998	-0.00453887	0.0003616399999999999	2.0601340876900005e-05	1.307834895999999e-07	0.000435426	6.383299999999997e-05	1.89595801476e-07	4.074651888999994e-09	0.000838744	0.0	0.0	7.03491497536e-07	0.0	0.0	0.0	0.0
492.9473726511043	-0.4931727351894324	242997.11220362663	0.24321934673422602	756.5341958022592	1.0841241458024342	1.1753251635118576	572343.9894181711	455.4353538797825	-0.5493003503308955	0.3017308748736446	207421.36156360272	463.741478315744	464.0740575167754	0.985442	29.56592	0.07058444999999998	0.0393857	0.0394980104	-0.0705457783	-0.0093938003	0.028216695899999998	-0.0037708867	0.0147632528	-0.0567183624	0.027540348399999998	0.1573903903	-0.0785169953	0.0768734695	-0.041750480699999995	0.0271921114	-0.0555120879	0.1293659656	-0.1021211115	0.0258766636	0.0925316407	0.19752654739999997	-0.031184766699999998	0.114043238	-0.0624334118	0.1948118194	0.023667561400000002	-0.059071504000000004	-0.0031342893	0.0179285129	0.1205617209	-0.01346517	0.0203920935	-0.1288489269	-0.0062901427	-0.055299592599999996	0.0856102028	0.0154269147	0.0238192814	0.046724092300000006	0.1363989381	-0.0397315299	0.148989608	-0.0596591905	0.043517018399999996	0.0792123307	0.000792539	0.0125300557	-0.0049792643	-0.0200876122	-0.06191957	-0.0762567233	-0.025514467000000002	0.0234913739	-0.1124437391	0.025127415099999998	0.044739025300000006	0.09646464960000001	0.0848791225	0.010734973	0.023508457400000002	-0.0040286759000000005	-0.0090629998	0.049653459299999994	0.038452329900000005	-0.0187305014	-0.0143138355	-0.01382095	0.021887271200000002	0.0401616771	0.0803695731	-0.0022530869	-0.0425514381	-0.0340829099	0.0540395167	-0.0815437548	-0.0188339821	0.0524798271	-0.0305902712	-0.0219049765	-0.0634892285	0.0360545867	0.08984589779999999	0.0951707846	0.0030836608	-0.09156862210000001	0.0036094554	0.0781576464	-0.09434178	-0.0419419905	0.0938864512	0.0881241564	-0.021452793199999997	0.064713802	-0.0531023479	-0.0024677554	0.0418065252	0.0874724463	-0.005941545899999999	-0.011977624	0.0656082405	0.0482963597	-0.0851346464	0.0602409981	-0.043313227999999995	-0.0544629042	0.0091972072	0.10322317730000001	3.1692e-06	0.0176892632	0.05778742780000001	0.0574578288	0.0893080483	-0.0537260955	-0.07714186349999999	-0.0526044186	0.036388109	0.0846297469	0.076357476	0.0407087078	0.024418521600000003	-0.0100295566	-0.012612990800000001	-0.0299544886	-0.0159918126	0.013367631299999998	0.0798395298	-0.012378106399999998	-0.0608490191	0.0056456251	0.1051119604	0.0061554444	0.006479614399999999	0.0987286665	0.0350049436	-0.0014446715	-0.0440155096	-0.0098081376	0.1237312356	0.0744740478	0.0198662694	0.056915281799999995	-0.0728747232	-0.0481344138	-0.046403300300000005	-0.0787982941	-0.04173689	-0.027123406699999998	-0.007870119699999999	0.070915834	0.122143305	0.0997969734	0.0639413533	-0.0463832801	0.05100212480000002	0.0233412412	0.017231804	0.049485678600000006	-0.0017725945000000001	0.024959366299999997	-0.0571498154	-0.0355632865	-0.0471185515	-0.0851456244	0.08965220859999999	0.08521172449999999	-0.0062312486	-0.0134011053	-0.0778696586	0.0020402135999999997	0.0749575099	-0.1090326458	-0.08803189999999997	-0.030178299999999974	0.007749615417609996	0.0009107297908899989	0.191156	-0.015455999999999998	0.036540616336	0.0002388879359999999	0.154409	0.004645999999999984	2.1585315999999846e-05	0.023842139281	-0.00488112	-0.00034224999999999967	2.38253324544e-05	1.1713506249999973e-07	0.000371593	-6.383299999999997e-05	1.3808135764900006e-07	4.074651888999994e-09	0.000838744	0.0	0.0	7.03491497536e-07	0.0	0.0	0.0	0.0
493.61889948724274	0.6715268361384688	243659.61793099673	0.4509482916541418	757.3615985608383	0.8274027585790691	0.6845953249042532	573596.5909746282	454.8568392719347	-0.5785146078478078	0.3346791514933029	206894.74423245466	463.2100972515351	468.71014084460234	0.969951	29.10113	0.09676615000000002	0.053907	0.019976752900000002	-0.0480167354	-0.0699910729	0.0426412916	0.043419209900000005	-0.0433303799	-0.0271297036	0.025328837400000002	0.042523830199999994	-0.1195872975	-0.0344121269	-0.0071124056000000015	0.0043805024	0.0027927433	-0.1381327707	-0.032321237999999995	0.1224405465	-0.0693414993	-0.0270569131	-0.0343428547	-0.018975683700000003	-0.071962897	-0.0374465203	-0.0234897452	0.0862472747	-0.005367919499999999	0.08919611779999999	0.0658174046	0.067703318	0.0463238321	-0.048327942199999994	-0.0913021569	-0.056085694400000004	-0.012084513799999998	0.0258743808	-0.1012445505	0.0633540002	0.0022646060999999998	-0.07208679059999999	0.0313193993	-0.0961324551	-0.1447208534	0.095078484	-0.0321757873	-0.0285048987	-0.0058957415	-0.0052620409	-0.1053038109	0.028148057400000006	-0.0822673509	-0.052509749800000005	0.0600837034	-0.11712675460000001	-0.0230462092	0.034563696	0.047071228099999994	-0.024904975	0.0543745994	-0.052797363099999994	0.0074372356000000014	0.0396225681	-0.1307978646	-0.047980813399999996	0.029175965	-0.0446723926	0.0151760634	-0.0305187747	-0.0343053334	-0.0602122612	0.0956873205	0.0005751924	-0.0330881388	0.016891892	-0.0078257006	-0.0979820691	0.0303774873	-0.12592186519999998	-0.0060092259	-0.020992372999999998	0.11997432429999999	-0.0341890953	-0.0380087595	0.0057108118999999995	0.1217689094	-0.0981084732	0.0122510421	0.0373411667	-0.1176661552	-0.1188767389	-0.0445941858	-0.0653889006	0.0838956937	0.0011780916	0.1426549831	-0.1559822695	-0.0281428444	-0.0977241269	0.014454063799999996	-0.1226590032	-0.0384807704	-0.0363095756	-0.124229869	0.0463738884	0.0729105045	0.0626745683	-0.0083797778	0.0076964466	0.1043640608	-0.0323940456	0.022943379399999998	0.1087811604	0.08912383509999999	-0.0904995363	7.96917e-05	0.0326027223	0.0350450478	0.0220018597	0.0433387753	0.0312455048	-0.0049922010999999995	0.1328779347	-0.0265301798	-0.0323648011	0.0710565538	-0.0161534217	0.080304822	-0.017316621	-0.027092440899999997	-0.0038154744	-0.0737117434	-0.0293491297	-0.020052051	0.048119055599999995	0.0466369228	0.08727670359999999	0.11257710859999999	-0.0086639878	-0.06784027	0.0451340743	-0.023334317400000002	0.137317235	0.0745324061	0.1705438246	-0.016033528999999998	-0.0299578869	-0.0468328853	-0.0417054205	-0.10225319669999999	-0.13862793550000002	-0.0687886337	0.06058956610000001	-0.0980433938	-0.0363919102	-0.0021810657	-0.0703619118	0.1195996693	0.032120135099999995	-0.1448528231	0.08721848789999999	-0.0453669791	-0.1520064318	-0.0742152329	-0.0041120078	0.0305175275	-0.010065419300000001	-0.0792851412	0.0061177874	0.07039403450000001	-0.108422891	-0.0483981	0.03963379999999997	0.00234237608361	0.0015708381024399974	0.190196	-0.0009599999999999886	0.036174518416	9.215999999999781e-07	0.172381	0.017972000000000016	0.00032299278400000064	0.029715209161	-0.005473899999999999	-0.0005927799999999992	2.9963581209999993e-05	3.5138812839999925e-07	0.00043216	6.056699999999998e-05	1.867622656e-07	3.668361488999997e-09	0.0007280839999999999	-0.00011066000000000006	1.2245635600000012e-08	5.301063110559999e-07	0.0	0.0	0.0	0.0
494.6660351263257	1.0471356390829671	244694.4863075993	1.0964930466376936	757.3997725780544	0.03817401721607894	0.001457255590413491	573654.4155012885	455.02871495101783	0.17187567908308665	0.029541249060272192	207051.1314299746	463.450170221019	476.03354116320037	0.99043	29.715553000000003	0.05630215000000001	0.028204400000000008	-0.008454158	-0.015480818200000001	-0.0438815107	-0.0040871344	0.052760718399999997	-0.0213474434	0.030923814900000002	-0.032673927900000004	-0.1269530405	0.027038015800000002	-0.064389985	-0.0702096931	-0.0710799533	-0.0151590849	-0.1517628332	-0.0332085129	0.0084291786	0.0177134187	0.0300321501	0.0276156894	0.004298877	-0.0139213127	0.0793894627	0.006243020500000001	0.06849257389999999	0.0170824902	-0.0661672821	0.0314848086	-0.020352455	0.0168108266	0.023859742000000003	-0.1093576033	-0.18602741739999998	0.0854722172	-0.1339297016	-0.0914686419	-0.0023003242	0.09105946390000001	-0.0860313622	-0.0309649613	0.1059031894	-0.0704037451	-0.0578922394	0.068324256	-0.0846651009	-0.0172934698	-0.0210190518	-0.09671058960000001	-0.0091053374	0.0036146293	-0.044176666600000004	0.0347707038	0.08286716179999999	-0.131469163	-0.08269973309999999	0.1547275337	0.0331878463	0.070526239	-0.1082897574	0.0274196991	-0.0721760303	0.0040641163	-0.0148373079	0.20492110289999999	0.0429160376	0.0560292136	0.096407131	-0.0052784649	0.0033906997	-0.014159401200000001	0.0205539883	0.0389092271	0.0375766811	0.0599726671	0.0069195062	-0.0161309319	0.0434528051	-0.014607153400000001	-0.09177455289999999	0.029595848900000006	0.0554700542	-0.067855393	0.03517659	0.0939480025	-0.11531320240000001	-0.1276474437	-0.0580737116	0.0065845897999999995	-0.037470886	0.0894176782	-0.0411668469	0.0532743746	0.0957455768	0.027491553999999998	0.1445018052	-0.0437141611	-0.1668230687	-0.0002718237	-0.11058009769999999	-0.059929108200000004	-0.0309560517	-0.1536069528	0.0574770058	-0.0190505371	-0.0718092114	-0.0155501226	0.0221914962	0.08968260119999999	0.0028843512	-0.032499497999999995	0.0733809183	-0.0004975615	0.09325303310000001	-0.11483003480000001	0.0184002381	0.1500654523	0.0544303617	0.0977976986	0.0715643995	0.052419505899999996	-0.06157819940000001	-0.0382922848	-0.0916213248	0.1184737617	0.1430805675	-0.0159840243	-0.030103178799999998	-0.0298562066	0.06332364230000001	0.0685749479	-0.0781045823	-0.05551203019999999	0.0127263523	-0.048020146500000006	-0.038633715	0.00379708	0.0035192433	0.0344104585	0.056154255599999994	-0.0182074207	-0.0788313367	-0.160442989	0.1187993485	-0.1271759485	-0.0055100926000000005	-0.0184324073	-0.10469806279999999	-0.032360123	0.028900742099999998	-0.005162363	0.0756273548	0.0699710187	0.0313205566	-0.030000809700000002	0.0646345438	-0.0354697213	0.059540878099999986	-0.18549484100000002	0.1512376765	-0.1060473426	-0.10468181789999999	0.0453798738	-0.0349481689	0.0722486611	0.0026235757	-0.0806728995	0.0101868048	0.06560907349999999	-0.1072067914	-0.07195839999999999	-0.023560299999999992	0.005178011330559999	0.0005550877360899996	0.181326	-0.008870000000000017	0.032879118275999986	7.86769000000003e-05	0.173758	0.0013769999999999893	1.896128999999971e-06	0.030191842564	-0.00519523	0.0002786699999999991	2.6990414752900007e-05	7.76569688999995e-08	0.000371593	-6.056699999999998e-05	1.3808135764900006e-07	3.668361488999997e-09	0.000838744	0.00011066000000000006	1.2245635600000012e-08	7.03491497536e-07	0.0	0.0	0.0	0.0
495.0371053717009	0.3710702453751651	245061.7356947925	0.1376931270027852	756.2365192120762	-1.1632533659781077	1.353158393459397	571893.6729899971	456.0080908560177	0.9793759049999268	0.9591771632944254	207943.37892615012	464.2261240122936	476.3189423819408	0.95356	28.609364000000006	0.06770379999999998	0.035250300000000005	-0.0073610729000000005	0.0076569058999999984	-0.0386729323	0.0793054344	0.0052574617	-0.012426804	0.0006335361	-0.0768397497	0.0158120555	0.0110229744	0.061137451399999994	-0.026928765499999997	0.0040240221999999996	0.10507443960000001	-0.049264233	-0.0352340897	0.0521537425	0.0238749659	-0.0221435123	-0.0684998588	-0.1723032405	-0.030511062999999998	-0.024391844500000003	0.0183269926	0.0352732605	0.046078197800000005	-0.12362264640000001	-0.1659825166	-0.180670721	0.0543651987	-0.007956211099999999	-0.0596963284	0.027076971499999998	-0.0414367373	0.1157388159	0.0647734569	0.0137000396	-0.0774448213	0.10038033019999999	0.15023886949999998	0.0526154347	-0.0142601298	0.0173237834	-0.11545354320000001	0.06975183759999999	-0.005669164599999999	-0.0350884218	-0.044606111500000004	-0.0051680452000000005	-0.05593796980000002	0.023449697000000002	-0.0569908378	0.12205616279999999	-0.0410091579	0.0258164886	-0.0385544273	-0.0150974891	-0.0207383792	-0.0463207329	-0.0400118856	0.0255476638	0.043543959900000005	0.0674744429	0.045604846100000006	-0.0316706378	0.0563163199	-0.0515075146	0.049881982199999994	-0.0747924718	-0.0426523962	-0.0534155632	-0.0541488737	-0.0738675225	-0.0178379471	-0.028415481099999997	-0.0794650579	-0.0505298077	0.072321719	-0.041691706099999996	-0.0267030385	0.012022378799999999	-0.1568666912	-0.040971503900000004	-0.0683696874	0.0363839421	-0.0317404069	-0.1289928178	-0.0433434092	0.0581371751	-0.0499167546	-0.1211283556	0.1550927508	0.0202206068	-0.0585404	-0.0684938857	0.1001008534	0.0529779154	-0.0562577897	0.012664861699999998	-0.0356284074	0.0189051004	0.07103913190000001	-0.0193174216	-0.023386925	0.0380800601	-0.002361119	0.032546862200000005	0.0369239101	-0.0097409664	0.0839753865	-0.0027227575	-0.0841639591	0.0876120217	-0.043374635700000004	0.0388078407	-0.0365372974	-0.049090233600000005	-0.0016369258999999999	0.0349631617	-0.032452198700000004	-0.0528140994	-0.0369881316	0.0369002094	0.0173066535	0.043310470499999996	0.0347842862	0.0464723506	0.08421295210000003	-0.0609228983	0.0228635233	0.0212144061	0.0332239058	0.0148406818	0.07510062049999999	0.0190152406	0.067924415	-0.0377041523	-0.06668221519999999	-0.0186192736	0.0103593234	-0.13877675009999998	-0.0175384336	-0.0531328726	-0.1452526512	0.0422836958	0.0712877071	0.0607033253	0.029824825899999997	-0.057444626	-0.0076749161	0.1507749582	-0.06524475730000001	-0.1926945894	0.030303791400000002	-0.0328896989	0.031119174399999998	-0.047938384800000004	0.092566014	0.0697411391	-0.0203067206	0.0610015742	-0.024491774100000002	0.0371874847	-0.09108408109999999	-0.0453178523	-0.0820324483	0.0142415751	0.0606176821	-0.105391148	-0.08514979999999997	-0.013191399999999978	0.007250488440039995	0.00017401303395999943	0.195066	0.01374000000000003	0.038050744356000005	0.0001887876000000008	0.152238	-0.021519999999999984	0.0004631103999999993	0.023176408644	-0.00487086	0.00032437000000000004	2.3725277139600007e-05	1.0521589690000002e-07	0.000371593	0.0	1.3808135764900006e-07	0.0	0.000899422	6.067799999999999e-05	3.6818196839999988e-09	8.08959934084e-07	0.0	0.0	0.0	0.0
495.2941458668411	0.2570404951402452	245316.29092996372	0.0660698161419424	755.8846543577368	-0.3518648543393965	0.12380887571928473	571361.6106935153	456.3465962664623	0.33850541044461124	0.11458591290027473	208252.21592398555	464.46293284044805	482.71529056928597	0.926194	27.788305	0.045536499999999966	0.034926599999999995	-0.0164952156	0.0231504656	-0.09366450109999999	0.0746040842	0.0292030271	0.010966298700000002	-0.051582692	-0.0051317161	0.08936154449999999	-0.04642384150000002	-0.0273073512	0.0453733262	-0.060992075800000004	-0.0592525432	-0.0303219655	0.1221802188	0.044260781	-0.1781668836	0.0256761739	0.077303811	0.009805666	0.1572455703	-0.1498477206	-0.0138593993	-0.0235808892	-0.0802564278	0.12098337949999999	0.0354898782	-0.1250381034	0.0822982305	0.032868939	0.0518544349	-0.0850885236	0.17588734260000002	-0.0193719399	0.030015486	-0.0393939715	0.1319169401	-0.10475453650000001	0.0956489556	0.17172110570000002	0.1142606692	-0.1273610394	0.0102943233	-0.20477256359999998	0.0051505265000000005	-0.057787107699999986	0.0140876386	-0.0321037648	-0.0379961673	-0.0337414483	0.0264276129	-0.0650548044	0.022024981800000003	0.1004482713	0.0824179786	0.0091544277	-0.054179500199999994	0.0379229205	-0.0104381385	0.0319416817	-0.1072614691	0.048697661399999995	-0.08509968679999999	0.106694749	-0.0400896825	-0.043249850599999994	0.07160679959999999	-0.0472233543	-0.0236404348	0.0218631875	0.00756968	-0.0678878871	-0.0268521406	0.06437164969999999	0.1744824333	-0.0508298645	0.1497426818	-0.0246924109	-0.029313417799999998	0.038425426400000004	0.1453188732	-0.01836135	-0.0009145416	0.038544293199999996	0.0367234695	0.0201595064	-0.08902059699999999	-0.0805499055	-0.0778316229	0.0496881752	0.1610962507	-0.1578702964	0.055398478099999995	0.1576769542	0.0337502444	-0.0463130925	-0.0929904951	0.0316707233	0.0199553947	-0.0487213025	0.1269658159	0.0559397342	-0.011947918600000001	0.089828399	0.007035174399999999	0.0589496618	-0.010682749299999999	0.02383183	0.0359545323	0.0232062027	0.0267945249	-0.0706354579	0.0618972104	0.07017427150000001	0.0434121138	0.0992186516	-0.046973449900000006	0.0118136508	-0.0224042029	0.0682434509	0.11973512119999999	-0.0272313134	-0.14216031369999999	0.014287653899999999	0.008318074200000001	0.06561204429999999	0.0516861798	-0.0457059615	-0.0926248374	0.0518948863	-0.0180670585	-0.0263173272	0.021295932599999998	-0.0882617267	-0.1054189865	-0.0632519773	-0.0952175472	0.029564362900000002	0.0764418529	0.0043896327	0.12641636679999999	-0.0840443692	0.0720538354	-0.0501663116	-0.0087966389	0.0018025228	0.0316718858	-0.1100502034	-0.09362385	0.0028433795	0.0093387138	0.0511878553	-0.09989242539999996	0.0306589671	-0.157367711	0.16756002550000001	0.0699566065	0.1554979371	-0.0358729707	0.08621744279999999	-0.0393645283	0.00205349	-0.0860129558	-0.0349465199	-0.0833633121	0.0182764273	0.055435565	-0.10298611449999999	-0.0504462	0.034703599999999966	0.0025448190944399995	0.0012043398529599982	0.195885	0.0008189999999999863	0.038370933225	6.707609999999777e-07	0.157024	0.004785999999999986	2.290579599999985e-05	0.024656536576	-0.00491474	-4.3879999999999614e-05	2.41546692676e-05	1.925454399999966e-09	0.000371593	0.0	1.3808135764900006e-07	0.0	0.000838744	-6.067799999999999e-05	3.6818196839999988e-09	7.03491497536e-07	0.0	0.0	0.0	0.0
495.0993220256863	-0.19482384115480045	245123.33867029427	0.03795632908231092	756.3857163698442	0.5010620121073543	0.2510631399770705	572119.3519283225	456.3284339447542	-0.018162321708132367	0.00032986992982969625	208235.63962647188	464.4962944792591	481.90239234415685	0.901272	27.040592	0.06997739999999998	0.0374195	-0.0072503399	0.021304354100000002	-0.14369246970000002	0.0263968664	0.0545153896	-0.0189041613	-0.06017594940000001	0.0818765645	0.0058083212	-0.038964936400000004	0.0681997688	0.0463189632	0.0099319861	0.1081775461	-0.0629039571	0.0536642958	-0.0517453179	0.0286797125	-0.0344162215	-0.08542258220000001	-0.15414448109999998	-0.09967615099999999	0.0095723175	0.042498189699999994	0.0159759788	-0.0157544027	0.0551252763	0.031650504100000004	0.0819713884	-0.1403875407	0.03882828	-0.10040329630000001	-0.1244814315	0.0681831262	-0.0294842272	0.060417133899999996	-0.1184242724	-0.0104775736	-0.1625257044	-0.0817430941	-0.0839079689	-0.0185103333	0.014816524199999999	-0.047210695999999996	-0.026409526000000003	0.020043224	-0.0800606338	0.02916115	-0.0507141026	-0.0366749633	-0.039396245499999996	0.10589740939999999	-0.07554655240000001	0.0499462855	0.0557036163	0.040433248	0.0021497484	0.0167127198	0.036525858599999995	-0.0360657252	-0.0120506402	-0.011928190900000002	-0.0375253814	0.1198899164	0.049858848	-0.0373013529	0.1002619258	0.0008804653	0.0744002605	-0.040739870899999996	0.0044361907	-0.0043092517	0.054461557199999996	-0.0673959542	-0.0012745845	0.055300517	0.0353735213	0.0674784696	-0.1009016184	0.0394929958	-0.0360628654	-0.0908287927	-0.0107537628	-0.025930773100000002	0.0444157238	-0.0128275557	0.0008004446000000001	0.1621083582	0.0204532737	0.0265434458	0.0614793994	0.1073642609	-0.0061189065	0.0104207811	-0.0157551543	0.041520404	0.0187236249	-0.0340596803	-0.0881684358	0.1072988088	-0.0171666854	0.0045008664	-0.15159796279999999	-0.00036494440000000016	-0.0065543055000000005	0.0222346846	0.0804870502	-0.024893885600000002	0.0662755778	-0.0047105266	0.0757364681	0.08308978269999999	-0.0458429243	0.0853997251	0.0247078175	0.0155723693	0.029921866000000002	0.0004426721	-0.035008982599999995	-0.0121466334	-0.0238536484	0.0201777227	-0.0612488467	0.0703617354	0.0706563998	-0.064272125	-0.01598131	-0.0552692724	0.0177086848	0.06454279	-0.0139283194	0.0283795609	-0.0437173016	0.0473876606	0.0021911159	-0.09679297960000001	-0.00028390560000000003	0.0236838989	0.0709174764	-0.0018653672	-0.0049561282	0.1096262251	0.0350991212	-0.045430963600000006	0.0956458807	0.0318019923	0.0576922086	0.115449253	-0.011111986499999999	0.1056763595	-0.059959698600000014	-0.0230765294	-0.0577710184	0.0095417562	-0.030643597400000007	-0.1345341841	0.04111356	-0.1080616242	0.0797792987	0.0458631295	0.007328016	-0.0067518883	-0.0043416715	-0.0316574157	0.1050743918	-0.0846650256	0.0222857183	0.0500790271	-0.1000051409	-0.0719312	-0.021485000000000004	0.0051740975334399995	0.0004616052250000002	0.185787	-0.010098000000000024	0.034516809368999986	0.00010196960400000047	0.148647	-0.008376999999999996	7.017412899999993e-05	0.022095930609	-0.00436669	0.0005480499999999996	1.90679815561e-05	3.0035880249999954e-07	0.000319295	-5.229800000000005e-05	1.01949297025e-07	2.735080804000005e-09	0.000838744	0.0	0.0	7.03491497536e-07	0.0	0.0	0.0	0.0
494.9442585550751	-0.1550634706111964	244969.81907663305	0.024044679917989368	756.7895714544464	0.4038550846022417	0.16309892935908382	572730.4554622048	456.24121651931534	-0.08721742543883693	0.007606879300179078	208156.0476510248	464.4972591849962	479.420666461532	0.936285	28.091076	0.04808380000000001	0.0281001	-0.0064372429	0.0088269796	-0.11509957679999999	0.0113022411	0.0778053159	-0.0104946237	-0.014607744099999997	-0.0123885543	-0.1789375857	-0.0161781633	0.12504102109999998	-0.0463393361	-0.021885193900000002	0.036777481699999996	0.0433072787	0.0400486442	0.0269612314	0.1366182353	0.0348240969	0.0763240251	-0.006991174300000001	0.1385087384	-0.063478353	0.030112090499999997	-0.0145826853	0.1426469746	-0.06699338769999999	0.0078690247	-0.0713365197	0.0206387009	-0.0405925635	-0.0227489597	0.0743615584	-0.0789773381	0.034941001400000005	-0.13675026939999999	-0.0034655543	0.1002520757	0.04634329400000002	-0.0199085656	0.06023319980000001	0.0851878076	0.10938089390000001	-0.10435619300000001	-0.0196980296	-0.0089550334	-0.0738680987	-0.0083152861	-0.068448509	-0.0030112159	0.0017475636	0.06879591780000001	0.06551615200000001	-0.0431091903	0.0624816892	0.06901818950000001	-0.0325288148	-0.0350697593	0.060671736799999994	0.08983392	-0.1351356474	0.0074704596999999985	0.0728088749	0.1413359487	-0.0993084559	0.060317401	0.0971030965	0.0257022519	0.17556892899999998	-0.0020454353	-0.0017868388	-0.0283504119	0.0490167497	-0.0492563659	-0.0774832676	0.0205003114	-0.0326302896	-0.1088237008	-0.11204312720000001	-0.1458724467	-0.0196271352	0.0757627704	-0.09000770599999999	-0.0694386595	0.0400166193	-0.0344537058	-0.0514254945	-0.0203352787	0.0773251114	0.0099325363	-0.0419876428	-0.0777884262	-0.0038048078999999998	-0.0050784952	-0.0732554083	-0.0189662659	-0.0647893598	0.0444865285	-0.10159878859999999	-0.0665049368	0.12260702230000001	0.09288651740000001	0.10695042310000001	0.1359225125	-0.1064337292	-0.0065631319	0.0794062571	0.0012019791	0.0773279035	-0.0022298064	0.0412508782	0.0286230869	0.0891870553	0.0035668741	0.0822925229	0.0588753671	0.0106883574	-0.0811065118	0.0069908797	0.1086060607	-0.0353418874	-0.193335421	-0.0685281437	0.0115815088	0.0786719639	-0.0465248214	-0.0128943657	-0.09723013779999999	0.1540835	0.0855292119	-0.031944821	0.06900900759999999	0.0832281479	0.0526311349	0.0369406118	-0.0644597567	0.0873963432	-0.0436440229	0.0470187269	0.0883469195	-0.1019937365	-0.007601526099999999	-0.0509979275	-0.0444991358	-0.025083513199999997	-0.0827415252	0.0445589944	0.046600646600000004	0.04741883	-0.0762648393	-0.054292455	0.0662991658	0.0159901928	0.0564643901	-0.0477958518	0.058940233700000004	-0.0724388252	0.0456529587	-0.040290532000000004	-0.1012154875	-0.0550335396	-0.1977757421	-0.0038324663	0.0675936313	0.0661656689	-0.08593713359999999	0.0262638406	0.044564922	-0.09646489789999999	-0.07982760000000001	-0.007896400000000012	0.0063724457217600025	6.235313296000019e-05	0.177257	-0.008529999999999982	0.031420044049	7.276089999999971e-05	0.155505	0.006858000000000003	4.703216400000004e-05	0.024181805025000003	-0.00481038	-0.0004436900000000001	2.3139755744400007e-05	1.9686081610000005e-07	0.000371593	5.229800000000005e-05	1.3808135764900006e-07	2.735080804000005e-09	0.000838744	0.0	0.0	7.03491497536e-07	0.0	0.0	0.0	0.0
494.32391581896485	-0.6203427361102739	244356.13375059504	0.38482511024478105	754.9204800615648	-1.8690913928816144	3.4935026349441336	569904.9312163835	456.26434122400383	0.0231247046884846	0.0005347519669296215	208177.14907257422	464.5059151063356	470.85658967384245	0.99115	29.737179	0.059295649999999964	0.0302801	-0.0015047363000000001	-0.0116154733	0.0093597219	-0.032526516	0.013459216100000001	0.017986601799999998	-0.0649039304	-0.0670482579	0.09342624460000001	0.0056540766	0.0678689768	-0.0079916947	0.0358456396	-0.0345768198	-0.0117759046	-0.1331963065	0.0419231293	-0.0786564456	-0.0534900164	0.018981805	0.09186774589999999	-0.008316066	0.0107368698	-0.05689800480000001	0.0217415119	-0.0470250345	0.06371705030000001	-0.0431719789	-0.19002613670000001	-0.0293929477	-0.09940106630000001	-0.11643021070000001	0.0119090252	-0.034023802799999996	0.1286398843	-0.0989110679	0.0421214975	-0.0230129641	0.0183541567	-0.0461303546	0.1991731372	-0.0010984399	0.073250041	0.0429685391	-0.0713591323	0.0024922613	-0.0533229297	-0.008977297	-0.008468250699999999	-0.025686064100000003	0.0426525575	-0.084896835	0.0851969925	0.0134720229	0.09390371230000001	-0.12339818150000001	0.008091169799999999	0.0755154834	-0.023446904100000002	0.0095863694	-0.0389034104	0.0674586646	0.07416071440000001	-0.0611596723	-0.0916673308	-0.009281381	-0.1147024183	0.07007474030000001	-0.1147666837	-0.0257262344	0.0185894975	0.0740884989	-0.0064405584	-0.0288763306	-0.0093963555	0.0276620403	-0.0518969374	0.0533504107	0.025220796400000002	0.0378245118	0.0352511089	0.039987464199999996	0.0060647814	0.0092387986	-0.0626765502	0.0804075808	-0.0644795682	-0.0207416045	-0.0919238748	-0.0007263852	0.0553513724	0.1100648998	-0.022862025600000002	-0.0421273463	-0.06518165719999999	-0.1226914214	0.0400219828	-0.0366842779	0.0071864168	0.010191524399999999	0.0161383176	0.0540073665	0.0330395562	0.0677682476	-0.049975922699999994	0.0034064819	0.0487095762	0.0029857231	-0.0034729976	0.0710162458	-0.0540586556	-0.09026143730000001	0.0377193518	-0.0017963210999999996	0.09244295599999999	-0.10837832900000001	-0.0637658363	0.0644035241	-0.018911119	0.0010302606	-0.049351686	-0.0657776728	0.0601821746	-0.0858457589	-0.0426897787	0.07146738820000001	0.1457217877	0.11663764509999999	-0.0303154466	-0.035514955099999995	-0.0162310527	-0.0198097866	-0.0717125305	-0.0798654166	0.0365403501	0.0008733855	-0.0221158352	-0.047923754299999996	0.043092272800000005	0.0704103313	0.1002583854	0.0236319365	-0.0014132525	0.0518016998	-0.0411556368	0.0781184662	-0.0550732478	0.0070705486	-0.10021035140000001	-0.0702698554	-0.0152483028	-0.08981687990000001	-0.0536615862	-0.0011974928	0.0520520483	-0.062271823899999995	-0.0534979284	0.0548450213	0.045788057300000004	-0.033169209500000005	0.0455713536	-0.0581227865	0.0332906429	0.0180345643	0.020391984499999998	-0.08717919119999999	0.0302052306	0.0389105992	-0.0923851842	-0.0604589	0.01936870000000001	0.00365527858921	0.0003751465396900004	0.19847	0.02121300000000001	0.0393903409	0.0004499913690000004	0.156936	0.0014309999999999876	2.0477609999999654e-06	0.024628908096	-0.00491795	-0.00010756999999999954	2.41862322025e-05	1.1571304899999902e-08	0.0004914230000000001	0.00011983000000000002	2.4149656492900013e-07	1.4359228900000003e-08	0.0009570030000000002	0.00011825900000000022	1.398519108100005e-08	9.158547420090004e-07	0.0	0.0	0.0	0.0
495.1008941871157	0.7769783681508784	245124.8954248816	0.603695384574402	756.7158251744191	1.7953451128543063	3.223264074249842	572618.8400694021	455.88346415202574	-0.38087707197809095	0.14506734395860388	207829.73288725133	464.0722534472322	474.3907757408298	0.985145	29.556984000000003	0.09315324999999998	0.0590135	-0.010089408499999999	0.0081536932	0.024303749	-0.12941349289999998	0.037428531	-0.029616926800000002	-0.065680403	-0.006393461600000001	0.0557433586	0.0066942758	0.0065873083	0.0002356575	0.0453449581	0.0736743295	-0.0145807969	0.0059884488	0.028580973	-0.0662419769	0.0110979402	-0.1690624769	0.06129178320000001	-0.1340172623	0.07681636530000001	-0.0548328075	-0.08654707539999999	0.0256811159	-0.0410673138	-0.0126425567	-0.11819273949999999	0.0046391192	-0.0844794638	0.026490262999999997	-0.0006117372	0.029417976800000002	-0.0188518325	0.0168097579	-0.1023318373	-0.0110932598	-0.0762706458	-0.1809314887	-0.125691147	-0.040686694700000005	0.0731103909	0.0719661105	-0.027873096200000003	0.0015685998999999998	-0.08812425689999999	-0.0264465412	-0.017985423799999997	-0.0179691572	-0.0477188599	-0.029386963500000002	-0.09713775710000001	-0.0084679241	0.0321716606	0.0340731593	-0.07821627589999999	-0.0632946146	0.06692293120000001	0.058847133899999994	0.0285731969	-0.1184645472	-0.0063756692000000005	-0.0191432926	-0.0228376089	0.0277376232	-0.1193162625	-0.0188661688	0.051865859800000004	-0.0213593218	0.0533330888	0.0397809551	-0.0131581271	-0.0217138255	-0.0656645558	0.09150287369999999	0.1347161568	-0.0127455749	-0.010385806	0.0860398772	-0.0935471074	0.14232119599999998	0.042243696399999996	-0.1061955307	0.1464264706	0.0132501952	-0.029821356299999997	-0.07031933929999999	-0.037245886	0.08107202969999999	-0.043034180199999994	-0.0500332951	-0.1003574849	-0.0376349429	0.1938039099	0.0524338363	0.0624475834	-0.0354875544	-0.051171517300000004	-0.0233925805	-0.0717078358	0.0011256213000000001	0.1530769213	0.047351489299999994	-0.023125974599999998	0.0042224513	0.0918470815	0.0286861055	0.0113703079	0.0123975866	0.027047540499999998	0.00030406	-0.0938395195	-0.0194757597	0.0122066923	0.0441827043	-0.0019756581	-0.09288951320000001	-0.012668898999999999	0.046387325099999994	0.1096716354	0.0075531932	-0.0104934818	-0.07647580059999999	-0.0227474942	0.09205637960000004	-0.0134747567	0.0236937577	0.014945617	-0.0537258737	0.0805471052	0.020050349199999998	-0.026332632400000004	-0.048839174900000004	0.0342318095	-0.11473719980000001	0.012689058500000001	0.0043325355	-0.028987614	-0.0817473114	-0.1612347959	0.148556443	0.0607233725	0.1307102289	-0.0498185046	-0.0409473627	-0.0656589736	0.08913226869999999	0.0969744227	-0.0691902105	0.0511404704	0.1482763038	0.052156184	-0.037715529399999996	0.0262945265	-0.044238469800000006	0.1486302093	0.1245428312	-0.0249614261	0.0178925401	0.0435639437	0.0346559621	-0.0463627847	0.0005925655	0.1547344941	-0.0883907642	0.0341043759	0.033133849300000004	-0.087788815	-0.0633879	-0.002928999999999994	0.00401802586641	8.579040999999965e-06	0.206024	0.0075539999999999765	0.042445888575999985	5.706291599999966e-05	0.140974	-0.015962000000000004	0.0002547854440000001	0.019873668676	-0.0039031	0.00101485	1.5234189609999998e-05	1.0299205224999995e-06	0.000201303	-0.00029012000000000005	4.0522897808999985e-08	8.416961440000003e-08	0.000986198	2.919499999999976e-05	8.523480249999862e-10	9.72586495204e-07	0.0	0.0	0.0	0.0
495.3372436250057	0.23634943788999865	245358.98492201828	0.055861056790918316	757.1373542458405	0.4215290714213325	0.17768675805333078	573256.9731943914	455.85381745827743	-0.02964669374830464	0.0008789264502057656	207802.70289128448	464.10097656941724	482.7498537438988	0.980322	29.412289	0.11773935	0.0616422	-0.0331127265	0.028635824900000002	-0.0628102716	-0.12344780779999999	0.0632215086	-0.0497627563	-0.0746185324	0.0849117806	-0.0101032163	0.047943930499999995	-0.0260367496	-0.048982110599999996	-0.10934148210000001	0.046942760199999996	0.0162994787	-0.0538331592	0.0523305946	-0.0134974969	0.1016381743	0.0121086394	0.1037669091	0.0057030108999999996	-0.0178244571	0.0919607181	-0.1493631278	-0.0770949955	-0.0854128581	0.0259695593	0.0942718192	-0.0255365642	0.0548019481	-0.0283898825	0.0782196565	-0.0362453909	0.0033275843	0.043832891799999996	0.1311444148	0.1047883483	0.1101121248	-0.0509983714	-0.10635588160000001	-0.0970110951	-0.0579790503	0.0020649677	-0.0374337508	0.0074635881999999985	-0.1009463959	-0.0328650179	-0.0007681155	-0.0569576694	-0.0384735006	0.09164937179999999	-0.0180313916	-0.0518192375	-0.0352684047	-9.987059999999999e-05	-0.0463341855	0.0099451628	-0.0970554592	-0.09697741970000001	0.0726327911	0.1462602096	-0.0058450298	-0.1150643103	0.0509275337	0.010638151299999999	0.0380905703	-0.0080775411	0.0268758267	-0.0652081843	-0.0298247558	0.0190747631	-0.0987796849	-0.0561491645	0.09423784310000001	-0.1383782385	-0.0970672773	-0.0088099098	-0.049993876500000006	0.0295359511	0.0052262125	0.031989917799999996	0.0025890788	0.09099374310000001	0.0557131649	-0.0067338682	-0.16801410960000002	0.1556455676	-0.0759381169	-0.0224672667	-0.053998675700000005	0.0037078678000000004	-0.11802842919999999	-0.0829264036	-0.1774518994	-0.0187234438	-0.012195458400000001	-0.0601928798	-0.0029088848	-0.0629477707	0.10391927390000001	0.0657246887	0.0010769748	0.0928032174	-0.0751563794	0.0090393477	0.1066269813	0.0263434097	0.0038540719	-0.0091426375	0.10364143070000001	0.0736529233	0.0156109657	-0.0361563263	0.0075462935	0.0534227697	-0.0856773728	0.0475491875	0.0414393808	-0.0909192374	-0.06454660400000001	0.0882887295	0.1120561185	0.0214523805	-0.0597921285	-0.0847861231	-0.0378642169	0.0029161256	-0.0601325007	0.06813483299999999	0.0329737706	0.0680391277	-0.0161487864	-0.026368822400000002	0.00029160009999999997	0.13212129150000002	0.0214228055	0.065515607	-0.0036210914	0.152454538	0.050878508899999994	-0.0755285872	0.0107802314	-0.0401673615	-0.0036589764	0.0794436004	0.05137475230000002	0.1718932164	-0.0809527929	-0.013188688799999999	0.0340468215	0.0769920774	-0.0173547204	-0.0825091359	-0.0393997839	0.0585514476	-0.1444726087	0.14676548220000002	0.09363547970000001	-0.0417107102	-0.012442015	-0.06362919660000001	0.11366022099999999	0.0266082027	0.0027571134999999996	-0.0895714288	0.0379558231	0.027252848	-0.0827014951	-0.0834607	-0.0200728	0.00696568844449	0.00040291729984000014	0.182167	-0.02385699999999999	0.033184815889	0.0005691564489999995	0.132411	-0.008562999999999987	7.332496899999978e-05	0.017532672921	-0.00483094	-0.0009278399999999997	2.33379812836e-05	8.608870655999995e-07	0.00043094	0.000229637	1.857092836e-07	5.2733151769e-08	0.000838744	-0.000147454	2.1742682116e-08	7.03491497536e-07	0.0	0.0	0.0	0.0
494.96148058965827	-0.375763035347461	244986.86726750663	0.14119785873353724	755.1508698998982	-1.9864843459422443	3.9461200566735872	570252.8363105729	455.9356329753862	0.08181551710879376	0.0066937788397793225	207877.3014166661	464.11076899340577	479.2605636063594	0.914101	27.425497	0.06798384999999997	0.0398692	-0.026801440299999996	0.030511680299999996	-0.0816496071	-0.0963204852	0.032864988	0.0316484095	-0.0630082841	-0.0765061667	-0.09426393460000004	0.1061165586	0.048243183200000005	-0.0679416419	-0.0038505816	0.0207122142	0.0945251366	-0.045063855599999994	0.0683145294	0.005886988399999999	0.0019854177	0.014412446499999999	-0.08950467220000001	-0.10050311640000001	-0.056127194299999995	-0.041565576800000004	0.051050568899999996	0.0085789596	0.0169515984	0.04474139480000002	-0.055731892699999994	-0.0332754531	0.0846711621	0.1270625331	0.0457753396	-0.0361652966	-0.031244958700000002	-0.0463729085	0.0670712026	0.0140597317	-0.0020459757	0.148525885	0.0408942168	-0.2060583614	-0.0756071688	0.031751950099999995	0.1889669688	0.0104567893	-0.1183132805	-0.0262395989	-0.0046781218	0.0029991079	-0.0059222123	-0.0141521446	0.0881372489	-0.0036413645	-0.0752561679	-0.010272156	0.017495015	0.018841281799999998	0.0001571012	-0.0060094434999999995	0.0630231829	-0.08692777730000001	-0.1412866473	-0.0700377098	-0.2288909566	-0.016926788	0.03474452	0.0205908523	0.024442797000000002	-0.0767561785	0.0196819829	0.0029069256	-0.09529431	-0.0864616884	0.0079011195	0.0054561707	-0.0073312831000000005	0.0423634318	-0.0217247835	0.0929584486	0.046551898200000004	0.0451083005	-0.020754743899999997	-0.0381023987	0.15787906599999998	0.028019175499999997	-0.0603587096	0.0128624901	-0.09615742669999999	0.1246651901	-0.0245544773	0.0686818322	-0.0094914731	-0.0656372367	0.0007496829	-0.0057248626	0.0363239201	0.058488673399999996	0.0421256701	-0.048975945300000004	0.0372968418	-0.017039596	0.011993122299999999	-0.048891057800000005	-0.059398857199999995	0.0133560276	0.11678853800000001	0.0181575801	0.0139806447	-0.0005660785	0.0083768103	-0.04345077730000002	0.0968031439	-0.0365266836	-0.06322661809999999	-0.013969086399999999	-0.0109204655	0.0237003821	-0.026080496	-0.0120598783	0.1248361653	-0.0765990174	-0.0381798955	0.15509216550000002	-0.1854042478	-0.0493462154	0.0256479873	0.031529083900000004	-0.0574583859	0.0213936152	0.0994069054	0.0401461855	-0.023107947799999997	-0.0332579136	0.047040505700000006	-0.0235915246	-0.0339557306	-0.009463311700000001	0.0820737073	0.0600314271	-0.024204125899999998	0.0750884513	-0.0313024446	0.0067154113	-0.0489281778	0.0763452058	-0.0769841159	0.1347456943	-0.0133117768	-0.03322396	0.0891683227	0.0414328535	-0.0110093044	0.0846299449	0.010689581200000001	-0.0125111076	0.0268331838	0.05707113990000001	-0.0087114498	0.0730488075	0.0203496848	-0.0061239951	0.033422201299999996	0.1013565352	0.024105850800000002	-0.0907207723	0.0417541856	0.0212860992	-0.077151675	-0.07425389999999997	0.009206800000000029	0.005513641665209995	8.476516624000053e-05	0.178283	-0.0038839999999999994	0.031784828089	1.5085455999999991e-05	0.122351	-0.01006	0.0001012036	0.014969767201	-0.00415218	0.0006787599999999996	1.72405987524e-05	4.6071513759999934e-07	0.000213039	-0.000217901	4.5385615521000007e-08	4.7480845800999996e-08	0.000838744	0.0	0.0	7.03491497536e-07	0.0	0.0	0.0	0.0
494.78384170586855	-0.1776388837897116	244811.05001321802	0.031555573034054665	756.1717893567967	1.0209194568984683	1.0422765374738638	571795.7750190597	455.64558169018517	-0.2900512852010593	0.08412974804678623	207612.8961137872	463.86097628324217	479.60877305671926	0.8972219999999999	26.919065000000003	0.045715899999999976	0.0259911	-0.0267480735	0.0406492381	-0.0631716963	-0.0509446172	0.0773064583	-0.0174263352	-0.096225801	-0.1496328668	0.1275013948	-0.0017214876	-0.0442293832	0.0153654072	0.0201015785	-0.0672415046	0.056157473	-0.012417221200000002	0.0671940944	0.0191630809	0.0061156702	0.0450593309	0.019904790800000002	0.058941705199999986	-0.113565468	-0.0149518974	-0.0558029613	0.0253147768	-0.07922893269999999	-0.056964382	0.0966987419	-0.0786877458	-0.0421341042	0.2080048073	0.0680087323	-0.1127550365	-0.1564323165	0.0435163487	0.0208875117	0.0073898281000000015	0.0337086063	0.0100232024	-0.133640629	-0.0167621683	-0.0208397829	0.014559933300000001	-0.029479398799999997	0.0087424367	-0.1003799606	-0.0355295258	0.0203849275	-0.061363820599999994	0.0349101209	-0.1301305064	0.1514300152	0.0091805701	-0.0379368103	-0.0970559321	0.0321533054	0.11649131039999999	-0.0354291766	0.0423456321	0.0355525799	0.020568997	-0.16064490509999999	-0.1136323943	0.0003480533	-0.0316303374	-0.0018480303	0.0643888766	-0.0037420125	0.0315855637	0.0539175414	0.1498214913	0.0898704867	0.0889623915	0.048838835899999995	0.046635161200000004	-0.001537604	-0.0937109803	-0.082696142	-0.1224900565	-0.0064914964	-0.0872016018	-0.062364302300000014	0.0026230040999999996	-0.017475905	0.0646015853	-0.03641554	-0.0727747955	-0.098114941	0.0656082508	0.0817390107	-0.1472844865	0.029702427799999997	0.034681459	-0.1428839518	-0.08471562490000001	-0.0819929994	-0.017580073300000002	0.1587728644	-0.0407756509	0.0037704671	0.0501153113	-0.0325824948	0.1997476102	0.0113790676	0.0122199025	0.1028581608	0.027199504300000003	-0.0483974479	0.1115464948	-0.054888708499999994	-0.1375762433	0.050265924000000003	-0.0102879249	0.006218245799999999	-0.0669871418	-0.058620619699999994	0.1414527112	-0.024684435	0.0635507572	-0.0302095829	0.0655495299	0.024987402000000002	0.09589380380000001	-0.1115578978	-0.0289078909	-0.07835473700000001	0.0337881037	0.1278179532	-0.0404475897	-0.1157680428	-0.006281218199999999	-0.0355718086	-0.1464555501	-0.052813878200000004	-0.0302061271	0.0791931391	0.0497626445	0.0935294281	0.0675106491	0.0738996123	0.0184506451	-0.0966921808	-0.1026010408	0.0200679815	-0.024588490299999998	-0.0600898588	-0.0763103189	-0.0654320588	-0.0839520003	-0.024508486099999997	-0.0797525676	0.1563276474	0.0868224027	-0.0447533926	0.1984668824	-0.0656180661	0.0291104122	-0.0921391057	0.0457332112	0.08567605310000001	0.0977511323	0.11002249160000001	-0.0631023009	0.023652814700000004	-0.0918383927	0.0454941512	0.0152523765	-0.07117039139999999	-0.07255799999999997	0.0016959000000000002	0.005264663363999995	2.8760768100000007e-06	0.176101	-0.002181999999999989	0.031011562201000008	4.761123999999953e-06	0.12748099999999998	0.005129999999999982	2.6316899999999812e-05	0.016251405360999997	-0.00448962	-0.0003374399999999996	2.01566877444e-05	1.1386575359999973e-07	-0.000114087	-0.000327126	1.3015843569000002e-08	1.07011419876e-07	0.000908338	6.959400000000008e-05	4.843324836000011e-09	8.250779222440001e-07	0.0	0.0	0.0	0.0
494.7933424664946	0.00950076062605376	244820.45174916578	9.026445247357346e-05	755.3714807302963	-0.8003086265003958	0.64049389765095	570586.0739006804	455.71064562017614	0.06506392999096987	0.0042333149858698295	207672.19253155772	463.83960739040896	478.5674463608469	0.90458	27.139835	0.10591065	0.054262300000000006	-0.015379400900000001	0.0468074636	-0.0454042871	-0.1203259434	0.0395230395	-0.013150578799999998	-0.127030954	0.023190674300000002	0.07580438889999999	-0.0073536665000000015	0.014921547	0.0720395777	-0.0484420328	0.0367193969	0.0093872434	-0.0210970756	0.0233580297	0.0170433688	-0.06758588459999999	0.0409997477	0.1114535881	0.028110193999999998	0.0009368200999999999	0.0295069885	0.026326494300000003	-0.0296475392	-0.0701126948	-0.0483756709	0.05946456360000001	0.0484640608	-0.008813824100000001	-0.050726358099999994	0.0478708059	0.033993098900000004	-0.0748382787	0.0302792802	-0.036596672000000004	0.0646353106	-0.12342655109999999	-0.1070819344	-0.060529676399999996	-0.0748902987	0.062321565599999997	0.1005979195	-0.0093927953	0.035106898399999996	-0.1223374827	-0.0582619842	0.0198129756	-0.0449453055	0.014435825900000001	-0.073000489	-0.0717821126	0.0780324442	0.0009828476	-0.0378234218	0.0166812497	-0.0111815796	0.0565383454	0.030696854	0.0949642168	0.0056344288	0.027108800099999997	-0.007207944399999998	-0.0041304382	0.054778160599999993	0.0883827434	-0.0653248759	-0.048458988499999994	-0.0248758498	-0.0514332599	-0.023875805299999997	0.1288052602	-0.0366673156	-0.0272291324	0.0197434184	0.040505847000000005	-0.0645304824	0.0915194969	0.1251855337	-0.041362077000000004	-0.065423429	-0.0404195974	-0.14601263609999998	0.0863637165	0.0329330459	0.18099484989999998	-0.16902039579999995	0.12462265060000001	0.0222751427	-0.17696148579999998	-0.10817037689999999	-0.105816782	0.0750354384	-0.0302646381	-0.056045631900000004	0.1463469424	0.0268110492	-0.0864369566	0.0351512572	0.0419327365	0.030886339500000002	0.0811231851	-0.056716604800000014	-0.08895806269999999	0.0364548371	0.1211505892	0.0586211964	-0.030252122200000002	0.0588439315	-0.025452855099999998	-0.0087394224	-0.0898201649	0.0492676277	-0.0482321074	-0.0697362777	0.010508551299999998	-0.0357636367	-0.0463478226	0.0101512153	0.0523794011	-0.0433371443	0.0802843184	0.0192803416	0.0153055817	-0.037983136	-0.0205194668	0.015526130700000003	-0.1449940438	0.054268576	-0.0407212491	-0.0034956846000000004	0.036266563700000004	0.0453677617	-0.050987488399999996	0.054716414500000005	-0.0001306435	-0.08349510190000001	0.0428643876	-0.2238832521	-0.1041111747	0.1040384039	0.020046806599999998	0.0903774648	0.0010339496000000001	-0.07155117450000001	0.0216087487	-0.1554140099	0.0513427526	-0.0642658179	-0.0032682533	0.1161503958	-0.0590916881	0.1089385049	0.0392367005	0.0749561081	-0.0191465751	0.0932224999	-0.09806522949999999	0.166852844	-0.0763231048	-0.1269967307	-0.1138304115	0.054418943600000005	0.0061338584	-0.09292389919999999	0.049170489000000005	0.0091706641	-0.06479109400000001	-0.0599435	0.012614499999999971	0.00359322319225	0.00015912561024999933	0.195391	0.01929	0.038177642881000014	0.0003721041	0.120769	-0.006711999999999982	4.505094399999976e-05	0.014585151361	-0.00374995	0.0007396699999999996	1.40621250025e-05	5.471117088999993e-07	0.000422532	0.000536619	1.78533291024e-07	2.87959951161e-07	0.000838744	-6.959400000000008e-05	4.843324836000011e-09	7.03491497536e-07	0.0	0.0	0.0	0.0
495.0630793827752	0.2697369162805785	245087.452567956	0.07275800400455583	755.5277654259257	0.15628469562943792	0.024424906087986045	570822.2043294925	456.08568834759313	0.3750427274169965	0.14065704738837956	208014.15511549785	464.3448819315554	480.4656458191454	0.962591	28.88031	0.07225805	0.0483828	-0.020238295700000002	0.047984197400000005	-0.048758054	-0.1613053569	0.0721466655	-0.0395458359	-0.12479568070000001	0.0326642881	-0.067871305	0.029093498500000002	-0.0752544348	0.0143734929	-0.00024245400000000002	-0.1566148265	-0.025716153999999998	-0.07025827559999999	0.0696491342	-0.1147274721	0.0412410431	0.0098733185	-0.0592555524	-0.0464958133	-0.08050725809999999	-0.1762974245	0.0896496338	-0.1076815112	0.045075594000000004	0.11627170070000001	-0.0390570925	-0.065831189	-0.028969180299999998	0.0104366817	-0.022885594300000003	0.0775045066	0.0465935346	-0.019611698400000002	-0.1417497697	-0.0005079072	-0.048352502	-0.0278695535	-0.1237195705	-0.050799931500000006	0.0028733748	-0.0277443016	0.020663798400000002	0.0267229913	-0.1454345938	-0.0024575368	-0.010341942	-0.0198070988	-0.0137781553	0.076774361	-0.0458741557	-0.035900437	-0.0380097273	-0.0344260793	-0.011644992199999999	0.1557902583	-0.092969902	-0.0379522948	-0.0874181459	0.0125903347	-0.0554647242	0.017291350900000002	0.096702806	-0.15349589	-0.0400014266	0.0261289717	0.0786252975	0.0086579043	0.0300581946	0.040221786600000003	0.060301105	0.0519577231	-8.69444e-05	0.009118517	-0.0313839177	0.0197407663	0.0052237052	0.0722897587	0.0502064341	0.0097571258	0.0152598659	-0.030910473100000002	0.1219640145	-0.0093227009	0.0592694875	0.0645830946	-0.007590643	0.1013729801	0.0303059051	0.011474805800000001	-0.11515426029999999	0.1170522678	0.0807899746	0.029574660899999997	0.08529351199999999	0.0271078425	0.0715198813	0.0287965096	-0.0329214357	-0.0799818372	-0.1325033705	0.0322200686	-0.0377835657	0.027722436	0.1459699424	-0.0071897444	0.0215019047	-0.0172887127	0.0533914942	0.0691382545	-0.013996326699999999	-0.0261268693	-0.0155177969	0.0053409816	-0.0631114599	0.1697149132	0.0465829963	-0.0223154791	-0.07376299780000001	0.1168126807	-0.0605797572	-0.011307310400000001	0.0020304181	0.0375223376	0.0528756467	-0.1161763899	0.0899096787	-0.0027371724	0.0039637375	0.009427463	-0.0634908875	-0.020771932	0.0075797418	0.030082529900000002	-0.0904210187	0.0062645161	0.0683357242	-0.05441570230000002	0.0290183565	0.0594972935	-0.0418502898	0.0591790938	0.0685020019	-0.0044841898	0.0043532913	0.08809639820000001	-0.00085298	0.029106329700000006	-0.0256261907	0.0632771063	0.058369508	0.0720132593	-0.0745523681	-0.0788308587	0.156737856	-0.047548006600000005	-0.0896053807	0.10639487460000001	-0.0456767682	0.0818408947	0.055613717699999995	0.1000601894	-0.09427980109999999	-0.0939769123	0.0527780575	0.0030600974	-0.05804945860000001	-0.06347360000000002	-0.0035301000000000217	0.004028897896960002	1.2461606010000155e-05	0.192211	-0.003180000000000016	0.036945068521	1.0112400000000103e-05	0.150387	0.029617999999999988	0.0008772259239999995	0.022616249769	-0.00441761	-0.0006676599999999996	1.95152781121e-05	4.457698755999994e-07	0.000371593	-5.0938999999999954e-05	1.3808135764900006e-07	2.594781720999996e-09	0.000838744	0.0	0.0	7.03491497536e-07	0.0	0.0	0.0	0.0
494.6055992753325	-0.4574801074426773	244634.69883451078	0.2092880487057636	755.4128845116011	-0.11488091432465808	0.01319762447606943	570648.6260861375	456.3519343727254	0.26624602513226137	0.07088694589872875	208257.08800572823	464.5521152605378	475.6096239911084	0.97536	29.263418	0.06131275	0.029687900000000007	-0.0069672499	0.029556281	-0.0440485151	-0.0774973892	0.039991758599999996	0.0012589939	-0.115497658	-0.0792847529	-0.0804973204	0.19947750079999998	0.0417675688	-0.0031720874	0.004220427	-0.0031676281	0.1039271555	0.0851139943	0.0024735077	0.11157592	-0.0554126583	-0.022717360899999997	0.0182746767	0.0389166263	0.0081445902	0.023072409	0.0360169886	-0.0516953033	-0.009468354200000001	0.0430488829	0.0671600002	-0.0692741475	-0.0856429023	-0.0276487842	0.10525894529999999	0.1153485219	-0.009426160500000001	0.0329265324	-0.0340239052	-0.0047114732	-0.072722173	0.0808975517	0.05911242980000001	0.00169894	0.016119213700000003	-0.027537255	0.0078063998	0.0238424689	-0.1254322803	0.019440909699999998	-0.0811484351	-0.0015436188000000001	-0.0063322552	-0.0509738097	0.1395065	0.037208537400000005	0.011059914099999998	-0.0301296627	0.0780644467	-0.0199921702	0.031150220299999996	-0.0014342308	-0.09140129429999999	-0.0126445767	0.0994792237	-0.070152934	0.066652148	0.0406460799	0.0657102668	-0.0270196019	-0.13753079640000002	0.0095177697	-0.0821267244	0.025202718199999998	-0.061796173600000004	0.0186040844	-0.0806895287	-0.0764103951	-0.07123848299999999	0.0426453849	0.0175907227	0.1775339005	-0.1534652272	-0.0121028581	-0.042383400300000006	0.0036624085	0.14780490529999998	0.000999183	0.026453629500000003	-0.051080660800000004	-0.2022271338	-0.0197467271	0.0927783108	0.0161018829	0.1737814636	0.019124639199999998	-0.0068242577	-0.0450752885	-0.0046391001	-0.1231069657	-0.17042239010000002	0.0222791044	0.0206573585	-0.0318805646	0.1146392613	-0.0188299428	0.08903513810000001	0.0271503951	0.1247347775	-0.0282780011	0.0676413637	0.0340756095	-0.0007568686	-0.1152496916	0.10927352060000001	0.0062736185	-0.008561620899999999	-0.044694100599999995	0.0512289768	-0.0004381729	-0.0127068923	-0.014394954	-0.0653426072	-0.0269069615	-0.0553393966	-0.1248262007	0.0507223672	-0.1413004429	0.0128999812	0.058234812000000004	-0.09251075539999999	-0.0044854956	-0.0265196749	-0.0063736792	0.0233148567	-0.020810406	0.09395182640000001	0.1462869108	0.056374096299999996	-0.015352273999999999	-0.09662024429999999	-0.0401245384	0.018636657	0.1532822463	0.0922535015	0.0022983031	0.028812225299999997	0.0381490695	-0.1265535975	0.149961336	-0.045046797199999995	0.0121171299	0.1197768835	-0.08429256380000001	0.0993235359	-0.07444873440000001	0.11437472509999999	0.0411259522	0.0244624284	-0.13111207560000002	0.13512415949999998	0.1358475831	-0.049734554800000004	-0.076503956	-0.0507689972	-0.08793899150000001	-0.0076920688	-0.0949970637	0.05631181110000001	-0.0030600974	-0.0509831871	-0.08225369999999999	-0.01878009999999997	0.0067656711636899965	0.0003526921560099988	0.185185	-0.0070260000000000045	0.034293484225	4.936467600000006e-05	0.161383	0.010996000000000006	0.00012091201600000012	0.026044472689000002	-0.0047090000000000005	-0.0002913900000000008	2.2174681000000008e-05	8.490813210000043e-08	0.00017277	-0.00019882300000000004	2.98494729e-08	3.953058532900002e-08	0.000838744	0.0	0.0	7.03491497536e-07	0.0	0.0	0.0	0.0
494.3689380817234	-0.23666119360910895	244400.64694005085	0.05600852056048816	754.9454210175837	-0.4674634940173519	0.2185221182389108	569942.5887154167	456.6819044844438	0.32997011171840995	0.10888027462745994	208558.36188353863	464.77231264880896	473.93486212940246	0.970474	29.116840000000003	0.04743455000000001	0.0296274	0.0078299373	0.0196874519	-0.0693195783	-0.0313329304	0.019112882299999998	0.0091708104	-0.1612422478	-0.0515512999	0.1022858875	-0.012576103200000001	-0.0480625983	0.0363849575	0.0219819394	0.0293624563	0.0137112229	0.014945296299999999	0.016727270500000002	0.049266095700000005	0.0936780905	0.0437092131	-0.06403247990000001	0.004033335999999999	-0.0160886311	0.0549812763	0.0037561388	0.0393708038	-0.0184961464	0.0625156495	0.0157392926	-0.0025635499	0.0121741856	0.0101017841	0.009413732099999999	-0.019714728	0.006682735	0.0620026063	0.0467459935	0.01328024	0.0493091509	0.09044859390000001	0.0542708546	0.19421705050000002	0.0606894803	0.1066311019	-0.0234889123	0.043718918499999995	-0.1618087213	0.0338008456	-0.0366399445	-0.057174363099999986	0.0637896778	-0.0616286801	-0.0081902935	0.0875066917	0.039754775	-0.0248159679	0.0087875644	-0.0772539961	0.0172150498	0.0071391334	-0.08131016099999999	-0.0407433703	0.0355937405	0.0088861098	0.0580030117	0.038369131699999996	0.10327048	-0.0327614201	0.0638666212	0.027814306299999998	0.049318136799999995	-0.0314001681	0.07042597219999999	0.0202823696	0.0313795718	0.08528320660000001	0.1106141322	0.0822958826	0.0806280397	0.0089942346	0.0007009339	0.0436048245	-0.0495076563	-0.1187136741	-0.1279622128	-0.00367852	0.048030666799999996	0.09097817429999999	0.0660505858	0.0940430438	-0.041919921400000004	0.0371482314	0.043415751399999994	0.0829404155	-0.0239302536	0.0144677141	0.061077708700000004	0.0911985797	0.0836831631	-0.0453721847	0.0729774883	-0.0846800434	-0.088401721	0.0585258476	-0.0441349737	0.041618975600000004	0.15480976289999998	-0.0391638057	0.009217378	0.10925349029999999	-0.059662588899999994	-0.025466555699999997	-0.0450471689	0.0536457422	-0.0030441834000000004	-0.0115484278	-0.005456287	-0.0621090431	0.0389381065	0.00943444	-0.0430720822	-0.043793875999999995	-0.0816764713	-0.0705406923	0.0573972062	-0.07313628059999999	-0.0823125032	-0.030860295299999996	0.0079701322	0.024145199300000003	-0.0365886596	0.006339400500000001	-0.0204019368	0.034844879	-0.07173660700000001	-0.10793509789999996	-0.031870149	0.0002119127	-0.0397424255	-0.1207997648	0.035302037	0.0377310159	-0.0075436509	-0.0112752236	-0.12420994140000001	-0.0115103853	0.0139991567	-0.059976760999999996	0.0055337113	0.1328671223	-0.029487135	-0.0431334924	0.006510504	0.12461932349999999	-0.0990567901	-0.1098941266	-0.0415973506	-0.024838663599999998	-0.0649350904	0.0198507348	-0.105185761	0.1084321744	0.1381836819	0.0392908613	0.0488584105	-0.0959839967	0.0597668075	-0.0091706641	-0.043631796900000006	-0.0671111	0.015142599999999978	0.004503899743210001	0.00022929833475999936	0.17788800000000002	-0.00729699999999997	0.031644140544000006	5.324620899999956e-05	0.161947	0.0005640000000000089	3.1809600000001013e-07	0.026226830809	-0.00516855	-0.0004595499999999995	2.67139091025e-05	2.1118620249999962e-07	0.000201839	2.906900000000003e-05	4.0738981921000016e-08	8.450067610000018e-10	0.000838744	0.0	0.0	7.03491497536e-07	0.0	0.0	0.0	0.0
494.22410638512673	-0.14483169659666828	244257.4673321771	0.020976220339069374	756.1112761379668	1.1658551203830712	1.3592181617234254	571704.2619029847	456.3587966394753	-0.3231078449684901	0.10439867948018183	208263.35127023	464.52869801990687	475.02556008802713	0.929906	27.899668	0.03234109999999999	0.016339199999999998	0.0190545341	0.017204883799999997	-0.12068111949999999	-0.0336257964	0.0587649624	-0.0698956194	-0.1374789745	0.10926997039999999	0.0141168834	0.0516577726	0.0299107938	0.025066525899999997	-0.0419886878	0.0206308252	-0.0653356671	-0.0530435185	-0.0692557583	-0.0609065348	-0.0713138596	-0.006780052	0.042087040199999995	0.041702526000000004	0.0709163144	0.1458645134	-0.0014344336	-0.045121981500000005	0.0051867183	-0.0608159435	0.006134075300000001	0.1153165378	-0.1019278066	0.1741863384	-0.0677416812	0.0035278068	0.11929444130000001	0.025006165099999998	0.1020350491	-0.0123816304	-0.0131829642	-0.0741090341	-0.0919595602	-0.020966321200000002	0.0549519195	-0.023334951899999998	-0.059577547	0.021922240099999997	-0.12301353300000001	0.0241790019	-0.050228957000000005	-0.018973924099999998	-0.0348320534	-0.0219317317	-0.081650157	0.027822121000000002	-0.0376489531	0.0012259235	0.0195016228	-0.0459045816	-0.1073791615	0.0316756291	0.0140321493	0.0376658329	0.0566453645	-0.09365647960000001	-0.0630781487	0.0261669923	-0.13005058220000001	0.0424212053	-0.014000837	0.0870797583	0.0180721291	0.0290373199	-0.0104374426	0.1064726017	-0.0582831808	-0.047010429400000005	0.052672227800000006	0.0024614129	0.0343267296	-0.0797693376	0.1541710667	0.0968999056	0.0251955034	0.0665117326	-0.0495986878	0.1025027183	0.0409828595	-0.021547685499999997	-0.0609034479	-0.0881700259	-0.0405902944	0.1633767397	-0.0337908154	0.0009765336999999999	-0.0551768125	0.0019206661	0.0262103933	-0.1085619026	0.0530581091	0.09523534	0.057859034800000014	0.09703826230000001	0.0029013443	0.0205824028	-0.06303734379999999	0.024102409300000002	0.1245070594	-0.025165441	0.049221446399999993	0.008669974300000001	0.023336966400000003	0.0013194851	-0.09094197109999999	0.0125445832	-0.060171551	0.0105115025	0.0111597849	0.0057782713	0.0886533336	-0.008031149100000001	0.0007841498	-0.0603365756	0.0928534132	-0.0715386429	-0.05866510990000001	0.040106684100000005	-0.0201304703	0.0751383655	0.048847923499999994	-0.1004699	-0.0678232737	-0.031600759900000004	-0.000349495	-0.0637678633	0.082117748	0.0350186344	-0.10588463699999999	0.0980113535	0.0397059673	0.0935447197	0.0628687006	-0.055049845	-0.1169119204	0.1038888783	-0.0446139907	0.0410558472	0.005808546600000001	-0.07755908269999999	-0.1289738699	-0.0749262371	0.0164335434	-0.08841771179999999	-0.0414046231	-0.0305274956	-0.0250733694	-0.1214377563	-0.0701531798	0.0372347934	0.0845099856	0.0553088787	0.028404767200000007	-0.0774510483	0.0487493037	0.005267990300000001	-0.13759491640000002	-0.09693736609999999	0.0631382147	-0.0152523765	-0.0360364	-0.0596832	0.007427900000000008	0.0035620843622400002	5.517369841000012e-05	0.177948	5.9999999999976745e-05	0.031665490704	3.599999999997209e-09	0.172796	0.010849	0.00011770080099999994	0.029858457616	-0.00527888	-0.00011032999999999963	2.78665740544e-05	1.2172708899999918e-08	0.000371593	0.000169754	1.3808135764900006e-07	2.8816420516000004e-08	0.000838744	0.0	0.0	7.03491497536e-07	0.0	0.0	0.0	0.0
493.6304838115069	-0.5936225736198253	243671.05454798238	0.3523877599110249	756.8087706076409	0.6974944696740977	0.4864985352259508	572759.5152686489	455.564893342925	-0.7939032965502975	0.6302824442734295	207539.37204655068	463.8254011072947	472.0195291646791	0.918254	27.550074	0.047629799999999986	0.0230548	0.0296292873	-0.0050638986	-0.1436287674	-0.0750982659	0.0702530157	-0.0754375897	-0.0794441151	0.1091399858	-0.0708015711	0.0551011305	0.0392974423	-0.0567233075	-0.129172456	-0.09051025	0.0194561526	-0.06683253509999999	-0.0485637005	-0.0030201777	0.1210753852	-0.040151521	-0.015646520900000002	0.0090362097	0.0317952964	0.0068963148	-0.0160441033	-0.059088702699999995	0.0314989812	0.0002247253	-0.0090815497	-0.09350662550000001	-0.0043651268	-0.0101229509	-0.0638534663	0.0794296154	-0.035936009399999996	-0.1378176738	-0.0534936329	-0.08688214949999999	0.0633988309	0.0900671747	-0.0685846562	0.0261119318	0.05775288570000001	-0.1008704875	0.0545631949	0.0126518539	-0.1247853778	-0.009868842	-0.0516213424	-0.025229485099999997	-0.0916044174	0.0397804209	-0.0145638044	-0.0845279786	-0.039382645200000004	0.0085665339	-0.005331285600000001	0.0007359007000000001	-0.1376437173	0.0488643185	0.06835537	0.1517813365	0.0029175515	-0.0817990643	0.11144465939999999	0.07293677700000001	-0.0066862325	-0.0841286338	0.0199310379	0.0950580696	-0.0661635589	0.045557495	-0.0987385583	-0.077273633	0.1622482801	-0.029808508100000002	-0.0724080657	-0.0198491758	-0.0481806404	-0.1793036461	-0.07385923700000001	-0.0415040933	0.0605114449	0.11595460839999999	-0.06091444980000001	-0.018514153999999998	0.0621836517	0.0240667451	0.0011635863	0.0430660683	0.11645635859999999	-0.0947045133	-0.055905629400000004	-0.0626006043	0.053486854400000006	0.0708124626	-0.0046612228	-0.1594405922	-0.041066711400000004	0.0850396471	-0.0462880605	0.061268260199999994	0.0092421185	-0.09467035800000001	0.059632770599999996	0.017055073100000002	0.1238683427	-0.0003407475	0.0696309093	-0.0326209663	0.10161618609999999	0.0122879221	-0.012315212800000001	-0.0751447987	0.0053532412	0.027675897799999998	-0.0294856461	0.0631776272	0.0883289975	0.014348018700000001	-0.0951695333	0.0579144871	0.1453280798	-0.007538979499999998	-0.0320258454	-0.0088707067	-0.1445302668	-0.015748639499999998	-0.0788772941	-0.0699063056	0.0752582374	-0.0412128121	0.005611438000000001	0.0298401336	-0.058232883799999996	0.0217249417	0.1192535211	0.0282273827	-0.0782854024	0.18695784829999998	0.07422590030000001	-0.11514354380000001	-0.0042624857	-0.0669698636	0.1425789376	-0.0082812198	0.00045113019999999996	-0.0626082624	0.0625612603	0.0525668648	-0.1017743126	0.06796895110000001	0.1389873787	-0.1129356718	-0.0661635307	-0.052058106900000005	0.0626138026	0.040564512000000004	0.0770702417	0.06309176009999999	0.1010919887	-0.0687014289	-0.0157199048	-0.0891534399	0.0205674395	-0.09785683869999999	0.0664213173	-0.0212860992	-0.028239472999999998	-0.0679966	-0.008313400000000006	0.00462353761156	6.911261956000009e-05	0.169182	-0.008765999999999996	0.028622549124	7.684275599999993e-05	0.186717	0.013920999999999987	0.0001937942409999997	0.034863238089	-0.00537733	-9.844999999999991e-05	2.8915677928899995e-05	9.692402499999986e-09	0.000137455	-0.00023413800000000005	1.8893877025000003e-08	5.482060304400002e-08	0.000838744	0.0	0.0	7.03491497536e-07	0.0	0.0	0.0	0.0
493.52343993403184	-0.10704387747506416	243565.38576431997	0.01145839170489655	755.995767213958	-0.8130033936829477	0.6609745181399901	571529.6000454209	455.2719284300029	-0.2929649129221161	0.08582844020346309	207272.5288163737	463.5429405535419	465.4372572040278	0.948806	28.466722	0.02112409999999995	0.012342100000000005	0.0413176626	-0.0106542354	-0.0759087181	-0.026857995699999998	0.0661755591	-0.015071165	-0.08187420179999999	-0.13158846429999999	-0.09048829359999999	0.0489669743	-0.0086373066	-0.0341017429	-0.027295099399999998	0.0850959606	0.020475963700000002	-0.0792572579	-0.0361360083	0.1456503395	-0.038349710499999995	0.0324197903	-0.0107010899	0.048613822599999995	-0.014494245400000001	0.0079105011	-0.0171212222	-0.0598795998	0.0185680102	-0.0131059818	0.1227352301	0.12973711640000002	0.1005985086	-0.0316325472	-0.0392013876	-0.0107642896	0.0487440494	0.0079370051	-0.0706830361	-0.0711800355	0.1915900701	0.0260220735	0.0784884897	-0.07338936139999999	0.0146021979	0.0870281747	-0.1448608774	0.029236230800000002	-0.1178829686	-0.0668322809	-0.0045192686	-0.0653782751	-0.0530387323	-0.0035854319	0.131057265	-0.0167356215	-0.114297693	-0.0260129834	0.09554795099999999	-0.1202558087	0.1406072981	0.075560895	0.0390365511	0.049191100599999996	-0.0723773239	-0.039313834900000004	0.0504354287	0.0721043757	-0.014325190500000001	-0.0072343053000000004	-0.0908622634	0.07362828639999999	0.0821398579	-0.039586559199999996	0.0052614309	-0.06080492780000001	-0.092238349	-0.046536210599999996	-0.0118013523	0.0030217932	-0.1550440425	0.0074805597	-0.06371132139999999	0.11422161410000001	-0.11047068269999999	0.045024859	-0.0487007684	0.0438778506	0.13598680189999998	0.0540800604	-0.0300790978	0.0459687546	0.0928491766	-0.0611081844	-0.022497250299999997	0.08006388639999999	0.0468958834	0.11136243130000001	0.006897955999999999	-0.0980650459	0.0527189683	-0.0108830276	-0.20543761789999998	-0.0685675948	0.0378985956	-0.0642765528	-0.059265876900000014	0.0306916288	0.118024266	0.0517059947	0.0015838652	0.0417849909	0.0776367904	-0.09174598240000001	0.11849058050000001	-0.0393393458	-0.0926230294	-0.0819623905	0.0667699399	-0.12474844759999999	-0.0930472807	0.047598807400000005	-0.048531887999999995	0.0307610859	0.052286798200000005	0.0181253285	-0.0485444571	-0.0079566423	-0.11627580650000001	0.0640503674	-0.0270735949	-0.00666293	-0.036849826	-0.112500061	-0.0790249913	0.09542794439999999	0.0871567733	0.0247865199	-0.0165043251	0.0150913933	-0.025919475299999998	0.17673827190000002	0.0197398841	0.1082325471	0.056928103499999994	0.045569882	-0.0359596337	-0.155771663	-0.0098815945	-0.0567192022	0.034461178599999996	0.0676358095	-0.0401811619	0.05143901730000002	0.10144274939999999	0.0128539665	0.0227585291	0.0570156957	0.1638273437	-0.0211077933	0.0885456201	0.0030638526	0.0581530055	0.1046560594	-0.1460343036	0.0642281804	-0.0007299702	-0.0987420929	0.0696115238	-0.027252848	-0.0202846193	-0.0706587	-0.002662100000000001	0.0049926518856899995	7.086776410000003e-06	0.175083	0.00590099999999999	0.030654056889	3.482180099999988e-05	0.186882	0.00016499999999999848	2.7224999999999494e-08	0.034924881924	-0.00520005	0.0001772799999999993	2.70405200025e-05	3.142819839999974e-08	0.000208095	7.063999999999999e-05	4.3303529025e-08	4.990009599999998e-09	0.000838744	0.0	0.0	7.03491497536e-07	0.0	0.0	0.0	0.0
494.32274470569917	0.7993047716673232	244354.97593337586	0.6388881180101517	755.6185128252538	-0.3772543887041593	0.1423208737965489	570959.3369242483	454.8871310754703	-0.38479735453262265	0.14806900405530488	206922.30201807208	463.09749759081404	472.4790296241224	0.965164	28.957502	0.04581788500000001	0.0195752	0.0182362948	0.034989962400000005	-0.0660568509	-0.033867268799999996	0.029234856899999998	-0.0396157852	-0.1387392736	-0.1407955618	0.0495250021	-0.052038147699999995	-0.0261788035	-0.009496193	0.0004996867	0.1096020376	-0.1064519126	0.0224797181	-0.1526477258	0.036030521499999996	-0.11541012869999999	-0.10029761039999999	0.0079747129	0.011502965	-0.0710809239	-0.08545487060000001	0.055723689400000005	0.030323853900000006	-0.0036879838	0.06221711360000001	-0.0292628871	-0.031722831800000004	0.0567076833	-0.0963871809	-0.21391762420000002	0.056649550099999994	-0.0101401483	-0.1094659977	0.0437981421	-0.0810688159	-0.0983990638	0.12019744339999999	0.0627735659	0.0482963359	-0.0995646511	-0.1897450464	0.133623315	0.040827313500000004	-0.1230763609	-0.09320681199999999	0.0076067847	-0.0696029717	-0.0194159708	-0.1200543389	0.0090273278	0.0374493319	-0.0544110904	0.023592637000000003	-0.0248710592	-0.051368212	0.0317874446	-0.0573037255	-0.06295741690000001	0.0204587065	-0.0712621658	-0.021412632200000004	0.1123822713	-0.0965989174	0.1435315708	0.0589033075	-0.008741036800000001	-0.0418853383	0.0356004798	-0.0654350572	0.10807791	0.131196493	0.0087029792	0.0288620369	0.035116555	0.0468523603	0.1241537699	-0.0043432295	0.0376053538	0.0146073166	0.11730709630000001	-0.0078949908	0.0806151608	-0.08422340539999999	0.028846469500000006	-0.0090024584	-0.0315183354	-0.1161632305	-0.1113808301	-0.0021498835999999998	-0.0686005125	-0.0898982904	0.1034550959	-0.05264883309999999	0.0680597669	0.1628561761	0.024215163199999997	0.0068796092	-0.014536843	0.0049971469	-0.031784517799999995	-0.0575669063	-0.014153041699999999	0.0444505163	0.1231558457	0.0857311252	-0.034900345299999996	0.1011060381	0.0142739176	-0.11061432730000001	-0.0491969053	0.012979953700000001	-0.0570259407	0.0373218508	-0.0043115625	-0.062308330499999995	0.00018393830000000002	-0.06970684099999999	-0.05683361	0.1307665535	-0.0900397574	0.0063039812	-0.0387457637	-0.09530815599999999	0.0776290351	-0.0201220475	0.0340891169	0.0210671152	-0.080088057	-0.05997573110000001	0.0052910511	0.0248409666	-0.104113425	-0.0953320567	-0.1177369682	-0.0492401584	0.016896258100000002	-0.1725624812	-0.0344672757	-0.09251107119999999	0.0049921363	0.1033141918	0.0513499596	0.0261223484	0.0628225278	0.022655581299999998	-0.0638355063	-0.0312753818	0.0093522528	0.1260385841	-0.0857396087	-0.1124446273	0.0690499423	-0.0348987681	-0.0188803993	-0.0047034837	-0.1406340422	-0.0205063597	-0.031530874900000005	0.0213868944	0.028095447000000003	0.0552769633	-0.0111798404	-0.0995928192	0.07270437219999999	-0.033133849300000004	-0.0122163259	-0.0648406	0.005818100000000007	0.00420430340836	3.3850287610000075e-05	0.177456	0.002373000000000014	0.031490631936	5.631129000000066e-06	0.17771999999999996	-0.009162000000000031	8.394224400000057e-05	0.031584398399999984	-0.00546381	-0.00026376000000000004	2.9853219716100006e-05	6.956933760000002e-08	7.28493e-05	-0.0001352457	5.30702051049e-09	1.829139936849e-08	0.000668454	-0.00017029000000000002	2.8998684100000007e-08	4.46830750116e-07	0.0	0.0	0.0	0.0
494.9116622033889	0.5889174976897493	244937.55338492128	0.3468238190851559	755.7801356031969	0.1616227779430801	0.02612192235003818	571203.6133723867	455.3587559539217	0.4716248784513937	0.22243002597429185	207351.5966239032	463.56512217792084	481.4592795022546	0.922939	27.690645	0.062184935	0.0307373	-0.0091109464	0.069781788	-0.09062476230000001	-0.1083286516	0.049893435	-0.042780014000000005	-0.1174062126	0.008762191899999999	-0.0008658015	-0.040974610099999996	-0.024101243199999997	0.0451697939	0.030737047200000006	0.0174716017	-0.14809622460000002	0.0615190251	0.048401593099999994	0.0409351621	0.034930387599999994	-0.11663428640000001	-0.012653280900000001	-0.018371588799999998	0.1379717724	0.1614101833	-0.05549799230000002	-0.0717662647	0.0772541931	0.1305036038	-0.0228880754	0.1650250888	0.1404128051	0.0580460249	-0.0889394926	-0.0391518385	0.1391578922	-0.0332236727	0.1250798498	-0.1290792522	0.0981579309	0.009873541999999999	-0.0109117971	-0.0561107395	-0.0741790345	0.0473175149	0.056811056900000004	0.0412957042	-0.1394835141	-0.0180927055	0.0443883426	-0.09297616859999999	-0.0799395921	0.0319990716	-0.1090133276	0.0528524087	-0.054542953	-0.0877931119	0.0198679951	0.101724002	-0.039397261600000004	-0.1412554118	-0.0007087552	-0.1070532371	0.0327959932	-0.028739064300000002	0.0347518711	-0.0647002771	0.0385394337	-0.0025401249	0.07144360849999999	0.0076354114	0.0213682165	-0.0436133663	0.08226964980000001	-0.0304304542	0.0737494432	-0.0107397783	-0.0619033201	-0.0171231033	-0.1381154503	0.0902500967	0.0369779221	-0.0659439142	0.1024724917	0.0957548112	0.086158082	-0.1383813651	-0.0009459197000000001	0.0741928183	0.0804430674	-0.0029748751	0.0124732803	-0.059475787999999995	0.0789961212	-0.0598736683	-0.05662411780000001	0.1091115577	0.06873945690000001	0.0417166607	-0.012622224599999999	0.1738384084	0.0197765217	0.0332338229	-0.009660621	0.0912780059	0.0036643248	0.0429035729	0.13868011119999998	0.0127317753	-0.0351768333	0.0229901965	0.11783014859999999	0.0440647618	-0.07630294259999999	0.0375935444	-0.0778040414	-0.0496755412	-0.0382011148	0.1556687332	-0.027998507599999996	-0.1385009736	0.107639334	0.0423413588	-0.0446066545	-0.05988849	-0.017007229199999998	-0.0059171946999999996	-0.0119752591	-0.1008022703	0.0195229225	0.0150289621	0.017651033899999998	0.055101491100000004	-0.0057520713	0.057532071799999994	-0.075306474	0.055761856900000004	0.0056801955000000005	-0.026094385499999997	0.1574379335	0.029667161600000002	-0.017510605800000002	-0.0556126281	0.1168833033	-0.0145240308	0.12450794859999999	-0.0391402504	0.08477181939999999	0.1467377012	0.0267461306	0.0870631971	-0.0041705584000000006	-0.0586364904	-0.026434973799999997	-0.0671964473	-0.0753175421	0.0046499059	-0.08030523839999999	-0.0429627167	-0.0842795759	0.0806549591	0.08562927210000001	0.0152863727	-0.026407565299999998	-0.0312626086	0.0982451575	-0.10040872	0.07569553700000001	-0.0389105992	-0.0040797138	-0.059652	0.005188600000000002	0.003558361103999999	2.692156996000001e-05	0.18353	0.006073999999999996	0.0336832609	3.6893475999999955e-05	0.159579	-0.018140999999999963	0.00032909588099999865	0.025465457241	-0.00512703	0.0003367800000000001	2.6286436620900007e-05	1.1342076840000005e-07	0.000221406	0.00014855669999999996	4.902061683599999e-08	2.2069093114889988e-08	0.000838744	0.00017029000000000002	2.8998684100000007e-08	7.03491497536e-07	0.0	0.0	0.0	0.0
494.7864985402028	-0.12516366318612882	244813.6791376741	0.0156659425821707	756.5417319184668	0.7615963152699123	0.5800289474327077	572355.3921341932	456.1675393102945	0.8087833563728282	0.6541305175456972	208088.82392040905	464.3865625054552	477.9801027404667	0.915887	27.479067	0.02762344999999997	0.0137896	-0.0052588187	0.0702638726	-0.0592449669	-0.1206769117	0.0654737174	-0.0352389264	-0.0742316033	-0.016024557	-0.1308721809	0.0261679522	-0.0307906711	-0.020459713	0.0238029691	-0.028361057000000002	0.0712959209	-0.0146271609	-0.0229304006	0.0650856442	0.0631760972	0.08913939679999999	-0.0063026366000000006	-0.0773283015	0.0134859721	-0.0009353008	-0.0598034215	-0.16360336820000002	-0.1400845751	-0.1811362598	-0.0129078759	0.0370423349	-0.046716046799999994	-0.011349615700000001	0.0071600777000000015	0.0478447267	0.022049376800000003	0.23827347	0.0851236287	0.11770915929999999	-0.005969896999999999	-0.0482764362	-0.0479361336	0.054659817	-0.0343412114	-0.0056144602	0.0502898277	0.0379905519	-0.1356222208	0.05243956650000002	-0.006642745500000001	-0.040615771	-0.0191003015	0.0326481728	-0.008528283499999999	-0.0212749272	-0.16957858620000002	-0.022103995699999997	-0.0644963273	-0.0333222196	-0.1343595866	0.066748527	-0.107013409	-0.0405408658	-0.0374249371	-0.055874617599999996	-0.06938915679999999	0.0284833999	0.0452647454	0.0303273757	0.0807400234	0.13486235230000002	0.048951880999999996	-0.0551102493	0.005110733	0.032779387400000005	0.0500965455	0.031343584	0.0340015548	0.031002204300000002	-0.046403397400000004	-0.0285594573	0.0384115834	0.0171192922	0.1710864035	0.0812330057	0.0095590372	0.0389269061	-0.1148990859	-0.0565154679	-0.0364625964	-0.19548082170000008	0.058893297000000004	-0.09991811199999999	0.079284618	0.0202953606	0.021283555200000002	-0.09705432359999999	0.027929967000000003	-0.013674662800000001	0.10714901550000001	-0.0581799854	-0.10703845029999999	0.0099423004	-0.0526355488	-0.0506618289	0.0805337373	0.0377373075	0.1355180768	-0.0626917701	-0.0024768721	0.0076609918	0.0644997195	0.0386969064	0.037152312	-0.0357365545	-0.1366123376	0.027136145299999997	-0.09571140410000001	0.0233270452	0.1496716602	0.0634567137	-0.0016668968	-0.058565577599999995	-0.08686306699999999	-0.0187602061	-0.11480047	-0.014380531200000001	-0.038015540099999995	-0.0031284051	0.0945791028	-0.1176602989	0.004990903	-0.0440431629	0.0139279739	0.059094676799999996	-0.050295541299999996	-0.0825271025	-0.023727449700000004	0.0772626218	-0.004173210399999999	0.027174656000000002	-0.011437756499999998	-0.1043038859	0.0550849787	0.009067575500000001	-0.00703846	0.07097682940000001	0.09813974269999999	0.0039405115000000004	0.025987271200000002	-0.1512755267	-0.0287866488	-0.0799882774	0.0428662257	-0.074785478	0.1423296748	0.12817974810000002	0.033326679500000005	-0.0767314133	-0.0703249835	0.0150704152	0.0009773579	0.12032698550000001	0.0081077658	-0.0293027722	-0.12745412609999998	-0.10118951	0.07858083469999999	-0.044564922	0.0040797138	-0.056796300000000015	0.0028556999999999892	0.0032258196936900013	8.155022489999936e-06	0.191846	0.00831600000000002	0.036804887716	6.915585600000029e-05	0.167274	0.0076950000000000065	5.921302500000011e-05	0.027980591076	-0.00526089	-0.0001338599999999995	2.76769635921e-05	1.7918499599999873e-08	0.000180131	-4.127499999999999e-05	3.2447177160999985e-08	1.7036256249999989e-09	0.000838744	0.0	0.0	7.03491497536e-07	0.0	0.0	0.0	0.0
495.40544813858946	0.6189495983866777	245426.55804539673	0.3830986053430296	754.5583427631094	-1.983389155357372	3.9338325415892297	569358.2926334101	456.1907632626425	0.023223952348018884	0.0005393519626630519	208110.01248615235	464.3673608967435	480.9330329566421	0.9553370000000002	28.662689	0.05431644849999995	0.029636400000000007	-0.0140852986	0.0979769812	-0.0133671954	-0.047218944900000004	0.0332141609	0.025451040499999997	-0.0688500944	-0.1244508914	-0.031262002000000004	0.1026179997	0.0070488025	0.0236282302	0.037403974799999996	0.089818257	0.0848870209	-0.0741324268	0.0373519602	-0.0110775582	-0.0047258696999999995	0.0822041939	-0.0704794983	-0.050074579699999996	0.022142028799999998	-0.0624070025	0.0730636115	0.117174902	0.09131851220000001	-0.0440697103	0.0541168958	0.0194711331	-0.0042876979999999995	0.1009410864	-0.0225265728	-0.015217455900000001	-0.11276757779999999	0.1142069009	0.0298646663	0.038939281	-0.0872564698	-0.0325586228	0.0904298259	-0.11469687560000001	0.1192248977	0.0916891941	0.0688386062	0.0231061789	-0.12662775980000002	0.027408360299999997	0.0067516239	-0.0833722947	0.0113618903	-0.0824319929	0.0369992416	0.0580111992	-0.043539433899999994	-0.1813407427	0.016770261499999998	-0.014143840100000001	-0.003119652	0.0093629188	-0.0661519601	0.05455364150000002	-0.0170032058	-0.06472380700000001	0.0858218775	-0.0855330511	-0.0068359303	-0.06668866309999999	-0.0636308757	0.0533316587	-0.0635210812	-0.053174506100000005	-0.1222125725	0.021295590299999997	-0.0410665623	0.015974084	0.1299538131	-0.0382940903	0.0542534972	-0.0118715396	0.018066313	-0.1868278709	0.0395124476	-0.08391169999999999	-0.1391737188	0.0001406235	-0.0594188249	0.0757771653	0.0051255324	-0.1160603639	0.0452949452	-0.068315073	0.0264227712	-0.024344154700000002	-0.037387032599999995	-0.1601174363	-0.0082780407	0.0474393767	0.029444770699999998	-0.0075762771	-0.0781963783	0.034467902	0.015513726200000001	-0.1374662669	-0.10098442099999999	0.0252595148	0.1209969987	-0.0373028122	-0.031825361600000004	0.1100600348	-0.0047356598	-0.0869916131	0.015172498100000001	0.0195738779	-0.0699032674	-0.1640376113	-0.08670415869999999	-0.0032391099	-0.0169605125	0.0021653461	-0.09796027980000001	0.08852134960000001	-0.0352678378	-0.0258217289	0.0002511157	-0.041941721099999996	0.0482242769	-0.050645846200000004	-0.11310904349999999	-0.052476368200000005	0.0406651163	-0.07018246730000001	0.0411014084	-0.0671902113	0.099841884	-0.0575091009	0.050191273499999994	0.1269284024	-0.0255171552	-0.0805308979	-0.027279477599999997	-0.0747443254	0.029809271800000002	-0.141990736	-0.022958896	0.154885445	0.0663714659	-0.1431163813	-0.0648426416	0.06903432030000001	-0.0802746506	-0.0503895626	-0.0102570066	0.000571727	0.1301880458	0.0904525678	-0.07381816599999999	0.017352521699999998	-0.0490649536	0.015269439099999999	0.040582701	-0.0109070898	-0.0926738179	0.0995425518	-0.06743983860000001	-0.1019349164	0.08135623	-0.0500790271	0.0122163259	-0.0822079	-0.025411599999999996	0.00675813882241	0.0006457494145599998	0.187101	-0.004745000000000027	0.035006784200999994	2.2515025000000256e-05	0.180243	0.012969000000000008	0.0001681949610000002	0.032487539049000015	-0.00522022	4.0669999999999595e-05	2.7250696848400006e-05	1.654048899999967e-09	-3.01597e-06	-0.00018314697	9.0960750409e-12	3.35428126201809e-08	0.000838744	0.0	0.0	7.03491497536e-07	0.0	0.0	0.0	0.0
495.39492479292886	-0.010523345660601535	245416.13151059163	0.00011074080389250118	756.501853303537	1.94351054042761	3.777233220753221	572295.0540516862	456.1280316526525	-0.06273160999000993	0.003935254891938714	208052.7812593232	464.3065447898674	486.9309009766327	0.980186	29.408205	0.06189339849999996	0.0295686	-0.0197781237	0.1173872862	-0.0755149987	-0.1058410004	0.0433229007	-0.0729735651	-0.1444130767	0.0317144033	-0.0040744697	0.0366282919	-0.0860748183	0.0709805928	0.0886699008	0.05819789	0.0211486782	-0.1358987769	-0.0342111256	0.0299715115	0.0843391909	0.0475370813	-0.0499285484	0.0075586014	-0.013232390600000001	0.0051251158	0.1405341416	-0.0181446172	0.0464138282	-0.1420186331	-0.032021929500000004	0.0277429749	0.0741538425	0.10140222869999999	0.020552441499999997	-0.0753640205	0.0097476855	-0.0670534307	0.05926148940000001	-0.1383164413	-0.0775832127	-0.09243461609999999	0.0489691973	0.1142201464	0.0956983241	-0.0230097311	-0.013867503799999998	0.0438124399	-0.16090197720000002	0.0148194137	-0.019757117299999998	-0.048966910999999995	-0.0359100574	-0.1143678274	-0.1409209552	0.0144689558	-0.0502886531	-0.0397076223	0.01248032	0.0545752466	-0.0097043797	0.0602196376	-0.0156590247	0.0054082939000000005	0.05600513	0.0704448352	-0.0809523506	0.0821515647	-0.0024000934	-0.0664040806	-0.0984865725	0.0562521971	0.1390803932	-0.0001235997	-0.0836379465	0.1119851622	0.039974012999999996	-0.08657455789999999	0.037710913799999995	0.0159889069	0.1168257866	-0.0601974979	-0.0907372752	0.030168745499999997	0.0279304556	-0.0112198479	0.0170311143	-0.071390368	0.0367766801	0.0309984437	0.1490959972	-0.0023183977	0.0778378253	0.2096734385	0.0156082604	0.0494292643	-0.1087005834	0.0875182319	0.0235952223	-0.016898183799999997	-0.0292119044	-0.0808374063	0.0003868557	0.1009352225	-0.0493227734	-0.0320261512	-0.026284505	0.0449681822	0.1586773726	-0.0166057147	0.0080601211	0.049395370999999993	0.013282301399999998	-0.0186227972	-0.1637132923	-0.022161821	-0.0909445205	-0.0280748698	-0.0194847433	0.036566914	-0.006800932900000001	0.0446975014	0.012027644099999998	-0.1202992909	0.0171003201	-0.0139601213	0.015267855	0.0406137699	-0.0093920268	0.0516857967	0.0627412478	-0.0572476541	0.0485288771	-0.22135631890000002	0.0490445734	0.0203787286	-0.055993054	0.0322922778	-0.0022980112	0.0212647291	-0.19308028	-0.018890421799999998	-0.053216422400000005	-0.0725241788	0.017977873000000002	0.0633720534	0.0233083689	0.0019578382	0.0180624616	0.0368693073	-0.0096059621	0.0768637185	-0.0234812798	-0.1149011421	-0.16403636359999998	0.11923423300000001	-0.0790273458	-0.05223436769999999	0.047904338	-0.0209392591	0.0704530565	-0.0482516691	0.011916663300000001	-0.10036466320000001	0.035788472	0.036797206299999996	-0.1670957118	-0.1026446782	0.0840178413	-0.055435565	0.0202846193	-0.07402849999999997	0.008179400000000031	0.005480218812249996	6.690258436000051e-05	0.176029	-0.011072	0.030986208841	0.00012258918399999996	0.159721	-0.02052200000000001	0.0004211524840000005	0.025510797840999997	-0.00552524	-0.0003050199999999996	3.05282770576e-05	9.303720039999977e-08	0.000134364	0.00013737997	1.8053684496e-08	1.88732561572009e-08	0.000838744	0.0	0.0	7.03491497536e-07	0.0	0.0	0.0	0.0
494.5471046027224	-0.8478201902064484	244576.8386709361	0.7187990749216984	755.7770404126117	-0.7248128909253637	0.5253537268515832	571198.9348148464	455.94519619630114	-0.18283545635136988	0.03342880409921368	207886.02193448355	464.18618783780863	480.4016310025664	1.1026280000000002	33.081787	0.061288400000000014	0.0336941	4.57608e-05	0.07926302519999999	-0.0591258234	-0.0736192687	0.0177496575	-0.0534987305	-0.06396481	-0.0174170832	-0.0707670925	-0.0180211939	-0.0309376544	0.0235277767	-0.0227556441	-0.0503312972	-5.60476e-05	-0.0504132132	-0.0010200133	0.079974333	-0.0707302396	0.061888535999999994	0.10005047339999999	0.0305960906	-0.0338937795	-0.0667522191	-0.0875936901	-0.0704196251	-0.08430721349999999	0.0908416783	0.0902235985	-0.0899120787	-0.0270736781	-0.0920389049	-0.037896791	0.0528780333	-0.061601745199999995	-0.064422149	0.0182853907	-0.0733769999	-0.021439820800000002	-0.0285358444	-0.1087081456	-0.0193964872	0.0270080407	0.13215408380000002	0.0422954634	0.0255212498	-0.1305591016	0.0396511104	0.014200983799999999	-0.0351513293	-0.0764844225	0.0281600027	-0.030493507599999997	-0.0002436986	-0.0420093637	-0.185916033	0.029221464	-0.1405400071	-0.06970239339999999	-0.09074182060000001	-0.07277509730000001	-0.0143749681	0.18810701600000002	0.060404212400000004	-0.040448833	0.0350607654	-0.1514064581	-0.07324108309999999	-0.122769635	0.0428958024	0.05737094440000001	0.021769297000000003	-0.0019092376	0.004894493	-0.0513340325	-0.0576567013	0.0967536948	-0.11920922460000001	-0.0235608101	-0.013024976399999999	-0.0183638687	-0.0268234873	0.0277450602	-0.0873168011	-0.053218279699999996	0.0978470224	0.018852424099999997	-0.0651399513	0.1409162186	-0.0047920064	-0.0036946315	-0.1551789676	-0.0675438037	-0.0610784171	-0.03823352	0.1002081006	-0.0587901674	0.1655996225	-0.20907153879999998	-0.108795777	-0.0157881721	-0.09141890300000001	-0.0228506545	0.025116292400000004	0.12133199830000001	0.0293656366	0.1294706339	-0.0438340468	-7.724899999999999e-05	-0.0303244092	0.1054086407	0.0073192279	-0.0119146464	-0.0236065733	-0.052735850199999997	-0.1894853372	-0.04256424	-0.059565210199999996	0.0915384259	-0.1065462333	-0.0123481102	-0.0948073197	0.023664775099999997	-0.1512354419	0.0855745857	0.1637976274	0.030116245	0.0254795077	-0.0085222788	0.013906283799999999	-0.0388067336	-0.0809204411	-0.059219067599999994	-0.0354797887	0.0505554558	0.028762044900000002	0.0404111916	0.1276431442	-0.0570484305	-0.0368024832	-0.09191664849999999	0.055139969299999994	0.0396471822	0.0001758573	-0.023060402200000003	-0.0083851229	-0.043376389	-0.1459961427	0.1514848307	0.0464391496	-0.0810592264	0.0735513983	-0.0772406403	-0.039759025499999996	-0.0530080317	0.20583012879999998	0.027765652000000002	-0.055395042400000004	-0.1232112038	-0.1444945845	-0.10718071800000001	-0.1087761641	0.0834553566	-0.0964561924	0.0765832026	-0.1033185475	0.0865619461	-0.0606176821	0.028239472999999998	-0.0553321	0.018696399999999967	0.00306164129041	0.0003495553729599988	0.185075	0.009045999999999998	0.034252755625	8.183011599999998e-05	0.173776	0.014054999999999984	0.00019754302499999955	0.030198098175999995	-0.00552147	3.7700000000001617e-06	3.0486630960899995e-05	1.4212900000001222e-11	-0.000251686	-0.00038605	6.334584259599999e-08	1.4903460249999995e-07	0.000838744	0.0	0.0	7.03491497536e-07	0.0	0.0	0.0	0.0
492.7960320394442	-1.7510725632782282	242847.9291938209	3.0662551218657845	754.9120916465007	-0.8649487661109561	0.7481363679968653	569892.2661140946	454.8245554260882	-1.1206407702129582	1.2558357358634922	206865.3762185388	463.12474722409934	480.21413866881295	1.5642280000000002	46.931034	0.9903191	0.512997	-0.10378240080000001	-0.0755988143	0.0838932183	0.1104934543	-0.0652529896	0.0385195426	0.2320804141	-0.0696458538	-0.033789818	-0.033578032599999995	0.0028385615	0.040790466000000004	-0.1400219325	-0.09767409810000001	0.011523543300000001	0.011395223999999999	0.1529153666	-0.0902883493	0.0422284785	0.09937308710000001	-0.007619256899999999	0.10431212349999999	0.0800892228	0.0602801561	0.09552234189999999	-0.048308457	0.11331507980000001	0.0449917179	-0.0934620227	-0.0019564001999999997	-0.0933759084	0.0066996829	0.0258624401	0.1398130885	-0.11151475	0.0112398251	-0.0286616144	0.0037739066	0.0074587755000000006	0.06524029519999999	-0.1293018433	0.001006339	0.0324096255	0.056920223	-0.0274604869	-0.0994788018	0.164658419	0.08861252039999999	0.0975297676	0.0289742675	0.0236694217	0.0275610917	-0.0061732283999999995	0.093916074	0.0731165656	-0.0647613492	0.022996571299999997	-0.030050443599999997	-0.2025750962	-0.0499092924	-0.0943470272	-0.112509786	0.1197041868	0.0746546999	-0.055424199699999996	-0.07382468980000001	-0.1428995834	0.060221025	0.033767788	-0.0860443261	0.034497869199999996	0.0340582845	-0.1378144032	0.1065257676	-0.0668867553	0.0856935933	-0.0029807919	-0.0762979126	0.0399873865	-0.032615524	-0.0401248996	0.07283232719999999	0.011476060500000001	0.0890743058	0.1025113691	0.07407281219999999	0.0423726678	0.008403854300000001	0.0756344141	0.036418238	0.0655884105	-0.1526895131	0.054959939900000004	-0.1245962294	0.2022679643	0.10573136359999999	-0.0206786542	-0.0526982332	0.08419909539999999	0.043589967800000004	0.0124250927	-0.047732347800000005	-0.0339002431	-0.0098109488	-0.16422559009999999	-0.1019943698	-0.17037640140000002	-0.0871316092	-0.0879336067	-0.0315271223	-0.0419318266	0.0103620421	0.0175171043	0.1426141898	0.0217922905	-0.0820949131	0.0359767794	0.0602790245	0.19940255140000002	-0.0913275658	0.082635908	-0.0466917876	-0.0742215997	-0.10375550830000001	0.0502169795	0.1179077992	0.16207325109999998	0.0344943117	0.17241989559999998	0.0276187748	0.1313312371	-0.0031007576	0.036996047000000004	-0.1033034523	0.114178843	0.0042161964	0.0133910991	0.023334900699999998	-0.0726547468	0.0233918903	0.0222040823	0.0100372818	-0.059950715999999994	0.0389904941	0.1092925909	-0.0586232891	-0.0377706039	0.0210880273	0.21537166359999999	-0.0329034624	0.0196764037	0.07961878900000001	0.1630838694	-0.11370959380000001	-0.0247605934	-0.0472074522	-0.0013408168	0.050585619299999995	0.012613160600000001	0.0571080738	0.0767019072	0.0839259151	0.0715779346	0.0832454277	-0.09568025050000001	-0.10395628859999999	0.0889849861	-0.06560907349999999	0.0360364	-0.033176	0.0221561	0.0011006469759999998	0.0004908927672100002	0.33088	0.14580500000000002	0.10948157439999999	0.02125909802500001	0.370118	0.196342	0.038550180964000015	0.136987333924	-0.013808700000000002	-0.008287230000000003	0.00019068019569000005	6.867818107290005e-05	0.0018988	0.002150486	3.6054414400000002e-06	4.6245900361960005e-06	-0.00124386	-0.002082604	4.337239420816e-06	1.5471876996000004e-06	0.0	0.0	0.0	1.0
493.69127683229993	0.895244792855749	243731.0768203066	0.8014632391353329	753.2104545500557	-1.7016370964449834	2.895568807997713	567325.9888435014	454.5277482109156	-0.2968072151725778	0.0880945229785009	206595.4738936855	462.80073164034377	480.7414492029807	1.208757	36.265949	0.35526305	0.159253	-0.0795374999	-0.0397815817	0.11569033109999999	0.0196653784	-0.0698484842	0.0876169602	0.1419509401	0.0827796678	0.09515880380000001	0.0270857918	-0.0591639597	-0.0501942903	0.0344476867	-0.0534042768	0.050735645999999995	-0.06774220110000001	-0.0790766222	0.0183742776	-0.0043814363	0.0143623906	-0.13102124310000002	0.11146331039999999	0.011031388500000001	-0.1235131708	0.062778136	-0.064586482	-0.1465983864	0.184404227	-0.0222136104	0.0749102787	-0.15156818589999999	-0.0495730312	-0.1334049478	0.024449140699999997	0.024497832	-0.0282598502	-0.0147444742	0.0184677998	0.08706066679999999	-0.0646608914	0.00032226549999999997	-0.0084976554	0.09457160960000001	-0.0411181091	0.1082823158	-0.050321173	0.1670858708	0.0478675138	0.012760118999999999	0.0392590834	0.0981528958	0.0910582752	-0.0071672861	-0.0317662075	0.0807977243	-0.0455573432	0.0799725514	0.1304175274	-0.0752376629	0.029849446600000006	0.0378565633	0.0424736832	-0.0646856584	0.048032088	0.0709399198	-0.012060301499999999	0.0603407255	0.0688129308	0.08271836769999999	-0.0198649878	0.0571390809	-0.00029410119999999997	0.0164536425	0.099101967	0.09525952689999999	-0.0822116993	0.0790033821	0.1319447446	-0.0499812302	0.1082844734	0.0554440221	0.0231594615	-0.0675447555	0.08090577410000001	-0.0938641235	-0.0378877691	0.0460704373	-0.0520965107	0.046426346900000005	-0.0094293636	-0.0198657362	-0.024211680699999998	-0.0148709996	0.0021474271	-0.0332366592	-0.0631994532	-0.0150922548	0.0600847701	-0.0657528209	0.0512633965	-0.0732565619	0.0192595778	-0.0190035022	0.0557951047	-0.0797733342	-0.052293843799999996	-0.17068006370000002	-0.034468709300000004	-0.004022271	-0.028926078900000006	-0.0734773145	0.1149378318	0.0099064431	0.0060192075	0.10227754160000001	-0.0636645497	0.0103623394	0.1561940134	-0.025303075499999998	0.0162020728	-0.0283988879	0.0310799215	0.0088933286	0.11853085039999996	0.020592460700000002	-0.0904795359	-0.0456455638	0.018123760200000002	0.0424727497	0.0207351172	0.0263915252	0.0136426505	-0.0611242251	0.0062383295	-0.0856138237	0.0356811608	-0.24441477329999997	0.0955030755	0.0133349811	-0.028426441400000002	0.024967297200000002	-0.0387705971	0.0042173029999999995	-0.0582487571	-0.0191281594	-0.1294173647	-0.0161337682	-0.0220867743	-0.0251434567	0.0025824122	-0.0784741223	-0.0271847846	-0.0399841688	-0.0564820197	0.0732307539	-0.024429519700000003	0.0255970108	-0.0825925072	-0.0447320058	-0.004975757	0.049185647	0.002615245	-0.0310884232	0.0650356178	0.012004689099999999	-0.10455767839999999	0.0912835726	-0.07039403450000001	0.043631796900000006	-0.112614	-0.07943800000000001	0.012681912996	0.006310395844000003	0.358139	0.027258999999999974	0.12826354332099998	0.0007430530809999987	0.4138810000000001	0.04376300000000005	0.0019152001690000047	0.17129748216100005	-0.0115975	0.0022112000000000017	0.00013450200625	4.889405440000007e-06	0.000612789	-0.001286011	3.75510358521e-07	1.6538242921210003e-06	-0.00064501	0.0005988500000000001	3.586213225000001e-07	4.160379001e-07	0.0	0.0	0.0	0.0
493.18218875991784	-0.5090880723821556	243228.6713100232	0.2591706654417789	753.4633630213416	0.2529084712858776	0.06396269484815956	567707.0394154299	454.34056003577865	-0.18718817513695285	0.03503941291110253	206425.344493625	462.64637211484046	482.7100583781434	0.983943	29.520947	0.12429105000000006	0.07322589999999997	-0.088155395	-0.0354491589	0.1041511105	0.0789626947	-0.0773636881	0.0844097309	0.105108299	-0.059096110300000004	0.0017724883	-0.0367435126	0.0186385294	-0.0241381916	0.1534150078	-0.0551869513	-0.0499200675	0.0112002819	0.1165887005	-0.0489732726	0.0631181584	0.033074791299999996	-0.09260743140000001	0.029582949	0.0484966534	-0.028422484700000007	-0.10721496529999999	0.1559804365	-0.0885573988	-0.1096677749	-0.005943271500000001	-0.0044055833	-0.0059678561	8.98359e-05	0.07145197219999999	-0.0183877026	0.0679408836	0.0092522046	0.09209270380000001	-0.0145156048	0.0860587553	-0.14703714539999999	0.0361037423	0.023545403700000002	0.0732839415	0.08373643509999999	0.0158335203	-0.0373506094	0.1401979558	0.011509398	0.0247237856	0.0979955592	0.09355642980000001	-0.0154573884	0.05993202490000001	0.0082085818	0.1045984519	-0.0313641584	0.1706914963	0.0291872346	-0.08805123949999999	0.05761917530000001	0.024553144	-0.023381323500000002	0.007092041600000001	0.0386917741	-0.0960875787	-0.0489236433	0.0610840617	-0.06387705860000001	-0.0149807213	-0.007667704	0.0665917917	0.0060068108	0.024728955099999998	-0.0089588077	0.0274609431	0.0831277286	-0.032894475699999995	0.0386040451	-0.047404215	-0.0170362581	0.0350807587	-0.052314738799999996	0.0241761095	0.0552867946	0.0095030732	0.13327605039999998	-0.012017571000000001	-0.0161014495	-0.0295639208	-0.0260905241	-0.0921358942	-0.023723772999999997	0.0221647375	-0.0733088913	-0.0166656372	-0.013523395700000001	0.1317445019	0.0322034987	0.0521482062	-0.0428731512	-0.038128992	-0.0513082868	0.049319313200000006	0.0668879453	0.043170391399999994	-0.0407067697	-0.143358087	-0.007195480600000002	-0.0205349035	-0.029775664700000006	-0.1378747734	0.0040916849	0.0709825702	0.0032625176	0.0788004459	-0.1332758756	0.1184099965	0.1003528149	0.0727716794	0.0303963795	0.019580984	-0.1051855116	0.0163297432	0.0661325475	-0.025182992799999998	-0.007168674399999998	0.04441157019999999	-0.0339703752	-0.0352350956	0.013238726200000002	0.0131821704	-0.079963127	-0.0267479212	0.030335195899999997	-0.051629870599999995	-0.0901078742	-0.023493192200000002	-0.0203938133	0.028199376499999998	0.041664997599999996	0.0462930041	0.0849674142	-0.02511857	-0.0071274597999999995	0.0720509442	0.0291485652	0.0372153231	-0.0353147321	0.0129746669	-0.029531219100000002	0.1254073809	-0.012756835900000001	-0.0637165413	-0.0640217478	0.0328890706	0.0302505679	-0.024602634900000003	0.047219216900000006	-0.0867473307	0.0252094142	-0.0359517498	0.09487926619999999	0.0209950796	0.0015661885	0.0592092487	-0.1051225066	0.0934544907	-0.0749575099	0.0509831871	-0.109955	0.002659000000000009	0.012090102025	7.0702810000000445e-06	0.351473	-0.006666000000000004	0.123533269729	4.4435556000000066e-05	0.442385	0.028503999999999974	0.0008124780159999986	0.19570448822500006	-0.0127731	-0.0011756000000000006	0.00016315208361	1.3820353600000015e-06	0.00102507	0.0004122810000000001	1.0507685049000003e-06	1.699756229610001e-07	-0.00078637	-0.00014136	1.99826496e-08	6.183777769e-07	0.0	0.0	0.0	0.0
492.4222255399125	-0.7599632200052611	242479.6482056805	0.5775440957607648	753.4069767232918	-0.05638629804980155	0.003179414607761055	567622.0725753307	454.09134207338735	-0.2492179623912989	0.062109592778470876	206198.94694601008	462.2300883741513	481.04831666504606	0.979304	29.381744	0.14381310000000005	0.08783449999999997	-0.0550049927	-0.022393092599999997	0.0837847669	0.0386955805	-0.038355154700000005	0.0622008201	0.08398519199999999	0.12828743210000002	0.0139688598	-0.1013794537	0.05404221519999999	-0.010641071399999999	-0.01234194	-0.042125017199999996	-0.013480609099999999	0.027735294700000003	0.022821988799999998	-0.025357936600000002	0.1053577627	-0.0175460786	0.020527658600000002	0.1604981207	0.056358144299999996	-0.0258323954	0.11481379189999999	-0.051620629	0.034961967999999996	-0.0146562575	-0.0300186626	0.1337701214	0.046435660700000006	0.0668779426	0.06380614700000001	0.0534881519	0.041376083	-0.0720009379	0.09045756890000001	-0.0683884518	0.0702641827	-0.027378887799999998	0.1011791023	-0.0678221544	-0.12456760789999999	0.0259336757	0.0752770034	-0.0619822509	0.1244379371	0.0168527988	-0.0009600016	0.1155720925	0.062237294299999996	0.0504253364	-0.0952704575	0.0424865	0.1050767523	0.115300184	0.1180772238	0.0452688953	-0.0380037868	0.0003936627	0.045943709699999995	-0.035577771800000005	-0.059028759699999996	0.0078603032	0.0569150812	0.009386385799999999	0.0661046642	0.0012637332	-0.09490871740000001	0.0129237108	0.1477598692	0.0153129625	-0.0543990637	0.0325327752	0.10439444460000001	-0.040074434	0.08678267490000001	0.061454001200000004	-0.10369152300000001	-0.001184357	-0.0517987172	-0.10743936609999999	0.1060978409	0.019111087	0.036115992	-0.066857178	0.0129307381	-0.0104890417	0.02679324	-0.12749647	0.024003751299999997	-0.059033845599999996	0.021261852	-0.024303433	0.0456215947	-0.0176689471	0.0171144547	-0.022829796099999997	0.0177594367	-0.1160621808	0.0493492371	-0.0832639377	-0.06876110860000001	-0.0501476308	0.07039511059999999	-0.062782671	-0.125145562	-0.0022208535000000002	0.0118101282	-0.075926765	-0.1063272359	0.0954807184	-0.0699446504	0.0736409407	0.0698481162	0.0429842946	0.1597759014	0.0771890933	0.0049827239	-0.005767444	0.0002692325	0.0536588704	-0.0471458899	0.0661675455	-0.0200187779	-0.0269578887	-0.0163169394	0.027328809199999998	0.0002456494	-0.024797480499999996	0.0183757552	-0.1326858459	-0.0576814628	0.04732177059999999	-0.1237014817	-0.0335036963	-0.0166708525	0.0665514333	-0.0250395989	0.017508743	-0.1557357747	-0.0390919407	0.1214112256	-0.035699541200000004	0.08008799559999999	0.0142788221	0.0051358819	0.009449105400000001	-0.023751130099999997	0.012647843999999998	0.0161876705	-0.051948419800000006	0.025821726200000002	-0.0525074669	0.0910012708	0.0778771998	-0.0210833686	0.0044657994	-0.014669698899999997	-0.0149452971	-0.0866270557	0.0640913283	0.0566265617	-0.09215253720000001	-0.0194657781	-0.1056505759	0.0954947043	-0.0792851412	0.05804945860000001	-0.112602	-0.002646999999999997	0.012679210403999998	7.0066089999999835e-06	0.352155	0.0006820000000000159	0.124013144025	4.6512400000002173e-07	0.402116	-0.040269000000000055	0.0016215923610000045	0.161697277456	-0.0113936	0.0013795000000000005	0.00012981412096	1.903020250000001e-06	0.000589641	-0.00043542900000000014	3.47676508881e-07	1.8959841404100007e-07	-0.0005969969999999999	0.00018937300000000009	3.586213312900002e-08	3.5640541800899994e-07	0.0	0.0	0.0	0.0
490.86759724541633	-1.5546282944961831	240950.99802548825	2.416869134048111	753.3703727302852	-0.03660399300656536	0.0013398523040246855	567566.9185077689	453.9574569805778	-0.1338850928095212	0.01792521807661411	206077.3727482732	462.27166322687447	469.7414528853108	0.987267	29.620671999999995	0.07231390000000003	0.0381449	-0.0086225559	-0.07586718	0.0703475295	-0.0252534433	-0.0599643914	0.0604751794	0.0390383895	0.0651653003	-0.0283686174	-0.09934435900000001	0.066139756	-0.023520947099999998	0.1284726415	-0.0164567576	-0.0688626879	-0.0515239905	-0.0891187527	-0.0420035251	-0.0670631785	0.0031053582	-0.0167871345	0.0269888371	0.1280653944	-0.011757662299999999	-0.0384195297	0.024884530699999997	-0.07374607849999999	-0.0427213628	0.0252214864	-0.0367954637	0.0331506557	-0.09805381939999999	-0.1829097268	-0.10365194369999996	-0.0094489602	-0.0281090817	-0.0407780626	-0.0754141143	-0.0029871067	0.057762337300000015	-0.0220842551	0.1049399833	-0.0835983519	-0.023467656899999998	-0.0055021591	-0.0468574074	0.1203781251	-0.010898853200000001	-0.0188567078	0.1230941193	0.0446593308	0.1271938144	-0.0486066985	-0.0232680576	0.0081753023	-0.0109808128	0.129464035	-0.055762233700000004	-0.0345967125	0.0372530983	-0.053070595199999994	0.0300536593	-0.022399571099999998	-0.0140537472	0.0175076521	-0.09059644039999999	-0.0720254895	0.0147543188	0.0059063588	0.0905748591	0.1447934218	-0.073714418	-0.0857970002	-0.0155840246	0.0195611857	-0.0834983189	0.0244216183	0.072374495	-0.0837846577	0.0577016416	-0.0280661141	-0.0185540278	0.012775705600000001	-0.10959280380000001	-0.0491091626	-0.0893764312	0.0470998237	0.0228908089	0.0286668819	0.025774324100000003	-0.0649283727	-0.011471411	-0.0686775594	0.049323706200000005	-0.030276241000000002	-0.1029228602	-0.1473975975	-0.047637485300000004	-0.0216083304	0.0249223194	0.027474062799999997	0.060661615599999996	-0.0126327854	0.0134217366	0.0561353627	-0.046954458600000006	-0.1151066959	0.0173357684	0.058747160199999995	-0.12232738189999999	-0.0463021548	0.1273986126	0.0508348159	-0.0009349531	0.0116783228	-0.08048101790000001	0.1118715531	-0.0033054061	0.039371230699999996	0.004909385	-0.0832769921	0.0266405577	0.0022220309	-0.007204677	-0.0708938589	0.057313144800000014	0.0300301499	-0.0448269571	0.05642785230000001	-0.023320933399999997	0.0755469998	-0.0759194268	-0.1017310884	0.0714650904	0.006680513000000001	0.0417332026	-0.0989032398	0.057187897	0.0314656272	-0.0020089056	-0.1267212187	-0.0183573931	0.0748438156	-0.0415793705	-0.0928071941	0.0066380896	-0.0560787488	-0.0302546227	-0.1035697577	0.0681853231	-0.121421465	0.0581732687	0.0190827453	0.054019980999999995	-0.0533921938	0.0216627338	-0.0867858081	-0.066575688	0.0886973683	-0.013381823999999999	-0.0465023861	-0.031983834100000004	-0.0154547862	-0.0688952184	-0.09585907460000001	-0.10614170140000001	0.0974013599	-0.0833633121	0.06479109400000001	-0.13155900000000004	-0.018957000000000043	0.01730777048100001	0.0003593678490000016	0.345566	-0.0065890000000000115	0.119415860356	4.341492100000015e-05	0.40173	-0.000385999999999942	1.4899599999995518e-07	0.16138699290000005	-0.0108314	0.0005622000000000004	0.00011731922595999998	3.1606884000000055e-07	0.00076733	0.00017768899999999994	5.887953289e-07	3.1573380720999986e-08	-0.000784746	-0.00018774900000000008	3.5249687001000026e-08	6.15826284516e-07	0.0	0.0	0.0	0.0
490.003771986778	-0.8638252586383146	240103.69656127036	0.7461940774615511	753.7589761511348	0.38860342084956295	0.1510126186959826	568152.5941284071	453.63820561609697	-0.3192513644808628	0.1019214337228927	205787.62159459226	461.99752160821055	458.5060079662242	0.971276	29.140877000000003	0.10005540000000007	0.0554404	0.0089532995	-0.1259170694	0.090837436	0.0068390354	-0.0389314568	0.0581587436	0.0907171246	-0.0073270552	0.0169453946	-0.012433392199999999	0.06656982339999999	-0.05360276889999999	0.0499828904	0.0322960164	-0.1326040791	-0.005972344300000001	0.0173093564	-0.0190048471	0.0209157174	0.0070284839	-0.04395491519999999	0.0022664897	-0.029642385299999997	0.0746765836	0.0185015495	-0.0147889396	0.0174374481	-0.1649070026	-0.04043311	0.0216196952	-0.06803756429999999	-0.0703847005	0.0520204204	0.0227547855	0.0045386484	0.092854115	-0.0416965243	0.0777803982	-0.0432384608	-0.09330409949999999	0.050148460199999995	-0.0328839494	-0.1488223508	0.037503686099999996	-0.022473633599999997	-0.0389776248	0.13892887539999998	-0.0347471636	-0.0165947439	0.0521542924	0.081839278	0.0377486662	0.09494080810000001	0.054029539800000005	0.08404327	0.038460496600000005	0.1209841753	-0.0017688787	-0.005975598100000001	-0.030535184	0.0716364841	0.0669390319	-0.0466731488	-0.039895182200000004	-0.0369316377	0.025874645800000002	0.0053411904	0.0106418306	0.0003691506	0.0348430661	0.0617203452	-0.0261270175	0.0315569588	-0.042588416799999994	0.046286817800000005	-0.0556981321	-0.0345043239	-0.0052787651	0.0535522951	0.0359355737	-0.023254882999999997	0.025547486499999997	0.0448235971	-0.0080161849	0.1258008264	-0.0691338631	-0.0135189914	-0.007280462	-0.09589725789999999	0.066208143	0.1345774499	0.0225384354	0.0195283365	0.14637611650000001	-0.1057936559	-0.033130408	0.0766426109	0.016268535	-0.035866324399999996	0.035144962099999996	0.028615309300000006	0.12283158849999999	-0.0004567341	0.0174085151	0.140328615	-0.043353549500000005	-0.1364214369	0.035828756499999996	0.0266764428	-4.08631e-05	-0.08581327429999999	-0.0090423309	0.1051931074	0.0675163125	0.07461075889999999	-0.025633331800000003	0.1104558859	0.0290706219	-0.0329678383	-0.0530138858	-0.0416937214	0.0071925951	0.0925819157	0.0491273617	-0.0803072613	0.013338178300000001	-0.058447374800000014	0.024703965	0.0292910616	0.0001253949	0.0085083633	-0.00021793970000000002	-0.0454759091	0.0406959331	-0.0213939143	0.0414864978	0.0559893408	0.013171597	-0.026252065499999998	-0.060031996799999994	0.034930949100000004	-0.0232404827	-0.008992996	0.1028657101	0.0053051083	0.0423669489	-0.0700434576	0.18579007960000002	-0.10273787699999999	-0.0157742897	-0.0123803551	-0.074806896	0.054477874	0.12042868949999999	-0.0234392858	0.026002812900000002	0.0533333575	-0.0592992878	-0.0533557126	0.10891843359999999	-0.061525122599999996	-0.0579028806	-0.0408420025	-0.1669661251	-0.1085973407	-0.1065957114	0.0991717909	-0.08717919119999999	0.07117039139999999	-0.11287	0.01868900000000004	0.0127396369	0.00034927872100000147	0.335856	-0.009709999999999995	0.112799252736	9.428409999999992e-05	0.420185	0.018455000000000003	0.00034058702499999995	0.17655543422500006	-0.0116932	-0.0008618000000000012	0.00013673092624	7.426992400000019e-07	0.0006967680000000001	-7.056199999999993e-05	4.854856458240001e-07	4.978995843999989e-09	-0.000916412	-0.000131666	1.7335935556000003e-08	8.398109537440002e-07	0.0	0.0	0.0	0.0
490.232505897537	0.2287339107589901	240327.90983857863	0.052319201931101636	755.3581130955954	1.5991369444606107	2.5572389671388183	570565.8790193383	454.70677681060914	1.068571194512174	1.141844397741174	206758.25287749316	463.00250050600766	454.89214341609284	0.942753	28.285112	0.16764440000000005	0.08076389999999999	0.0520622499	-0.130968409	0.0537025365	0.010815119599999999	-0.026591811099999998	0.0022259060999999998	0.1091426543	0.0687337301	0.0185478371	-0.080192999	0.0129946895	0.0229254106	-0.0731191975	-0.0187324978	-0.0865531418	0.10850622119999999	-0.0526627328	-0.0382485032	0.0961473592	0.08473540710000001	0.0988872325	-0.1342535073	-0.04549580599999999	-0.0796113139	-0.0010839066000000001	-0.0941500367	-0.0799347124	0.027984955899999997	0.0554057832	-0.1148519576	-0.006960538499999999	0.0259317041	0.09291852689999999	-0.0768114637	0.0340726845	0.1231827471	0.0130445822	-0.054366902300000006	0.07280900950000001	0.0602535289	0.046995486100000004	0.026655730099999997	0.0511045292	-0.0401323425	0.0273804146	-0.035796780699999996	0.1192247158	0.0158891297	0.0039181165	0.0223115163	0.0275761792	0.0665988793	-0.0340201371	0.08654292539999997	0.1048351272	0.0126886442	0.0428751821	0.0824552578	-0.0679337422	-0.0118633585	0.021737466299999997	0.0139763629	0.0532698366	-0.06928718	0.051284076799999995	0.0549549496	0.0511923507	-0.0424746629	-0.0181490622	0.0079228872	-0.0673645519	0.0047208551	-0.0073351876	0.016073216	-0.0379254437	0.0653130571	-0.0388298001	0.0345673938	-0.0063012374	0.0370398289	0.0467507722	0.07930377200000001	0.0156540898	-0.0806706821	0.0993387494	-0.0087373562	0.0812994256	-0.0978770231	-0.0500308779	-0.0469683938	-0.043781427000000005	0.1497619245	-0.0097931843	-0.056377042999999995	0.0008818515	0.06261703889999999	-0.0565297645	-0.0364687868	-0.0283025565	-0.011156258899999999	0.0771366006	-0.0227758627	-0.1238181619	-0.0061456372999999995	0.0433168108	-0.0354016485	-0.12103322789999996	-0.009113248000000001	-0.0024277079999999998	-0.0265238417	-0.0125673085	0.08323563610000001	-0.034861642400000004	0.1016441712	0.0680685411	0.0075097901	0.0413170615	0.1019207738	0.0370461549	-0.0253519535	-0.0228561185	-0.0075346599	0.0270677895	-0.0783624185	0.0327874221	-0.0405087826	-0.0319443685	0.0112431487	-0.0760795715	-0.0563964657	-0.0346110014	0.011488253799999999	0.108542241	0.009357004300000001	0.0125982178	0.0052195137	-0.0212451752	-0.0987678224	0.0602198471	0.0158700928	-0.0505600786	0.0823276293	-0.0555685534	0.12133847689999999	-0.038664468	-0.0396016286	-0.0608640899	0.0294920319	-0.1086692365	-0.0671506293	-0.0039947226	0.006233755	-0.0589703821	-0.0493079265	-0.0223868119	-0.0543719908	-0.0508347438	-0.0768138947	0.014763683	-0.0046701404	-0.0238262626	-0.010853326299999999	0.1138572117	-0.0682062791	-0.0166717724	-0.10701244730000001	0.1008035212	-0.0907207723	0.077151675	-0.08812889999999997	0.02474110000000003	0.007766703015209994	0.0006121220292100015	0.352618	0.016762	0.124339453924	0.00028096464399999995	0.389233	-0.03095200000000004	0.0009580263040000023	0.151502328289	-0.010611700000000002	0.0010814999999999991	0.00011260817689000005	1.1696422499999978e-06	0.00109918	0.00040241199999999983	1.2081966723999998e-06	1.6193541774399992e-07	-0.000496538	0.00041987400000000004	1.76294175876e-07	2.4654998544400005e-07	0.0	0.0	0.0	0.0
490.66331893529815	0.43081303776114055	240750.4925486021	0.18559987350498192	755.2091402269998	-0.14897286859559244	0.022192915577599653	570340.8454824042	454.18016872873545	-0.5266080818736896	0.2773160718946865	206279.6256664626	462.6132417411033	457.83499316337924	0.940744	28.224852	0.10628195	0.0533457	0.0389968036	-0.0923567808	0.0362043893	0.0584670275	-0.0163676728	0.010731853400000001	0.1089446653	-0.0127468696	-0.033750114500000004	-0.0046432591999999995	0.01987361	-0.0044266471	-0.0512488952	-0.0051670816	-0.08150752900000001	0.0116226388	0.0288714478	0.1142078791	-0.0607335882	0.0657033733	0.0872689521	0.0321722661	0.0846495019	-0.11698818300000001	-0.0498234284	0.1141440058	0.09855393359999999	0.041691656800000004	-0.091047266	-0.0688428544	0.0154126814	-0.0040397431	0.11607675810000001	-0.0195255876	-0.060830721799999994	-0.022281799900000003	-0.1660953829	-0.0226092946	0.0338658875	-0.0181893545	-0.0370075251	-0.0200585689	0.0802053741	0.0404484912	0.045467227	-0.025065986800000002	0.1145331485	0.0097981665	-0.0109678065	0.10803765539999999	0.0548182954	0.0346937961	0.0474940377	-0.0247852879	-0.0424300748	0.1448123667	-0.028405986600000002	0.0932556399	0.0391134882	0.05258186559999999	-0.0246176002	-0.0204944547	-0.0120104083	-0.052934055199999996	-0.0537666874	0.016714811	-0.0018769368	0.0025298703	0.0238560234	0.013466068999999999	-0.0034976538	-0.0662341038	-0.027638619	-0.08907015509999999	-0.0776046468	0.0521488984	0.0041166271999999995	-0.1475081507	-0.04469510610000002	-0.0088586424	-0.0327032809	0.11315251300000001	0.0616815774	-0.069434608	-0.0275522603	0.0412945267	-0.0128599727	0.0549654324	-0.0181106073	0.004963582	0.0260417358	0.0066202647	-0.078426879	-0.031987659700000004	0.026337889	0.0343324865	-0.0312592664	-0.0392829506	0.0543549177	-0.0352327335	0.0582398445	-0.0063429544	-0.024677283300000002	-0.115359661	0.0118194844	-0.0232476126	-0.1131401943	-0.006243593	0.0248321636	-0.08995132199999999	-0.06680216480000001	0.0335821543	0.0685171327	-0.0198756936	0.0086257088	0.1505617991	0.027670780699999998	0.0296757836	-0.056397694299999995	0.0516376429	0.019873446200000002	-0.026534029100000002	-0.0195531687	-0.0260086518	-0.05064302019999999	-0.008186648000000001	0.0069726658	0.0058606720999999995	0.0134925264	0.018310536999999998	0.0215726781	0.0011408361	0.0563300126	0.031981000600000004	0.1041331375	-0.0575688394	0.1219740806	0.0421871654	0.0928804877	0.0562988818	-0.0022830942000000003	0.0203759671	0.0587116501	0.09326255970000001	-0.0546751819	0.011805594499999999	-0.033356605299999995	-0.0658899349	0.0279276859	-0.0143938847	-0.0425198438	0.0816254661	-0.0040704365999999995	-0.0202641132	-0.027768034100000002	-0.051532593200000004	0.0369860895	0.0755659081	0.005151494	-0.0173566974	-0.0394900384	0.0001778434	-0.022398380899999997	-0.04846683809999999	0.001517777	-0.1073917633	0.1022942687	-0.0939769123	0.0827014951	-0.13283600000000004	-0.04470710000000007	0.017645402896000008	0.001998724790410006	0.338366	-0.014251999999999987	0.114491549956	0.00020311950399999962	0.379977	-0.009255999999999986	8.567353599999976e-05	0.144382520529	-0.0101666	0.00044510000000000215	0.00010335975556	1.9811401000000183e-07	0.0008390449999999999	-0.0002601350000000001	7.039965120249998e-07	6.767021822500004e-08	-0.00055264	-5.6101999999999925e-05	3.1474344039999922e-09	3.054109696e-07	0.0	0.0	0.0	0.0
491.0360311086925	0.3727121733943477	241116.3838469768	0.13891436419633832	754.3262483270622	-0.8828918999375901	0.7794981069754076	569008.0889151808	453.8241106607776	-0.35605806795786066	0.12677734775788452	205956.3234170457	462.12630982410826	460.974856296645	0.912557	27.379177	0.10461885	0.0576631	0.0354101769	-0.052253988499999994	0.063665601	0.0727216871	-0.0382475841	0.012217508600000001	0.0694348806	-0.0169266278	0.11172164710000004	-0.0272292686	0.0890427847	-0.0434487297	0.0185374564	0.0143852963	-0.0410240836	0.038009180499999996	0.1019780898	0.1026550605	-0.06285283480000001	0.032126842	-0.0710816389	-0.1006925849	0.15771263900000002	0.0813394041	-0.0436530146	-0.0559741317	-0.1254016688	0.0758882563	0.0053780545	0.0893371769	0.17194192879999998	-0.06238217610000001	-0.0055511888	-0.021505302999999996	0.08723734640000001	-0.028230109	-0.0766961689	0.0940711713	-0.0720685182	-0.0870743513	-0.10779627789999999	-0.0770884128	-0.1150792708	-0.1762784961	-0.0688946537	-0.0150420174	0.09872269	-0.0282363264	-0.0008116328	0.046591689400000004	0.022011461200000002	-0.0529047747	0.021736900899999998	0.0519732803	0.054054385700000006	0.0046393547	0.051524911	-0.0040330757	0.044151264100000004	0.06758739009999999	-0.009686120500000001	-0.026342064	-0.033525455600000004	-0.029709927599999998	0.0799736141	-0.0933633448	-0.039867244100000004	0.0055943538	0.038241399100000004	-0.0155740484	-0.049036932699999994	0.0203394049	-0.0533783137	0.0319137497	0.0633763395	-0.0510717363	-0.0357944463	-0.0887392017	0.1166466551	-0.0328830191	-0.0038271456	0.0051123625	-0.00025841330000000003	-0.0707861502	-0.023335734	-0.0159885863	0.055089768600000005	0.0519428642	-0.1034456864	-0.0352539412	-0.048359627599999996	-0.0570997575	-0.002119399	0.005258405600000001	-0.0805729828	0.0760539913	0.1387904181	0.0701913839	-0.0566405482	-0.08867946310000001	0.0037282049	-0.012740930400000001	0.09204452560000001	-0.0098918213	-0.08305002639999999	-0.0152879678	-0.0952896808	0.0330579395	-0.0093307428	0.0007065261	-0.07916773860000001	-0.0633848859	-0.0165761379	0.052079849000000004	0.0262820725	-0.0369851808	0.0555335234	-0.0209524736	-0.022547394199999998	0.0703538175	-0.0348756475	0.0880049109	-0.0016539356	-0.0003297521	-0.0186635241	-0.0074160848	-0.006509926700000001	-0.049210458	0.024380362000000003	-0.0344844022	0.08615382619999999	0.0604692155	0.0019951103	-0.0244134591	-0.0363373201	0.0924944002	0.0473862379	0.0132697138	-0.061944254000000004	-0.01786276	0.0040661725	-0.0051004058	-0.0485762915	0.071794663	-0.0291362902	0.0413601232	0.0731646542	-0.048578758099999994	-0.0963678702	0.09843854949999999	0.10713831929999999	0.0307492514	-0.0121919025	-0.0206260835	0.0265487348	0.0788056263	0.0398998975	0.0601338205	-0.1095469486	0.040406077900000004	-0.0420926205	-0.06743033849999999	-0.07811570450000001	0.035609150299999996	0.1069927722	-0.1077335267	0.1036419483	-0.09693736609999999	0.087788815	-0.132939	-0.00010299999999996424	0.017672777721	1.060899999999263e-08	0.317131	-0.021235000000000004	0.100572071161	0.0004509252250000002	0.335187	-0.04479	0.0020061441	0.11235032496899999	-0.00974896	0.00041764000000000037	9.504222108159997e-05	1.7442316960000034e-07	0.00112979	0.00029074500000000024	1.2764254441000002e-06	8.453265502500014e-08	-0.000491208	6.143199999999994e-05	3.773890623999992e-09	2.41285299264e-07	0.0	0.0	0.0	0.0
491.89652183179567	0.8604907231031689	241962.18819021824	0.7404442845466145	755.5147566539015	1.188508326839269	1.412552042966279	570802.547521804	453.91094527381495	0.08683461303735385	0.0075402500213469816	206035.14623936825	462.1567707381345	465.97098457638924	0.918613	27.560871	0.10589284999999994	0.0548258	0.0440787181	-0.0205732364	-0.0298216607	0.0823022003	0.015282807800000001	-0.0189781511	0.004786841	0.0993949199	0.0186710199	-0.0685625336	-0.0266724825	0.0185071882	0.0493347625	0.0332647498	-0.06182483730000001	0.030402639199999998	-0.05678749	0.0503156159	-0.046232018	0.0159337551	0.1436969972	0.0154634607	-0.0564869617	-0.0386983049	-0.0354840777	-0.026536804100000002	0.0925055322	-0.1351035524	0.0088769455	-0.0099193661	-0.00040234040000000003	-0.0191285783	0.0831015401	0.10703567970000001	0.0834234752	0.0903776335	0.024898580299999997	-0.0584295897	0.027464845	-0.008087308100000001	0.0335349899	-0.0808060366	-0.0309264712	-0.0182039362	-0.14904195439999998	0.0114818277	0.06216580450000001	-0.0715667525	0.028734246600000006	-0.0386148579	-0.0077909355	0.0097678852	-0.0927734609	0.0174271342	0.011200998600000001	-0.0005504434	-0.1283418821	0.0487950034	0.11808149039999999	-0.0450474809	0.0468917642	-0.0925569267	0.1514402794	0.06521028059999999	-0.059284131	0.0719654543	-0.017669811299999998	-0.103383685	-0.0832378732	-0.0682278529	-0.1178858099	0.0105387321	0.05066545	-0.1464837066	-0.0370273494	-0.0863521839	-0.0358524758	0.11532745289999999	0.022411916400000002	-0.0729638199	0.1445269651	-0.020424086100000002	-0.0046015865	-0.035768967	0.0101521557	0.0421957741	-0.080082206	-0.0425875454	-0.057696049900000004	0.0188422929	0.10303418539999999	-0.0060538993	0.0158174685	0.039437093199999995	0.0138506105	-0.0411416056	0.0089501016	0.0151726417	-7.10011e-05	0.1474000382	-0.052804343499999996	-0.0029007832	-0.1324544665	0.0361372767	-0.0210396546	0.0058126981	-0.0544119779	0.0792878588	-0.025213361099999998	0.0014377676000000002	0.0362786436	0.0706382802	-0.06971453799999999	0.0011199497	-0.0215652623	0.0357274493	-0.0794593413	-0.0490656599	-0.1232303526	0.0121148319	0.1412504789	-0.1097705752	0.0043520101	-0.0697903017	0.140574438	0.0828308155	0.049160124400000005	0.0147670782	-0.2243829281	0.0779088307	-0.09544747279999999	0.0467712071	-0.025429018199999997	0.0263722211	0.0411809142	0.0419277531	0.013291023300000001	-0.058207820599999995	-4.80794e-05	0.0653761748	0.039044102000000004	-0.036422442	-0.11281408470000001	-0.025655683500000002	-0.0165513157	0.11304344960000001	-0.0061426619	0.0691601611	-0.0142654076	-0.09856337220000001	-0.08096548769999999	-0.0822347741	0.0291698212	0.0053691813	-0.0455768609	-0.0767060072	0.0289414604	-0.1054488746	-0.0572319433	0.0998401047	0.0395113061	0.0002384308	0.0094080807	-0.0034149921000000004	0.0280766683	-0.10803761810000001	0.1048446753	-0.0995928192	0.0923851842	-0.104143	0.028796	0.010845764449	0.0008292096160000003	0.30058	-0.016550999999999982	0.0903483364	0.00027393560099999944	0.306224	-0.02896300000000002	0.0008388553690000009	0.09377313817600001	-0.00913972	0.0006092399999999987	8.353448167840001e-05	3.711733775999985e-07	0.00112979	0.0	1.2764254441000002e-06	0.0	-0.000468791	2.2417000000000053e-05	5.025218890000024e-10	2.19765001681e-07	0.0	0.0	0.0	0.0
492.18650597580336	0.2899841440076898	242247.55666466948	0.08409080377587258	755.1050251929712	-0.4097314609302885	0.1678798700760685	570183.5990716778	454.2792178930232	0.36827261920819865	0.13562472205846687	206369.6078094968	462.5422697936938	469.66800476813927	0.9290870000000002	27.875116	0.11380374999999998	0.0675789	0.026013155099999997	-0.011903441599999998	-0.07397223530000001	0.1372243874	-0.0179192351	-0.0239688791	0.0531777515	-0.0390693029	-0.1181640452	0.0532637205	-0.0115903569	0.014879572800000001	-0.121844186	0.0262502922	0.0028380279	0.1164445462	-0.050158754900000005	0.028212418	-0.052745539	-0.1949268254	0.0777304102	-0.0692296592	-0.061613158099999996	0.006181189100000001	0.0033101974	0.0213070138	0.1303040858	-0.0194618667	-0.0436034017	0.0129092923	0.1304761701	0.0352828131	0.0256064015	0.0026594533	0.0233664803	0.024414381699999998	0.0627929244	0.0376830054	0.1291422263	-0.0600546389	-0.053622324699999994	-0.0229255712	-0.038846570899999995	0.056429924299999996	0.056132794900000005	0.0061914158	0.048116764900000004	-0.034036642	0.028502276899999998	0.005318870600000001	-0.0428414384	0.0290154248	0.041067670699999996	-0.08840647	-0.08772106710000001	0.0355683268	-0.1946980123	-0.0151552408	0.0970169209	-0.0419479755	0.0122311053	-0.0066228027	-0.0028797946999999996	0.062221930999999994	-0.049824132800000004	0.1133693574	0.04910915440000002	-0.023746648	0.0376731513	0.0334703646	-0.1727261613	-0.0604387743	-0.0032450497999999997	0.0775236082	0.0026684386999999998	0.0451585903	0.0268737269	-0.0196300767	0.0088704627	0.015583274499999999	0.040460389	0.0536572832	-0.0418097356	-0.001755241	-0.039900720699999996	0.0197290054	-0.033454393	0.0607174609	-0.18125691719999998	0.026254078700000003	-0.1121709532	-0.009258028599999999	0.031310089	0.0187153642	0.1225086368	0.0608153832	0.0360909366	0.0982504935	0.0441937506	0.0014550598000000001	0.0014937239999999999	0.0333697649	-0.0161465259	0.0064189012	0.0470800366	0.0053430128000000006	-0.0475282008	0.0298347537	-0.0236848875	-0.044035831100000006	0.0690142982	-0.0094927515	0.055952662599999994	-0.0826255896	-0.0414265475	0.1462267511	-0.1566523483	-0.1109051756	-0.06663126309999999	0.0025983045000000002	0.0469334587	-0.0482331192	-0.0312908261	0.055378408	0.08101753240000001	-0.022501697999999997	-0.025385102599999997	-0.0061104618000000005	-0.051110397	-0.0582672942	-0.08386591610000001	0.09683118560000001	0.1527245991	0.0137788918	0.0361079506	-0.0203403018	-0.013827900800000001	0.0540185694	-0.0150943817	-0.0183402712	0.048655448399999995	0.030285441	-0.028782730899999998	0.0214686521	-0.0430483629	0.031888079	-0.0157016911	-0.0073418083	-0.0374726041	0.040190026600000005	0.1493555054	0.1008942092	0.0927015277	-0.0026919806	-0.0052199202	-0.0743989328	0.013621870500000001	-0.0144497058	-0.0589247846	-0.0625971239	0.0460369572	0.0194334549	0.060991663499999994	0.013894408899999999	0.0450334686	-0.10830393099999999	0.1059007676	-0.1019349164	0.09646489789999999	-0.110301	-0.006157999999999997	0.012166310601	3.792096399999996e-05	0.279227	-0.02135300000000001	0.077967717529	0.0004559506090000005	0.329375	0.023150999999999974	0.0005359688009999988	0.108487890625	-0.010189	-0.0010492799999999997	0.000103815721	1.1009885183999992e-06	0.000941409	-0.00018838100000000016	8.862509052809998e-07	3.548740116100006e-08	-0.000443617	2.5173999999999986e-05	6.337302759999995e-10	1.96796042689e-07	0.0	0.0	0.0	0.0
492.6439685318998	0.4574625560964592	242698.0797308595	0.209271990230306	755.752592892773	0.6475676998018116	0.4193439258266092	571161.9816641493	454.31445790130203	0.0352400082788904	0.001241858183496264	206401.62665815395	462.6039052396891	472.7635862333912	0.901184	27.037945	0.06680265000000002	0.0325993	0.020329461899999998	0.0155647346	-0.0735137642	0.1963825428	0.0064331323	-0.043532632800000005	0.0130083025	-0.0062205165	0.1322610111	0.0034658769	-0.0548521004	0.0719951766	-0.015026798999999999	-0.0052412155	0.1571505715	0.0039288092	0.0726215843	0.0182799704	-0.028504766	-0.0055014637	0.033920321600000004	-0.0595738015	-0.037254649199999997	0.0127882633	0.054352521900000006	-0.16288187210000002	0.047874047	-0.0592393606	0.07849870070000001	-0.06574203719999999	0.0330236993	-0.0615405749	-0.0648773424	-0.1478475309	0.0953039888	-0.047355869	-0.0256595131	0.0859689884	0.0736336066	0.0061484823	0.000701102	0.11599568	-0.049348649800000005	-0.07332429480000001	-0.07257319150000001	0.0092747214	0.0392922335	-0.0293413308	0.0334093281	0.0164433148	-0.0188041462	-0.10022021210000001	0.047637499800000004	-0.05437048110000001	0.0273089294	-0.029851372400000006	-0.1268191585	-0.0456974467	0.1694036859	0.0284476394	0.0877266075	0.0014532384	-0.024586362999999996	0.0633813944	-0.0443719948	0.0142352575	-0.048461719800000004	-0.0088893262	0.0342406775	0.0709971399	-0.014814129799999999	0.00926691	0.0009629077000000001	-0.004569731	0.017890156100000002	-6.99261e-05	0.037105642200000004	-0.0533256636	0.0887460866	-0.08060881389999999	0.0650509351	-0.0322340721	-0.0988734226	0.0328607488	-0.036646548	-0.060388781399999994	-0.1006360125	-0.052552362400000004	0.0672543483	0.009741228499999999	-0.0185133656	0.022058325	0.1114342239	0.0096554204	-0.0567467951	0.0027320983	-0.09664380859999999	-0.0499063079	-0.1114142335	-0.0978213459	-0.0497983875	-0.0808602799	-0.0177592571	0.0171406167	-0.0543483982	0.0065442545	-0.039618611	0.029949783900000002	-0.0474586794	0.0061945470999999995	-0.0298807164	-0.1053290582	-0.0216431383	-0.0494197397	0.0536934159	0.029473734900000007	-0.0933547041	-0.1357165558	-0.11288337679999999	0.052833701100000005	0.05752505	0.0016476587	0.0691343404	0.037649782400000005	0.0200332195	0.046698036799999995	-0.0370879298	-0.0262167965	0.06502910519999999	-0.0759180942	0.0129320927	0.00201361	0.0013573499	-0.0012948721000000001	0.0089595153	-0.033487199599999996	0.07024070519999999	-0.0163058225	-0.0461926622	-0.0544199313	0.0004185012	-0.1115322938	-0.1035316916	-0.0855837553	-0.0760445621	-0.052694553899999996	0.0195492485	0.0031260240000000003	0.08970074630000001	-0.0113305074	0.06862426349999999	-0.0437000571	-0.0553045502	0.0251285778	-0.014342116	0.09127921800000001	-0.0102604547	-0.07409973780000001	0.09495295109999999	-0.12079203349999999	-0.0170761385	-0.0256619373	0.0199569074	0.0888150482	0.1142877636	-0.10853237240000001	0.1068087481	-0.10395628859999999	0.1000051409	-0.131842	-0.02154100000000002	0.017382312964000002	0.00046401468100000075	0.272747	-0.00648000000000004	0.07439092600899998	4.199040000000053e-05	0.319297	-0.010077999999999976	0.00010156608399999953	0.101950574209	-0.00979424	0.000394760000000001	9.59271371776e-05	1.5583545760000075e-07	0.0008389479999999997	-0.00010246100000000021	7.038337467039995e-07	1.049825652100004e-08	-0.000520469	-7.685199999999998e-05	5.906229903999996e-09	2.7088797996099995e-07	0.0	0.0	0.0	0.0
493.18433002359353	0.5403614916937158	243230.7833808208	0.2919905417054577	754.1306233105182	-1.621969582254792	2.6307853257597844	568712.9970147107	454.6208425156267	0.3063846143246565	0.09387153189486848	206680.11044961825	462.88347828380427	475.1607853551255	0.93176	27.955318	0.13155194999999992	0.07625889999999999	0.0296864946	0.038108258799999996	-0.0631470783	0.0998101363	-0.0333790144	-0.0179042669	-0.0057203438	0.058401981799999995	-0.044502039199999996	0.0075661166000000005	-0.0684326657	0.0369333632	0.1063005941	-0.025033951800000002	-0.0451398726	0.0382536079	-0.086340461	0.10606139789999999	-0.09678187869999999	0.0243631533	0.096348401	0.1260426266	-0.1173097823	0.0426984005	0.0639109204	0.1011630219	0.0782174179	-0.0152022431	0.0135151848	0.0687209074	-0.09842824630000001	0.11666684029999999	0.054239641799999995	-0.0394172504	-0.052309646900000006	-0.0340938139	-0.15746388890000002	-0.0682255697	0.0038821295	-0.007549131800000002	0.0618257267	0.053205180199999993	-0.0388054716	0.004152798	-0.0406975853	0.024405160699999998	0.039636799300000004	-0.0055911038	0.04997203	-0.0505031695	-0.0776822256	0.0486016742	-0.0458689359	0.0095465581	0.0294757698	-0.0315662075	-0.0510632544	-0.0457114722	0.1246851632	-0.045936613099999996	-0.0071931858	-0.008282288	0.1306935342	-0.010865536	-0.0064155798	-0.0247084654	0.0235011952	-0.06561254030000001	0.0371294114	-0.009460893100000001	-0.0359597969	0.0409831253	0.0600157006	-0.052995202000000005	-0.0115462201	0.052353280999999995	0.012085910900000002	-0.0487198588	-0.0034141893	0.0709816092	-0.0625643305	-0.0201205004	-0.050816718899999995	0.1046129514	-0.1676372448	-0.090298979	-0.0569444072	-0.0423292567	0.0911392775	-0.0693997777	-0.1057425286	-0.0082872534	0.0017279035999999998	-0.0087899589	-0.109386556	0.0026453052	-0.18041120149999998	-0.09672897820000001	-0.052178883499999995	0.0671579404	-0.0129770808	0.0249188832	0.024881691299999998	-0.0344581291	-0.032377141	0.0248792202	-0.0329532133	0.0148959454	-0.0463168632	-0.030598166800000007	0.106135681	0.0545960225	-0.0571223953	0.0229476597	0.0324701022	-0.0121547299	-0.0385048891	-0.0813780306	-0.1027276434	-0.0314847351	0.06325276099999999	-0.0565974868	0.0394943879	-0.1057840208	0.06420977650000001	-0.0257832583	-0.0172144006	-0.08878040279999999	-0.0361122983	0.053194493200000005	-0.0362161155	0.0340744112	-0.0192191512	-0.0829122788	-0.0315863025	0.0005954023000000001	0.0360919901	-0.021727338	0.0130084677	-0.0335597022	0.0433662271	-0.0476062686	0.1387254018	-0.1149209165	-0.10665368189999999	-0.1293442384	0.0818035498	-0.07421049269999999	0.0075740126	-0.014172258100000001	-0.0492293556	-0.007967331800000001	-0.0437031797	-0.0351698093	-0.033121236400000004	0.0686371318	-0.09056762119999999	-0.0036201537	0.11394586699999999	-0.0621488186	0.16313120220000002	-0.0130182334	-0.0972700348	-0.051852741200000003	0.08581184900000001	-0.1087228625	0.1075673469	-0.1056505759	0.10298611449999999	-0.11011300000000003	0.021729	0.012124872769000004	0.0004721494409999999	0.274013	0.0012660000000000447	0.07508312416900001	1.6027560000001137e-06	0.285347	-0.033950000000000036	0.0011526025000000025	0.08142291040899997	-0.008638889999999998	0.0011553500000000012	7.463042043209996e-05	1.3348336225000026e-06	0.0009595920000000002	0.0001206440000000005	9.208168064640005e-07	1.4554974736000115e-08	-0.000304324	0.00021614499999999994	4.6718661024999976e-08	9.2613096976e-08	0.0	0.0	0.0	0.0
493.18662508090034	0.0022950573068101217	243233.04715868857	5.267288041542532e-06	754.7644645129425	0.6338412024242643	0.4017546698906373	569669.3968915088	455.40443823381514	0.783595718188451	0.6140222495632742	207393.20236305677	463.5897023514953	473.4529630655291	0.976803	29.306719	0.11207854999999996	0.065653	0.0097063711	0.0358815783	0.0167062939	0.06344928059999999	-0.0039324462	-0.01191	0.001305165	-0.0565900119	-0.06021913900000001	0.047853933200000004	-0.0518419596	-0.006080150699999999	-0.0639907956	0.042431705800000004	-0.0120206967	-0.044108333099999994	-0.0596447922	-0.0823288774	0.038008544500000005	-0.033494948999999996	-0.0175036029	-0.0337273317	-0.1001793844	-0.0505786767	-0.035666704199999996	0.028687099900000002	0.0605637276	0.0841952059	-0.0582674589	-0.09763758039999999	0.0471447812	0.0268300927	0.0288536969	0.016928516100000002	-0.0622018267	-0.09033672300000001	0.0370161066	0.074955319	-0.1251799275	0.0059490838	-0.08031938059999999	-0.023379538999999998	0.08779686560000001	-0.10345489710000001	0.045242323200000004	0.0146450559	0.0070417108999999995	0.0572293459	0.0236776819	0.038918144	-0.0371234265	-0.025509542799999996	0.0829731197	-0.0563056121	-0.1578327779	0.031143632	-0.1258127774	-0.10194160470000001	0.0807975549	-0.10368048269999999	0.0069916436	0.0129687927	-0.0763388961	0.060629116399999995	0.0052479125	-0.0274008725	0.0465314171	-0.0496546188	0.035833204900000006	-0.0613133116	0.0320992722	-0.0341575838	0.047818365300000006	-0.0500754033	-0.0559700537	0.1059314996	-0.023672399	0.0212050071	0.012268413300000001	0.034277505699999995	-0.0423239283	-0.0092799343	-0.0325955498	0.1166354241	-0.0380176452	0.0868752817	0.12289730480000001	0.05430868480000002	0.0545187063	0.1062328939	0.0293347338	0.1130898198	0.026152245	0.0931407641	0.10186163150000001	0.0145251575	-0.10589228839999999	-0.0159530984	0.05820368820000001	-0.0041335108	0.06927930809999999	0.0398847789	0.0688290245	-0.0243506878	0.1011271782	0.0148854271	-0.0055037488	-0.0544867909	-0.0099082821	-0.047183154299999995	0.0177038191	-0.07931413309999999	0.0747811824	-0.0832416654	-0.11803330320000001	0.1052887577	-0.0761412927	-0.1256338897	-0.0185147079	-0.0920850096	0.0374814247	0.023156079500000003	-0.0414264257	0.0611413332	0.049982537599999995	-0.0094774873	-0.0292063921	-0.0559948876	-0.0166794572	0.0869705901	0.0268877485	-0.008847266500000001	-0.0015459205999999999	-0.0081084102	0.0232383648	-0.0637475898	-0.050906906200000004	-0.0336680028	0.0500913333	-0.0435029247	0.1398470427	0.074034166	0.012235566100000001	0.0613890032	0.0871872615	-0.053322739	-0.0176306959	-0.0270622922	0.0565837513	0.0164105843	0.0176964161	-0.0402025029	0.0346055011	0.12029504029999999	-0.025259789700000004	-0.09260807089999999	0.0274277393	0.030046634	0.1207087956	-0.17410705059999998	0.0074698387	0.0658254334	-0.09453387810000001	-0.0790940584	0.0120301286	-0.10887533449999999	0.108175503	-0.10701244730000001	0.105391148	-0.109831	0.00028200000000001835	0.012062848561	7.952400000001034e-08	0.262927	-0.011085999999999985	0.06913060732900002	0.00012289939599999963	0.302529	0.01718200000000003	0.00029522112400000105	0.09152379584100001	-0.009597820000000005	-0.0009589300000000072	9.21181487524001e-05	9.195467449000136e-07	0.000319669	-0.0006399230000000001	1.0218826956100003e-07	4.0950144592900023e-07	-0.000232606	7.171800000000005e-05	5.143471524000007e-09	5.410555123599999e-08	0.0	0.0	0.0	0.0
492.5251474848088	-0.6614775960915154	242581.0209049327	0.4375526101310099	753.7704148989493	-0.9940496139931838	0.9881346350799978	568169.8383769342	455.29673325578597	-0.10770497802917588	0.011600362292265262	207295.11531339036	463.4939916487463	469.9244369788974	0.997642	29.931944	0.254480135	0.123839	0.026060079500000003	0.0356650908	0.1106525299	-0.0512129236	-0.0626424112	0.052373818499999995	0.0619316024	-0.04450288980000002	0.0076308228	0.0309991391	-0.0051421578	0.0882175017	-0.0746446419	0.0063656338	0.0902413056	0.1284736322	-0.0729546992	-0.1360844226	0.0878309202	-0.0754373503	-0.0008299692	-0.050534660099999996	0.0136895089	0.1141405101	-0.0852121242	0.0394723768	0.11032349400000001	-0.032504468599999996	0.0556707979	0.042008152	0.012838791499999998	0.0907666365	0.0648681846	0.0096290879	-0.0007951536	-0.026146872999999998	-0.0629121964	0.0178048261	-0.06516480969999999	0.152966748	-0.0034505445	0.0815732885	0.0371134975	-0.026095285299999996	-0.1218038835	0.0257439163	0.031891098	0.0856294739	0.043406413899999996	-0.0552418481	0.0289016002	-0.0031715601	-0.0950404598	0.029074612000000007	0.010021941	0.1189649552	-0.050950315700000005	-0.1166062989	0.0790163291	0.0242695517	-0.0140732017	-0.0187992835	-0.1153948723	0.0012759452	0.0033487770000000003	0.034439002	-0.0741482084	0.015233860200000001	0.07234477480000001	-0.054630886399999995	-0.1139483942	0.0102746234	-0.0253309075	-0.052618729100000004	-0.0617849868	-0.09092163140000001	-0.0189199653	-0.0267499406	-0.010472794799999999	-0.0613596675	0.0313712915	-0.0258150681	0.046676328899999994	-0.0471315164	-0.0045744637	0.1041735229	-0.0075502781	0.026443066	0.1007512063	0.0637452897	0.048589329800000004	-0.030117930499999997	-0.0464983023	-0.0637926265	-0.0454651171	-0.030001560899999998	-0.0465882715	0.0065685739	-0.0237837781	0.0338828821	-0.006190519	0.0293436631	0.1833099191	0.08886476	-0.060475392	0.0217137634	-0.0367737105	-0.081630855	-0.0617444676	0.05771394570000001	-0.0119887909	0.0373867823	-0.0648594788	0.025530429900000002	-0.048771139299999995	0.08301986459999999	0.054423186	-0.1600583678	-0.0184447969	0.059779372699999986	-0.0040585259	0.0547098488	-0.0443511371	0.0320817648	-0.0382533761	0.0494016322	-0.0336349284	-0.0310418757	-0.0490801159	0.0229934973	0.0233106046	0.1636435936	0.0093492608	-0.0069363274	0.0685850621	0.0211620962	0.0254077094	-0.0184005175	-0.018670458600000002	0.09738643550000001	-0.0528314537	0.007958371899999999	-0.042408825	0.0005662588	0.0504797214	0.0942018868	-0.0186580237	-0.037476165299999996	0.1240110757	0.0152160834	-0.0886180586	0.024363753	-0.0141341585	-0.0197985148	-0.0200648071	-0.0081175598	-0.0117566072	0.0923033252	0.0182410418	-0.016433887299999998	0.023813261000000002	-0.0588717819	-0.0261583096	0.0687573771	-0.09803161769999999	-0.10898973519999999	0.1086323659	-0.10803761810000001	0.1072067914	-0.054229999999999993	0.055601000000000005	0.0029408928999999986	0.003091471201000001	0.342186	0.07925899999999997	0.117091258596	0.006281989080999995	0.329308	0.026779	0.0007171148409999997	0.108443758864	-0.00836459	0.0012332300000000053	6.99663658681e-05	1.5208562329000131e-06	0.0007309509999999998	0.0004112819999999997	5.342893644009997e-07	1.691528835239998e-07	-2.02953e-05	0.0002123107	4.507583333448999e-08	4.1189920208999987e-10	0.0	0.0	0.0	0.0
492.9772573205056	0.4521098356967741	243026.576235248	0.20440330353376407	754.203472433854	0.4330575349047194	0.18753882853775228	568822.8778312831	454.58585062649684	-0.7108826292891308	0.5053541126250278	206648.29558981565	462.80511906917536	473.30829352888406	0.946683	28.403034	0.195583465	0.12086	0.0082614692	0.0387071981	0.103623491	-0.0612657479	-0.0417769711	0.0165786259	0.0748392088	0.0449139174	-0.0155946776	0.0255334475	-0.022565734900000002	-0.0713403559	0.0137850663	-0.091207829	0.1538321172	0.0721102785	0.0126908066	-0.0524433549	-0.088012337	-0.029989171499999998	-0.1184792251	-0.0351357312	0.0088898002	0.0292034447	-0.0407167556	0.2994416634	-0.09113887820000001	0.0457901236	0.12520497960000002	-0.0657489958	-0.0446717617	-0.055145821500000004	-0.0887270042	-0.030469003999999997	-0.11419498460000001	-0.0078155915	-0.0027075018	-0.0377991499	0.0010486967999999998	0.046872515	0.0175284866	0.0185588901	-0.054312791799999996	0.0266364659	-0.023472048500000002	0.0109656786	0.0576640662	0.0171900625	0.0312930266	0.09230200359999999	0.0530904528	0.0371714002	0.0076032090000000005	-0.09247658380000001	-0.0211193356	0.0647323604	-0.06793664320000001	0.032176398700000004	0.0105272982	-0.024614672200000003	0.0162362136	0.0690702931	-0.0378815701	-0.0084480514	0.0123974081	0.008748118000000001	-0.0139337347	0.1745410544	0.0151604541	-0.0467029005	-0.1228029598	0.0812612058	0.0915372954	0.018488543700000002	0.0397200431	0.0026304348	-0.1305885442	0.0157534243	-0.0032772616	-0.0280691848	-0.0032414846000000004	-0.0246762382	-0.0636404213	-0.019382566299999997	-0.0566074525	-0.0368006747	-0.1184229694	0.0080477274	0.0142035177	-0.0020235876	-0.0530583788	0.102062745	-0.055578692	-0.0579117006	-0.0412287232	-0.027659137	0.1213123009	0.0379934017	0.1000359886	0.064852128	-0.0094191406	-0.0851374413	-0.0280061337	-0.0119034303	0.032864801299999996	0.009078035	-0.058358487	-0.0122231354	-0.014736030800000001	-0.0823760387	-0.0616101069	0.0518925834	0.0455478546	-0.0770627937	0.0351854333	0.0938069063	-0.0519516929	0.0052660183	-0.00105969	0.0234816979	-0.067598245	0.0495192135	0.0113103354	0.0651980382	-0.009151326999999999	-0.0309309571	0.0407065966	0.0820326752	0.05037609480000002	0.0050388881	-0.09902230460000001	0.17760502920000001	-0.0052904915	-0.0072205199	-0.0713661748	0.0197364923	0.024269085699999998	-0.1295437738	0.0091122365	0.0383274467	0.0616563324	-0.0147940885	-0.020176084099999998	-0.1441405534	-0.0217078321	0.0386140875	0.036906213199999996	0.0143966855	-0.026310724100000002	0.0309334567	0.0242922416	0.0040589442	-0.16103635189999999	-0.0051623048	-0.0093862414	-0.0520030238	-0.0448916821	0.090080936	-0.0133442315	0.0791289079	-0.0285828183	0.035464947999999996	0.0581956166	0.10388866470000001	0.013240733999999999	-0.1090660245	0.1089372966	-0.1087228625	0.108422891	-0.168356	-0.114126	0.028343742736	0.013024743876000002	0.324627	-0.01755899999999999	0.105382689129	0.00030831848099999973	0.355498	0.02618999999999999	0.0006859160999999996	0.126378828004	-0.00877632	-0.00041173000000000083	7.702379274240003e-05	1.6952159290000065e-07	0.000415985	-0.0003149659999999997	1.73043520225e-07	9.920358115599984e-08	-4.77686e-05	-2.74733e-05	7.547822128899997e-10	2.28183914596e-09	0.0	0.0	0.0	0.0
492.64354795788137	-0.3337093626242336	242697.6653445293	0.11136193870307222	754.6368888314354	0.4334163975813681	0.1878497736924105	569476.8339851882	454.0240096254627	-0.5618410010341108	0.3156653104430117	206137.80131638228	462.37536248603516	474.97417053770624	0.8789049999999999	26.369507	0.10536862000000004	0.06675460000000001	0.0038429802000000002	0.0492008394	0.1163268751	-0.021804799	-0.0408413381	0.021670064500000003	0.052518601500000005	0.0031821975	0.09042596259999999	0.0026196623	0.0296061481	-0.004073992	0.015694685700000002	-0.067095931	0.0766526695	-0.0034505283	0.0476565733	-0.0824316984	0.00021329619999999999	-0.00292225	-0.0266558303	-0.0512727996	-0.0586061631	0.037309233500000004	-0.0310611974	0.0650901288	-0.1338212414	0.0402938988	-0.0014025138	-0.0447582279	-0.0201444842	-0.0422520004	-0.0214360387	-0.029503439700000002	0.0024356932999999997	0.0195072331	0.080189302	0.1297585592	-0.1143461009	0.0619904069	0.1311420469	-0.0021481827	0.035299766600000004	0.0160887998	0.10777331539999999	0.0136506826	0.0760169741	-0.0040191391	0.0746645601	0.0223320288	0.014980573300000001	-0.041560565099999995	0.0403158001	-0.0167704324	-0.0221111691	0.0261620832	0.003523140900000001	0.0368290842	-0.054122932699999994	0.0607385496	0.0380075508	0.10481414189999999	-0.0377984943	-0.025443329900000002	-0.0351631785	-0.0635891445	0.0181161215	0.048371784400000006	-0.0671739137	-0.1212389983	-0.003248531	0.010780963700000002	0.11410820470000001	-0.0320756535	-0.0666413739	0.04420737	-0.0720254529	0.002296327	0.0941618877	-0.058670805	-0.0674203624	-0.0393107287	-0.1262396103	-0.0022866996	0.051213318	-0.0081602121	-0.0028515474	0.0182173085	0.009047339599999999	0.0257843814	0.0035503292999999997	0.0108585282	0.0520494402	0.0612269604	0.1402181887	-0.0107148293	0.0162091502	-0.011743858999999999	0.0252987291	-0.025703432999999998	0.0351442854	-0.021645161899999998	0.0815268754	-0.0514138246	0.0364845094	0.011141210600000001	-0.0732152089	0.0021220457	-0.07826008200000001	-0.0102872293	-0.047949403099999996	-0.054551135099999995	0.0241839229	-0.013854222900000001	-0.0063746851	0.0073425354	-0.005745051899999999	0.042339998	0.047379092000000005	0.045323473899999994	-0.0540535144	0.054149551100000005	0.0712988656	0.0676712694	-0.0774916699	-0.0314316493	0.0841582233	0.0394014498	0.023955298	0.12250850449999999	-0.061646615999999994	-0.0030610778000000004	0.0268096405	-0.015564731200000001	0.0056730013	0.013903251399999999	0.05888589230000001	-0.1467968044	-0.016776613200000002	-0.1117334034	0.0469996925	0.0331206803	-0.0574326546	-0.0270166583	0.0327602546	-0.0396286915	0.0269380912	0.0114751573	0.0555319203	-0.021549723399999998	0.0837326331	-0.0131942643	0.0770237579	0.10244399800000001	0.049345343300000004	-0.0751664045	0.0351293762	0.054609658600000006	0.061761840199999994	-0.0441706354	-0.0243657732	0.0067150375	-0.09549190710000001	0.015007854199999997	0.0510775937	-0.1091041759	0.1090898686	-0.1090660245	0.1090326458	-0.102233	0.066123	0.010451586289000002	0.0043722511290000005	0.315768	-0.008859000000000006	0.099709429824	7.848188100000011e-05	0.35106	-0.0044379999999999975	1.969584399999998e-05	0.1232431236	-0.00861227	0.00016405000000000063	7.41711945529e-05	2.6912402500000216e-08	0.000645419	0.00022943400000000004	4.165656855610001e-07	5.263996035600002e-08	-0.000173257	-0.00012548840000000002	1.5747338534560005e-08	3.0017988049e-08	0.0	0.0	0.0	0.0
