global_signal	global_signal_derivative1	global_signal_derivative1_power2	global_signal_power2	csf	csf_derivative1	csf_power2	csf_derivative1_power2	white_matter	white_matter_derivative1	white_matter_derivative1_power2	white_matter_power2	csf_wm	tcompcor	std_dvars	dvars	framewise_displacement	rmsd	t_comp_cor_00	t_comp_cor_01	t_comp_cor_02	t_comp_cor_03	t_comp_cor_04	t_comp_cor_05	a_comp_cor_00	a_comp_cor_01	a_comp_cor_02	a_comp_cor_03	a_comp_cor_04	a_comp_cor_05	a_comp_cor_06	a_comp_cor_07	a_comp_cor_08	a_comp_cor_09	a_comp_cor_10	a_comp_cor_11	a_comp_cor_12	a_comp_cor_13	a_comp_cor_14	a_comp_cor_15	a_comp_cor_16	a_comp_cor_17	a_comp_cor_18	a_comp_cor_19	a_comp_cor_20	a_comp_cor_21	a_comp_cor_22	a_comp_cor_23	a_comp_cor_24	a_comp_cor_25	a_comp_cor_26	a_comp_cor_27	a_comp_cor_28	a_comp_cor_29	a_comp_cor_30	a_comp_cor_31	a_comp_cor_32	a_comp_cor_33	a_comp_cor_34	a_comp_cor_35	a_comp_cor_36	a_comp_cor_37	a_comp_cor_38	a_comp_cor_39	a_comp_cor_40	a_comp_cor_41	a_comp_cor_42	a_comp_cor_43	a_comp_cor_44	a_comp_cor_45	a_comp_cor_46	a_comp_cor_47	a_comp_cor_48	a_comp_cor_49	a_comp_cor_50	a_comp_cor_51	a_comp_cor_52	a_comp_cor_53	a_comp_cor_54	a_comp_cor_55	a_comp_cor_56	a_comp_cor_57	a_comp_cor_58	a_comp_cor_59	a_comp_cor_60	a_comp_cor_61	a_comp_cor_62	a_comp_cor_63	a_comp_cor_64	a_comp_cor_65	a_comp_cor_66	a_comp_cor_67	a_comp_cor_68	a_comp_cor_69	a_comp_cor_70	a_comp_cor_71	a_comp_cor_72	a_comp_cor_73	a_comp_cor_74	a_comp_cor_75	a_comp_cor_76	a_comp_cor_77	a_comp_cor_78	a_comp_cor_79	a_comp_cor_80	a_comp_cor_81	a_comp_cor_82	a_comp_cor_83	a_comp_cor_84	a_comp_cor_85	a_comp_cor_86	a_comp_cor_87	a_comp_cor_88	a_comp_cor_89	a_comp_cor_90	a_comp_cor_91	a_comp_cor_92	a_comp_cor_93	a_comp_cor_94	a_comp_cor_95	a_comp_cor_96	a_comp_cor_97	a_comp_cor_98	a_comp_cor_99	a_comp_cor_100	a_comp_cor_101	a_comp_cor_102	a_comp_cor_103	a_comp_cor_104	a_comp_cor_105	a_comp_cor_106	a_comp_cor_107	a_comp_cor_108	a_comp_cor_109	a_comp_cor_110	a_comp_cor_111	a_comp_cor_112	a_comp_cor_113	a_comp_cor_114	a_comp_cor_115	a_comp_cor_116	a_comp_cor_117	a_comp_cor_118	a_comp_cor_119	a_comp_cor_120	a_comp_cor_121	a_comp_cor_122	a_comp_cor_123	a_comp_cor_124	a_comp_cor_125	a_comp_cor_126	a_comp_cor_127	a_comp_cor_128	a_comp_cor_129	a_comp_cor_130	a_comp_cor_131	a_comp_cor_132	a_comp_cor_133	a_comp_cor_134	a_comp_cor_135	a_comp_cor_136	a_comp_cor_137	a_comp_cor_138	a_comp_cor_139	a_comp_cor_140	a_comp_cor_141	a_comp_cor_142	a_comp_cor_143	a_comp_cor_144	a_comp_cor_145	a_comp_cor_146	a_comp_cor_147	a_comp_cor_148	a_comp_cor_149	a_comp_cor_150	a_comp_cor_151	a_comp_cor_152	a_comp_cor_153	a_comp_cor_154	a_comp_cor_155	a_comp_cor_156	a_comp_cor_157	a_comp_cor_158	a_comp_cor_159	a_comp_cor_160	a_comp_cor_161	a_comp_cor_162	a_comp_cor_163	a_comp_cor_164	a_comp_cor_165	a_comp_cor_166	a_comp_cor_167	a_comp_cor_168	a_comp_cor_169	a_comp_cor_170	a_comp_cor_171	a_comp_cor_172	a_comp_cor_173	a_comp_cor_174	a_comp_cor_175	a_comp_cor_176	a_comp_cor_177	a_comp_cor_178	a_comp_cor_179	a_comp_cor_180	cosine00	cosine01	cosine02	cosine03	trans_x	trans_x_derivative1	trans_x_power2	trans_x_derivative1_power2	trans_y	trans_y_derivative1	trans_y_derivative1_power2	trans_y_power2	trans_z	trans_z_derivative1	trans_z_power2	trans_z_derivative1_power2	rot_x	rot_x_derivative1	rot_x_power2	rot_x_derivative1_power2	rot_y	rot_y_derivative1	rot_y_derivative1_power2	rot_y_power2	rot_z	rot_z_derivative1	rot_z_power2	rot_z_derivative1_power2
526.1862233610442	n/a	n/a	276871.9416549587	783.6114314786456	n/a	614046.8755440121	n/a	444.0349239560089	n/a	n/a	197167.01369261864	444.24431320712546	750.983057427065	n/a	n/a	n/a	n/a	-0.12330540949999999	-0.1269987286	-0.08305622509999999	0.0042171829	-0.0114915669	0.0636429006	-0.4552067107	0.2786291678	-0.4957534263	0.1338688491	0.0742329345	-0.0221414066	0.0380088509	-0.1655548477	0.0769180149	-0.028545449100000002	0.0100291817	-0.0621573951	0.036393887400000005	-0.0710337759	0.0292567355	-0.0656403821	0.0188734724	-0.0776593746	0.0030623888	-0.07762883799999999	0.061446067800000004	-0.0479115689	0.147000614	-0.008800840400000001	0.07401458400000001	-0.0254600881	0.0122568033	-0.0040994866	0.0386640655	0.0012616027000000001	-0.0551682124	0.0441297369	-0.080681036	0.0668079606	0.0022661018	-0.0324009525	0.0946361486	0.0173756662	-0.0216725532	-0.0776373155	0.060350822199999994	-0.1119772252	0.0705417439	0.08041705980000001	-0.0994698374	0.0647903001	-0.023014746000000003	0.0441400755	-0.07266202440000001	0.024255510299999998	-0.011092001399999999	0.0259878435	-0.06966684769999999	0.016944823300000002	-0.05000847889999999	0.0177869552	-0.0055305007	0.0521038425	-0.0358471525	0.0321397437	-0.0842297086	0.0184533386	-0.0204486794	0.040021684700000004	-0.0714024104	0.1388159575	0.0258631466	-0.0393330731	0.007592805500000002	0.012530471299999998	0.145643222	-0.16852872989999998	0.0275645604	0.0326437678	-0.0527778329	-0.0093557915	0.1134489358	0.053268018	0.07739721719999999	-0.0987507419	0.1155573852	0.04826342	-0.0800194105	-0.0012327553	-0.0697759188	-0.0627254637	0.0381406633	0.1017487314	0.075385732	-0.0264138219	-0.0308686768	-0.0683045839	0.009242329799999999	0.014312508400000003	0.1014576682	-0.0890716627	-0.0696348345	0.0592448426	0.0446481713	0.097258369	-0.0079793417	-0.0647350866	-0.1387145873	-0.06543594230000001	0.1136012793	-0.0078243851	-0.004521061099999999	-0.011390513100000001	-0.0400796589	-0.0398285979	0.08347637690000001	-0.0032276203	0.10194448380000001	-0.1471639491	-0.07696430559999999	0.024070516099999998	-0.0077024851	0.0711364043	-0.08135596	0.060158953	-0.0058186873	0.0385655172	-0.0496080509	0.022798631200000002	-0.031443503	0.0317616536	-0.0078268465	0.0392122997	-0.023689887000000003	0.0702670276	-0.07272352480000001	0.0371192519	-0.044950839000000006	0.030875802999999997	-0.2016011405	0.0760126184	0.0499658218	-0.07174729219999999	0.1449201128	-0.1519575088	-0.0163532705	-0.1028577464	0.05912413110000001	-0.0368012877	-0.0432895053	0.026998451200000002	0.04014362	0.0483490528	-0.08338122120000001	-0.10468683320000001	0.0783488176	0.0077343637	-0.0619616636	-0.0218026642	-0.0332951641	0.10766099539999999	0.0133715417	0.0827012971	-0.0124947295	-0.08066085860000001	0.0079572353	0.0078466883	0.173631388	-0.0539942958	-0.0795255402	-0.052676214299999996	-0.024213628199999997	0.1105285148	0.0688434834	0.0014564609	-0.0260938854	-0.0340950033	-0.0118214768	-0.0296708712	0.1590992212	0.0604589126	-0.042563341100000006	-0.056841889000000013	-0.0323687853	-0.0115893045	0.0242013971	0.1091041759	0.1090898686	0.1090660245	0.1090326458	-0.0236414	n/a	0.00055891579396	n/a	-0.039557	n/a	n/a	0.001564756249	0.053082400000000016	n/a	0.002817741189760001	n/a	0.000869945	n/a	7.56804303025e-07	n/a	0.000449999	n/a	n/a	2.0249910000099999e-07	-0.000787478	n/a	6.201216004839999e-07	n/a
527.1581534490855	0.9719300880412902	0.94464809603995	277895.71874784963	771.702139935916	-11.90929154272965	595524.192781672	141.8312250497319	444.7395943967018	0.7046704406928939	0.4965604299863172	197793.30682414284	444.8444885228958	757.6077653537697	1.117076	38.768608	0.12052435	0.0661302	-0.0299303583	-0.09149991140000001	0.0449410279	0.0833314046	0.0361231333	0.0849188157	-0.2162355802	0.17595397210000002	-0.3131937756	-0.0532595605	0.1199349893	-0.024936761	0.066466375	-0.0315002463	-0.11666337189999999	-0.0234559394	0.0104187736	-0.013802346399999998	-0.0189395245	0.16304354570000001	-0.0016406513	0.0722992556	0.013217850500000001	0.0595165181	0.10466366640000001	0.059243164699999996	-0.0543502675	0.0114261536	-0.1165907005	-0.0074917139	-0.0922601567	0.0120163849	0.0028286178	0.0186040547	-0.0710936024	0.0456243699	0.1370283429	-0.0340033731	0.1524217584	-0.0219666027	0.007384665	0.0349952045	-0.060229011	0.043492482199999995	-0.0246682326	0.0813322004	0.0169625108	-0.0316705709	-0.0598081637	0.0752641993	-0.1130429507	-0.0657305653	0.10474471449999999	0.055168134900000006	0.0006681289999999999	0.0416738991	0.0644325758	0.0466198943	-0.0806037583	0.0523727082	0.022945537000000002	-0.0025072731	-0.0124136319	0.1157501394	-0.0976768025	0.08168843370000001	0.0188168404	-0.0040605154999999995	-0.0321880861	-0.0443746575	-0.06270730990000001	0.0044853066	0.0132645418	0.0079289386	-0.021842192599999997	-0.0080677568	0.0137226165	-0.10416401880000001	-0.0190825222	0.0627175521	0.0091533386	-0.024027499700000003	-0.033382123300000004	0.05531053019999999	0.06155902150000001	-0.0141149658	0.110716294	0.1003384414	-0.007099434399999998	0.0117317513	-0.0159634828	-0.013491244	0.024054167	0.0451981304	0.07534021240000001	-0.0765263317	-0.1103638258	-0.039127422599999996	-0.0097999291	0.010689986799999999	0.09437458929999999	-0.0419858767	0.0028064798	0.0352961366	0.1014765736	0.0267053334	0.0834228696	-0.015679723200000002	0.0212700172	-0.1588205211	0.061086363899999996	0.09070846869999999	-0.017471323799999997	-0.1182483852	-0.0358973857	0.023786494300000002	0.033749197	0.0407643181	-0.0389425712	-0.09001884380000001	-0.0734397029	-0.10220990890000001	0.1041315525	0.0726357377	0.0124209648	0.0678083678	0.0703340932	0.0499623453	-0.0648034562	0.0161149528	-0.068604628	-0.0083346651	0.0082737598	0.0388453935	-0.1292699712	0.06956819480000001	0.037037282000000005	-0.02092955	-0.027530176	0.0377817301	-0.0165836106	0.0886833738	-0.0100162202	-0.0753260791	0.048657749199999996	-0.08744185380000001	-0.0063939853	-0.0263059856	0.0041355224	0.014226039099999999	0.0621961184	0.021384457200000002	0.0353260595	0.027756941099999998	-0.0315593069	-0.0776876589	0.0615232412	0.0423645279	-0.12297084009999999	-0.0283893592	0.0550893509	0.060234794	0.0661269155	-0.0051746956	-0.011894227700000001	-0.09700425539999999	-0.0727252424	0.0082948085	0.1344722911	0.0074172656	-0.0370358931	-0.0108657383	0.0176998127	0.12787076349999998	0.0144228333	0.0110003219	-0.0731322045	0.075020962	-0.10633891050000001	-0.0195125547	0.0235484196	-0.1081369745	-0.0398848947	-0.16923538559999998	-0.024982854900000004	-0.1152026426	-0.0784995611	0.1090660245	0.1089372966	0.1087228625	0.108422891	-0.0463845	-0.0227431	0.0021515218402499998	0.0005172485976100001	-0.054062	-0.014504999999999997	0.00021039502499999992	0.002922699844	0.014257	-0.03882540000000001	0.000203262049	0.0015074116851600007	0.000122342	-0.000747603	1.4967564963999997e-08	5.58910245609e-07	0.000591413	0.00014141400000000005	1.9997919396000008e-08	3.497693365690001e-07	-0.000787478	0.0	6.201216004839999e-07	0.0
526.9616333472374	-0.19652010184813665	0.03862015043040199	277688.5630199882	765.0917272036372	-6.610412732278746	585365.3510354449	43.69755649107296	445.45633306735846	0.716738670656639	0.5137143220146461	198431.3446698174	445.53113840530335	760.6019956224391	1.059765	36.779606	0.0710418	0.0424991	0.0356154949	-0.0214979028	-0.0041184590000000005	-0.0356704428	0.0373319555	-0.018687385	-0.09020618279999999	-0.013202586799999999	-0.102354475	-0.06466592809999999	0.030008960499999997	0.0805424785	0.0850365091	0.00027741509999999997	-0.0632678874	0.08448055609999999	0.018374421499999998	0.0959314258	-0.031656628199999995	-0.053550074	0.0194222327	0.0287683814	0.0705863106	-0.0396621017	-0.0689051847	-0.0958685669	-0.0423903956	0.1080959776	-0.0347590129	0.035060665299999995	-0.0423268971	-0.0429160055	-0.059377156699999996	0.0830518645	0.0489209399	-0.05988693320000001	-0.0812096677	-0.08159987610000001	-0.1352612813	-0.078392608	-0.0634561031	0.0072708971999999985	0.0099611555	0.031730008	0.1732889139	0.0018148493	-0.05231581230000002	0.033278588	0.0122460027	-0.11009144230000001	-0.0479124492	-0.047923711900000006	0.0459317264	0.09559310970000001	-0.0801201228	0.1521670984	0.05786511730000001	-0.053280481799999994	0.043853780599999996	0.0700171619	0.1047050147	0.0043659136	0.0881484815	-0.034794463	-0.1088786034	-0.0112275731	-0.0679989902	-0.06734099730000001	0.0168534999	-0.0883213032	-0.0807986586	0.0182534647	-0.047407051	0.0263578372	0.016975274	0.0841906393	-0.0269875157	0.1716313968	-0.0902666218	0.07509187099999999	-0.014294693300000001	-0.12356206	-0.033953159100000005	0.015247385700000001	-0.1377792884	0.0364322543	-0.049918809	-0.0760161683	-0.0106286141	0.0351812325	0.0287543471	0.10981923019999999	-0.0034278904	-0.1505804164	0.0346743904	-0.1351280291	-0.1085219555	0.0426619662	0.0903985475	-0.0289814373	0.1026405993	0.0778319098	0.0162769793	-0.1141542919	0.04870901440000002	0.0748842643	0.044268708399999995	0.0523417695	0.0687624988	-0.037565186699999996	0.1228986589	0.046538140199999994	-0.0313367703	0.1088417709	0.1362650912	0.0352316947	0.0685018121	-0.0117319965	0.0039896882	0.1078083324	-0.0558384792	-0.0611451227	0.0500706438	0.0868594691	-0.0231668531	0.1559074445	0.0073832803	-0.0627619072	0.046494329699999996	0.0220622125	-0.07603816440000001	-0.1050917869	0.05463275150000002	-0.09687390609999999	-0.09104025789999999	0.012615851200000002	-0.0889454799	-0.0740791235	-0.049454968499999995	0.0963598831	-0.0137460773	-0.0483239383	-0.07429514150000001	-0.0300717024	-0.0848662917	0.1525554337	0.0161132322	-0.0823358177	-0.10812033089999999	0.0457367611	0.07367185030000001	-0.08447781800000001	0.0246647557	0.0068125103000000005	-0.0949313876	0.1679404042	0.055603381900000005	-0.0930495286	0.039606752099999996	0.010754888600000002	0.026861595800000002	-0.1040803423	0.12604079710000002	-0.0961585763	-0.0061024924	-0.10056627720000001	-0.07920394230000001	0.0508547501	0.0162491537	-0.011263605800000001	0.0132258896	0.0358232792	0.1033560999	-0.0179315071	0.1532258523	0.0387896281	-0.0169810711	-0.0253742329	-0.1549645026	-0.0047679006	-0.0753746083	0.0183053392	0.081652184	-0.0231457463	-0.021314349700000002	-0.0157061938	0.1391347251	0.10898973519999999	0.1086323659	0.10803761810000001	0.1072067914	-0.0115101	0.0348744	0.00013248240201	0.00121622377536	-0.04249	0.011572	0.00013391118399999998	0.0018054001	0.0142848	2.77999999999997e-05	0.00020405551103999995	7.728399999999832e-10	-0.000295446	-0.00041778800000000005	8.7288338916e-08	1.74546812944e-07	0.00051785	-7.356300000000001e-05	5.411514969000002e-09	2.6816862250000003e-07	-0.0007874789999999999	-9.99999999907325e-10	6.201231754409999e-07	9.9999999981465e-19
525.6286675104667	-1.3329658367706545	1.7767979219976906	276285.49610882875	761.4131805334665	-3.678546670170704	579750.0314900893	13.531705604623973	445.1001187730951	-0.3562142942633386	0.12688862343752838	198114.11573182335	445.1310431982312	754.1281152193777	1.051248	36.48402	0.0485569	0.024985	0.0169019648	0.0465658738	0.0265051205	0.0015540010999999998	0.0299765434	-0.033366700299999996	0.055474772	0.0123352684	-0.0667449845	0.0650544945	0.040098232000000004	0.0763336596	0.0436494208	0.052470162199999996	-0.0230598417	-0.052585473099999995	-0.0827267269	0.2120534567000001	-0.0553837371	0.18524651949999998	-0.0356639554	0.014110233600000001	-0.041169853799999996	-0.0426656854	0.0679296578	-0.1191332923	0.053911014800000004	0.029360184100000002	-0.0722494399	0.0268315433	-0.034750606600000004	-0.0590415734	0.0569976034	-0.0440884867	0.0356211921	0.0389586588	-0.11593155029999999	0.0048082627000000005	-0.0150114573	-0.0722117905	0.054483446500000005	0.0359507259	-0.0691504433	-0.1351360136	0.0631488295	0.0979771862	0.0645373175	0.0289289242	-0.0393075114	-0.0171603054	-0.007341678000000002	-0.020387149099999998	0.043601876	0.0091853079	-0.057502013	0.0170299423	-0.0096184551	0.0393963204	-0.0230074281	0.027496511499999998	0.083349015	-0.016698155	-0.0431257665	-0.0073115315	-0.0749024284	-0.045630476100000004	0.0030822954	0.011247284299999999	-0.07831303490000001	0.0602631897	-0.0404842952	-0.1061165131	-0.0669766599	-0.011466275900000001	-0.0972035282	-0.10225517769999999	0.12660647949999998	-0.11025402449999999	-0.0199496547	-0.0859183241	0.0162934974	0.0464282275	0.014444687099999999	-0.11459113470000001	-0.0229239671	0.0632189385	0.0034066863	-0.0110089499	-0.2243333011	0.0145117918	0.1153791761	-0.028144650499999996	-0.0480684931	-0.1250521037	-0.13194785369999998	0.10725790240000001	-0.0795465536	0.01151395	-0.11517515939999999	-0.0043478112	-0.071299324	0.0348264345	-0.1004753125	0.0014622642	0.022111500899999997	0.042691128200000004	-0.0986824727	-0.027273533	-0.10086414519999999	0.0388746423	0.1664815891	0.0784058002	-0.09102332939999999	-0.0281102669	0.0010308087	-0.0323379908	-0.150314035	0.0089338413	-0.05062264440000002	0.0205156407	-0.0021312479	-0.0206941969	0.030813871200000002	0.011940423300000001	-0.0606818786	0.0341773889	0.0042961632000000005	0.0362708353	-0.0015488217000000002	0.0072832168999999985	-0.041995503899999995	-0.0658373108	-0.042906550999999994	0.0330625086	-0.0609554602	-0.0787212092	-0.0181650286	-0.0067426602	0.0467776839	-0.1165921526	0.0549361455	0.0209361739	0.0060255306000000005	-0.109156511	0.0744804167	-0.1307628487	-0.0794291914	-0.08687203019999999	0.041313627799999995	-0.0437498648	-0.0744212134	-0.0214171498	-0.0238904382	-0.0779806423	0.15244521279999998	0.0609840663	0.1520444873	-0.1376079042	-0.0494137929	-0.014007535900000001	-0.0560934253	-0.1643542361	-0.0028247396999999995	-0.0161361407	0.0370806792	0.1302685389	-0.026023287000000003	-0.0899687127	0.0336523368	0.1359819901	0.005788721	-0.1348958056	0.10845947380000001	-0.0482737147	0.014865788000000001	-0.0091857562	0.0263043552	-0.0461306934	0.009677420899999999	-0.012152615	0.11442598429999999	0.1320326957	-0.060626408300000004	-0.1241127808	0.1467562422	0.1077846978	0.001977111	0.10887533449999999	0.108175503	0.10701244730000001	0.105391148	-0.0218445	-0.0103344	0.00047718218025	0.00010679982335999998	-0.0553965	-0.0129065	0.00016657774225000004	0.0030687722122499997	0.0142613	-2.3499999999999216e-05	0.00020338467769	5.522499999999631e-10	-0.00032429700000000003	-2.8851000000000043e-05	1.05168544209e-07	8.323802010000023e-10	0.0007985139999999997	0.0002806639999999997	7.877228089599982e-08	6.376246081959997e-07	-0.000591144	0.00019633499999999982	3.494512287360001e-07	3.8547432224999936e-08
525.1585360992643	-0.4701314112023738	0.22102354379913547	275791.4880379223	759.600983175619	-1.8121973578474808	576993.6536413671	3.2840592637893904	444.6304261736115	-0.4696925994836079	0.22061113800966886	197696.21587932736	444.5941229281978	748.9186573643361	1.0478980000000002	36.367756	0.08834168999999999	0.0433243	-0.034579242	0.0170631972	-0.0411988778	-0.0387599053	0.0215609592	0.0213846483	0.0008749575	-0.0457817204	0.0406138522	-0.022438702999999997	-0.0446303635	0.1280683173	0.0474577889	-0.008877636099999999	-0.07386600980000001	0.09314275960000001	-0.0029241978	0.0748826861	-0.0194527157	-0.108331508	0.0039505128	0.0216503169	-0.0894977253	0.0623767158	-0.0222080558	0.1722292854	0.0772364297	-0.0862816296	-0.0324861027	0.0693504795	0.0947393118	-0.18625563309999998	0.0236718894	-0.0594697268	-0.08419221630000001	-0.09881663449999999	-0.054340374299999994	0.007230086899999998	0.1174390914	0.042766702000000004	-0.0104099317	0.0014060989000000002	0.1043020548	-0.133167881	-0.051952655300000004	0.048217116100000006	-0.0728997082	-0.0080021923	0.0863878726	-0.0336223014	-0.015569936000000001	-0.07517257200000001	-0.0158857149	0.0215245649	-0.047946780599999995	-0.06864497139999999	0.1051466443	-0.0211190933	-0.0361983779	0.08419046359999999	0.098843452	0.029182696	-0.1594438317	-0.1325703088	0.0435291163	-0.10309243720000001	-0.0927297095	-0.023125126800000003	-0.0427202895	-0.08496196869999999	0.046108192699999995	0.1172338575	-0.09772582699999999	0.0707249462	0.0442564127	0.039017687	-0.0493796003	0.056336653499999986	0.1414587808	0.0729357295	-0.1022228469	-0.0265173296	-0.041586442	-0.06777457349999999	-0.0716086036	-0.0195063456	-0.0592281112	0.08494212050000001	-0.0595011921	0.0272840581	0.0464730817	0.03861419	0.0949529231	0.054820775700000005	-0.083023218	-0.038635882	-0.0001698306	0.1532651883	-0.05367656	-0.0183512193	0.0031080665	-0.0200499077	-0.0574747226	0.0763621803	-0.075412505	-0.0356267063	-0.08751173460000003	0.0028558377	-0.0216792095	0.0649205742	-0.0712452343	-0.034253090800000004	0.0803831985	-0.0668781946	0.1010767988	0.0021799274	0.0183576819	-0.0335346668	0.0748521127	0.0426498259	0.0066795189000000005	-0.0780442732	-0.030291181299999997	0.0324090789	-0.0405643028	-0.0328541892	0.1100588851	-0.017014781	-0.041004225400000004	0.0487473185	-0.0216226432	-0.13993082169999999	-0.1491721189	-0.0220610033	0.0700840725	0.0200067451	-0.06595660589999999	-0.1355726288	0.0278195668	0.0156718037	-0.07825910280000001	-0.1320776336	-0.0352614575	0.0772059039	-0.0563345175	0.0904000776	0.005697842	0.021994552200000003	0.1142608655	-0.032429133900000004	0.0604230999	0.0283389946	0.1705838889	-0.10818430039999999	0.0465996295	0.09242534699999999	-0.0324026045	-0.102011979	-0.0239140869	0.0364310543	0.023595603	0.0653127953	0.024452257999999998	0.08967424439999999	-0.1380629502	0.0526451612	0.005975256	0.06338861280000001	-0.0123705723	0.0797861356	-0.015799843600000002	-0.0835151455	-0.056460447300000015	-0.0943208232	-0.0369387814	-0.1012548608	-0.0196034641	-0.0381459053	0.110114444	-0.005441504000000001	-0.015131336799999999	-0.065856636	-0.0560636546	0.0820361767	-0.0372508253	0.0092370151	0.09044920199999999	0.1087228625	0.1075673469	0.1056505759	0.10298611449999999	-0.00691161	0.01493289	4.77703527921e-05	0.0002229912037521	-0.0317644	0.023632100000000003	0.0005584761504100001	0.00100897710736	0.014346700000000004	8.540000000000283e-05	0.00020582780089000005	7.293160000000484e-09	0.000131397	0.000455694	1.7265171609e-08	2.07657021636e-07	0.000456717	-0.0003417969999999997	1.1682518920899985e-07	2.08590418089e-07	-0.0007874789999999999	-0.00019633499999999982	6.201231754409999e-07	3.8547432224999936e-08
526.7628962255429	1.604360126278607	2.5739714147927075	277479.1488399221	759.3598969132516	-0.2410862623673893	576627.453040104	0.05812258590227766	444.5355315991332	-0.09489457447830317	0.00900498026541823	197611.83885412395	444.53325701188623	759.8909099013526	1.0558459999999998	36.6436	0.06307589	0.033551	0.0419112037	-0.0018121604	0.0186395616	0.032648363799999996	0.0247862344	0.0213469589	0.011061036399999998	-0.046580864400000005	0.051221109400000006	-0.11795199810000001	7.07404e-05	0.0260709054	-0.100781984	-0.1226840135	0.032989486400000004	-0.0764384721	-0.0913584617	-0.089286807	-0.056727697599999995	-0.1135212797	0.011322923700000001	0.0654258515	-0.0047686042	-0.09729350460000001	0.0725656361	-0.0575190642	0.010573541100000002	0.0526588183	-0.006176135699999999	0.0316840339	-0.0776801333	0.0043916346	-0.24548676239999997	-0.07390860860000001	-0.0032119759000000005	0.0035766413	-0.06946661009999999	0.13601535539999998	-0.0505904056	-0.0275303858	0.1074311597	0.0071287675	-0.067134181	-0.0911803231	-0.12444687189999999	0.086358455	-0.16408469039999998	-0.0037382306	-0.014212478700000001	0.0019742279999999997	-0.0065558994	-0.0179758306	-0.0424222621	0.1714835691	0.019405785800000002	-0.0022580932999999997	0.08988259529999999	0.0285925717	-0.1005074348	-0.0097908227	0.0174744462	-0.0023173182999999997	-0.0453623102	0.0366051842	-0.0033498253000000004	0.12366836689999999	0.1730274859	0.0471480107	-0.0626479368	-0.06389074019999999	0.10270883970000001	0.014478603999999999	0.1009169311	0.1269290458	0.0629896563	-0.0033352907	0.0221648063	-0.0008867611	0.029019674199999998	0.015057807900000001	0.0681968038	0.0378548016	0.0991170312	0.1004236141	0.1629423835	0.1366090482	-0.10684366769999999	0.0163221417	-0.0133920648	0.049733217	-0.0394846104	-0.015162138700000001	0.0778483715	0.0619841754	0.0689362676	-0.0152796149	-0.0347711018	-0.013416448999999999	0.0662984853	-0.0803902977	0.041417131600000004	0.0529304717	-0.1383923828	0.042244943300000004	0.063595076	0.0043357924	0.0017943880999999999	0.0378545509	-0.0374681932	0.0698765063	-0.1240099366	0.013970201399999998	-0.0471182805	0.066691658	0.0582784002	0.0725094442	-0.13536706380000002	0.0126026946	-0.0076682392	0.0038835018	-0.0011985425	-0.022748908199999997	-0.0367683202	0.1704040093	0.0703834212	0.045563283600000004	0.086499195	0.0337877442	-0.0934350389	-0.019743186	-0.013630295300000001	-0.0402454601	0.0196480107	-0.041095852200000005	-0.029191611800000006	0.04506703980000002	0.22749453649999998	-0.035390234900000005	0.0917888692	0.0011538505999999999	0.030064549399999998	0.0551880282	0.0167284713	0.1429541029	-0.024773103900000003	-0.113760229	-0.0340306706	0.0498894261	0.0712497175	0.0501725859	-0.08993754849999999	0.00168676	0.0065735512	0.23320945129999998	-0.0270301816	0.017008274	-0.0248647848	-0.0167844522	-0.0565083098	0.010934423899999999	0.0495262954	0.0192615046	-0.0011799515	0.0998991458	-0.0025053139	-0.053229140700000004	-0.0355758681	0.0250125857	-0.0052504944	-0.12302217210000001	-0.0698014083	-0.0763265591	0.1014356292	-0.030931389	-0.0600541742	0.0704285145	-0.024518526800000003	0.0544114954	0.0655783264	0.07253260389999999	-0.0485913465	-0.0015907544	0.0291981675	0.1116048985	0.10589821460000001	-0.0076023249	-0.0066004636	0.10853237240000001	0.1068087481	0.10395628859999999	0.1000051409	-0.0285693	-0.02165769	0.0008162049024899999	0.0004690555361361	-0.034911800000000014	-0.0031474000000000085	9.906126760000054e-06	0.0012188337792400005	0.0143204	-2.630000000000167e-05	0.00020507385616000005	6.916900000000877e-10	-0.000120226	-0.000251623	1.4454291076e-08	6.331413412899997e-08	0.0007384139999999997	0.0002816969999999997	7.935319980899986e-08	5.452552353959996e-07	-0.000555909	0.00023156999999999984	3.090348162810001e-07	5.3624664899999927e-08
526.9544158744678	0.1915196489248956	0.03667977592431526	277680.9564096016	760.3961804128146	1.0362834995629555	578202.3511863977	1.073883491466446	445.28306216822716	0.7475305690939535	0.5588019517299301	198277.00545391327	445.28665624497256	763.2294580912721	1.0384209999999998	36.038857	0.071481453	0.0321624	0.064630668	-0.00028390880000000004	0.008467328599999999	-0.0368054098	0.0118757761	-0.0548836362	0.0335060354	-0.0600589871	0.0452234776	0.0364743861	0.011659113200000001	-0.09449227240000001	0.0935162033	-0.1017025092	0.0561651915	0.1437845532	0.0014625532999999998	-0.1392598837	0.0681720201	0.0202812713	-0.1151590668	-0.0273456766	-0.0289714528	0.0079229099	0.059132925999999995	0.0248905901	0.021720013	0.0238065143	-0.011574226000000002	-0.06633782349999999	0.0723159657	-0.045574850800000004	0.0268042033	0.0437870386	-0.0216753922	0.1130764951	-0.0051097834	-0.0640638954	-0.0101256412	-0.0379369522	0.090866869	0.0072031844999999985	0.0415910911	-0.0669125141	0.053933990999999994	0.0490360295	0.0023394258	-0.0023008038	-0.006619375699999999	-0.0411128238	-0.1062839158	-0.0930886428	-0.011117361599999999	0.0157755499	-0.0915065732	0.0168874531	0.0664526327	-0.0314493244	0.012400163600000002	0.024035741099999997	0.0606794857	0.013606721399999999	-0.06122651	0.034276144	0.0878947748	-0.0732615721	0.048605759299999995	0.040338797200000005	-0.0015715466	-0.0620917287	-0.045282272199999994	-0.1482929862	-0.11663881599999999	-0.0030131039000000004	0.0186088126	-0.1002439678	-0.047655431100000006	-0.0186798963	-0.0513679934	0.0013210866	-0.03386434	0.0542774196	-0.008879244	-0.14890184550000002	-0.020493949299999998	0.0979980508	-0.016835784	-0.023117928399999998	0.0484950406	-0.09318108230000001	-0.0346898617	0.0402570164	-0.13601672609999998	0.0174310666	-0.0070170539	0.0551675871	0.1990320428	0.0362628168	0.0389769176	-0.0541702762	-0.1422994546	-0.0686967082	0.1279079766	-0.1803254473	0.0738377443	-0.0099527973	0.1108157494	-0.0059355999	-0.011867221399999999	0.0123376148	0.0114142224	-0.0018378261	0.078785429	0.10782418390000001	-0.0289922456	0.0368852561	-0.2389988266	0.004680258400000001	0.0048562305	0.020491966599999998	-0.0860431541	-0.1089018329	-0.019339803500000002	0.024709048900000002	-0.0751949294	0.0380153462	0.0688790336	-0.041304707999999996	0.0296452776	-0.0293838685	0.0010861824000000001	-0.06648270190000001	-0.0416814575	0.1251874186	0.0519453511	-0.0546955637	0.008152136899999999	-0.0446766336	0.0442147619	-0.0278946463	0.0927945717	-0.009125084	-0.0481706238	-0.078547803	-0.13815872380000002	-0.013772041399999999	-0.0520114004	0.0892809701	-0.0763692352	-0.070906474	-0.0442163559	-0.035884485699999996	0.0221861579	-0.1119470435	0.1280494532	0.0217234369	-0.0292622449	0.1009736066	0.0795642101	-0.0175520669	-0.096199676	0.0265230513	-0.140056213	-0.08103306980000001	0.0284789552	-0.048836015700000006	0.0955616548	0.05100336	-0.153401531	-0.0181045386	0.12441622960000001	0.0057852692	-0.08463758789999999	0.0625827311	0.109136571	0.2133751081	0.073110459	0.0615699308	-0.0767397437	-0.0010400235000000001	0.057750789800000014	0.032457652999999996	-0.0019240868	0.0712128273	0.0342580829	-0.0370358986	-0.1860375153	0.10830393099999999	0.1059007676	0.1019349164	0.09646489789999999	-0.014683600000000003	0.013885699999999996	0.00021560810896000004	0.0001928126644899999	-0.0313727	0.003539100000000003	1.2525228810000025e-05	0.00098424630529	-0.000101053	-0.014421453	1.0211708809e-08	0.00020797830663120902	0.000197435	0.000317661	3.8980579225000014e-08	1.0090851092100001e-07	0.000363154	-0.0003752599999999997	1.4082006759999975e-07	1.3188082771600002e-07	-0.0006556919999999999	-9.978299999999988e-05	4.2993199886399995e-07	9.956647088999976e-09
525.9712700263296	-0.9831458481381788	0.9665757587113388	276645.7768931102	759.1222446772656	-1.2739357355490029	576266.5823638503	1.622912258308779	445.0521761062865	-0.2308860619406801	0.05330837359847555	198071.43945694107	445.0316965873434	753.4694341607242	1.065125	36.965622	0.059279353	0.0266603	0.029223266	0.0575021034	-0.007304659499999999	0.011163165400000001	-0.0025542536	-0.036227490099999995	0.041842220699999995	-0.006483268	0.0519299689	0.13199856470000002	0.0656163723	-0.0105406367	-0.057063360599999995	0.0364646576	-0.003591280800000001	-0.017330367	-0.0634662617	-0.021386232	-0.0711393639	0.050560007000000004	-0.1424450591	-0.0699404166	-0.0484048533	-0.015196777600000001	-0.0570100188	0.015868743	-0.1014076775	0.1333904125	-0.0053719643000000004	-0.06393960509999999	-0.060098050199999996	0.13098898890000002	0.0886635383	-0.11596963449999999	-0.028715692400000006	-0.0873750673	0.0230129654	-0.06397714389999999	0.10042980359999999	0.0558115188	-0.17540348190000002	0.09361935769999999	-0.0362475875	0.0076708036	0.0274991198	0.039044134	-0.0392645101	-0.0086935729	0.026449291	0.0152070703	-0.0716908829	0.0105005431	-0.0507412044	0.067466585	-0.0540528089	-0.0561192914	-0.0135780733	-0.061054957800000004	0.0678419909	-0.0147215943	0.0855118489	-0.0136594612	0.0208049199	0.0017673285	0.1654543164	0.09310520380000001	0.0204455213	-0.0027518651	0.0236775848	0.1607613605	0.0716011334	-0.0031812044	0.111098365	-0.0314377313	-0.0708302547	0.0469764381	0.1354171726	-0.006314693499999999	-0.0675241292	0.1025243096	-0.014912311299999996	-0.0542369508	0.046037450599999995	0.045235375700000004	0.0302309484	0.0233300017	0.0202944056	-0.0667801445	0.1428568511	-0.0419257971	-0.023072874500000003	0.0065844539	-0.023523841299999997	-0.0766199874	0.0229684834	0.0526712649	-0.0201632079	0.1928390008	0.1512988446	0.1421044092	-0.0830501574	-0.0037314704	0.019204641499999998	-0.013059335	0.1120371158	0.020438923	-0.09841518949999999	0.0527271805	0.0621928112	0.047960063600000005	0.034865642	0.0960213322	-0.0711550387	0.0268390662	-0.0666524714	-0.056216296500000006	-0.0153071683	-0.023985009300000002	0.013480917	-0.0347171665	-0.0493259317	-0.006582800400000001	-0.0413330487	0.0530970135	-0.0708743017	-0.04664522980000002	-0.0351701533	-0.0687659369	0.0349364551	-0.0947980569	-0.033328162599999996	-0.0581173084	0.0212945196	0.02050837	0.1440000985	0.0690248497	0.038616941	0.1243805567	-0.0041525583	-0.11262717550000001	0.034980063900000004	-0.0118629998	0.0611835837	0.0800311688	0.13765807230000002	-0.0155066149	0.010763209099999999	-0.1118171381	-0.09596494259999999	0.0603012222	-0.0089443189	-0.0946068353	0.017807164599999998	0.056173488	-0.09749800369999999	0.035709911000000004	-0.015994144199999998	0.156615796	0.09823196449999999	0.052565078	-0.0367410249	-0.04344908	-0.029010801699999998	4.66092e-05	-0.0221288772	-0.0356801707	-0.053777246900000006	0.0553246287	-0.2049050052	0.1413985377	-0.1325655899	0.018199621399999998	0.11312603980000001	0.059875400499999995	0.08887230689999999	0.0951702073	-0.0190538289	-0.1159925	0.017730446599999998	-0.0287480127	-0.0504431005	-0.0346415471	0.0569724871	-0.015711074499999998	0.0591000759	0.1117115825	0.0015299717000000002	0.10803761810000001	0.1048446753	0.0995928192	0.0923851842	-0.0233334	-0.0086498	0.00054444755556	7.481904003999999e-05	-0.0292512	0.002121500000000002	4.500762250000009e-06	0.0008556327014400001	0.008513349999999998	0.008614402999999998	7.247712822249996e-05	7.420793904640897e-05	-0.000105497	-0.000302932	1.1129617009000003e-08	9.1767796624e-08	-0.0	-0.000363154	1.3188082771600002e-07	0.0	-0.0007874789999999999	-0.00013178699999999996	6.201231754409999e-07	1.736781336899999e-08
524.8620860487563	-1.109183977573366	1.230289096105473	275480.20937145205	760.59341679985	1.4711721225844483	578502.3456792705	2.164347414269632	444.2378168741421	-0.8143592321443407	0.6631809589787202	197347.23794110387	444.2784327924331	748.7240971530206	1.064467	36.942791	0.077668759	0.0367458	-0.0110536278	0.0790755175	0.0098779418	0.017724546	-0.004825407800000001	0.022564336400000003	0.0543374432	-0.034247112	-0.0061406974	0.1105876762	-0.09676962970000001	-0.0514556503	-0.05854679440000001	0.0920635657	-0.0884512787	0.050412119000000005	-0.0808714754	0.0406864913	0.029260582200000006	-0.0008381938	-0.028708641899999998	0.043200450700000004	-0.0713436919	-0.0121442994	0.16861803949999998	0.025465839599999998	0.14769108820000001	0.1673906021	-0.09709228449999999	-0.1183438638	-0.0466642873	0.0711046362	0.0893572312	-0.0931644405	-0.1323181319	-0.0221274367	-0.0377584115	-0.030524629900000006	0.0969073476	0.012215025	0.10025991109999999	-0.1703505077	-0.1043829398	-0.0017617547	-0.0374377393	-0.1756974785	-0.05874543700000001	-0.0562276497	0.0019900704	0.0456091719	-0.0379411274	-0.0416696371	0.0822942608	0.0101789996	-0.0389210268	0.057741620099999995	-0.0235933427	-0.0059513827000000005	-0.0402759597	-0.1883578042	0.0730047311	-0.0691670483	0.034382483	0.0641508928	-0.11851718210000001	0.0886396292	0.0686768969	0.019578473	0.1546908604	0.0519638302	-0.0496962527	-0.0741712595	0.1596562762	0.030614246	0.1354671683	-0.0861670409	-0.10968155460000001	0.0264757832	0.201285364	0.0508915541	0.0447034862	-0.1568175931	-0.1997043395	-0.0423107037	0.10637542720000001	-0.056989456699999996	-0.014749955700000001	0.07440062530000001	-0.0032338615999999995	-0.0959445643	0.07111168080000001	-0.0449465254	-0.1346984134	-0.0785402349	-0.026086648799999997	-0.0083330127	0.09508561869999999	0.07229560019999999	-0.0415256998	0.029616573599999998	-0.14823333	0.0787148259	-0.0540162668	-0.06948625280000001	-0.0624007794	0.0462157304	-0.0601235866	-0.0046860464	0.0365773672	0.0144093996	-0.0829746705	-0.023829458900000003	-0.0128508119	-0.0229514702	0.0227921167	-0.09955500869999999	0.0733615942	0.034048065499999995	0.0299481729	-0.059209018899999986	-0.0074535708	-0.0515097991	0.07996488759999999	-0.0037841084999999997	-0.023798799500000002	0.0646099545	-0.0530779341	0.0169084547	-0.0473116888	-0.1711095119	0.08903150619999999	-0.032735928399999996	-0.0159118813	-0.053426031900000004	-0.1134056825	-0.018563334	0.0633580478	0.2168654863	-0.1008408566	0.11579746869999999	0.1426957341	0.1413662923	0.0143535843	0.0863214579	-0.1500306816	0.020638913300000002	-0.0273494138	0.097792749	0.1541747778	0.0974467379	0.12726746320000001	-0.0763266888	0.1059445609	-0.061800266799999996	0.0686712798	-0.14305823410000001	-0.011003783	0.012808474399999999	-0.0196194253	0.0481133724	-0.0024093832000000003	-0.0475289025	-0.051498721500000004	-0.1280187397	0.0823896963	0.0363802216	0.0582145575	0.0093172794	-0.1214518383	0.0582352258	-0.00711566	-0.0711319231	0.0077840965000000005	-0.12000425740000001	0.049436229000000005	-0.0716606467	0.0733001477	-0.019328484099999998	0.0333741651	0.0680612719	-0.0856888782	-0.0423309061	-0.0222373779	-0.0289986806	-0.1431213539	0.0527652163	0.042501786	0.1077335267	0.1036419483	0.09693736609999999	0.087788815	-0.0146825	0.008650900000000001	0.00021557580625	7.483807081000003e-05	-0.0148387	0.014412500000000003	0.00020772015625000005	0.00022018701769	0.0009341210000000002	-0.007579228999999997	8.725820426410005e-07	5.7444712234440954e-05	5.51936e-05	0.0001606906	3.04633348096e-09	2.582146892836e-08	0.000571507	0.000571507	3.2662025104899996e-07	3.2662025104899996e-07	-0.000579154	0.00020832499999999987	3.3541935571600003e-07	4.3399305624999954e-08
525.0843119737268	0.2222259249705303	0.049384361729007765	275713.53468092205	759.1301693535304	-1.463247446319656	576278.6140227198	2.1410930891609943	444.09456541717003	-0.14325145697210928	0.02052097992463208	197219.98303306513	444.07822808061286	745.9094821223407	1.019515	35.382706	0.012653600999999995	0.00663803	-0.031261156899999996	0.0531531664	0.0333204255	-0.0038591749	0.0023075826	0.1197990425	0.046165449299999994	-0.013927159299999999	0.0462795185	-0.1288323163	-0.0457588946	-0.0467146149	-0.0990159258	0.0027266493	0.0584843313	-0.09788251210000001	-0.09895800240000001	-0.0411158941	-0.0528361087	0.0050642171	0.046699213200000006	-0.1444416948	-0.0817187214	0.0685369218	-0.18776315359999998	0.0706757474	0.013123511599999999	-0.058568740099999995	-0.1370603744	0.0054125362	0.12117034310000001	0.0055063544999999995	0.0537460494	0.0559014251	0.0450028543	-0.0054230716	-0.0028763115999999997	0.0352896	-0.1016497135	-0.1422635894	-0.0211531537	0.0424475746	0.14408928869999998	-0.09609262310000001	-0.0080996876	-0.0940979821	0.0368189834	-0.0508555294	-0.0083593987	0.0318471566	-0.0200719172	-0.0190351609	0.0508145651	0.129718359	-0.0418104933	0.1809062968	-0.024495381200000003	-0.0300160619	0.0073024889	-0.0594524292	0.1305390092	0.1157752873	0.0189336108	-0.0115237117	-0.0237263241	-0.0460329346	-0.0512459655	0.0314780461	-0.0953688208	0.06386620030000001	0.0464574225	-0.0181418705	-0.0542150796	0.0276068787	-0.060232437699999995	0.09101645550000001	0.0860423376	-0.0094903602	0.10580338539999999	-0.055495719400000004	-0.0301072765	0.058379645599999995	0.049735813600000005	0.0101349511	0.0215322529	-0.0228006962	0.1037451076	-0.0054404949	0.1621985022	0.1824275598	-0.0536203265	0.029351814599999998	-0.08545911980000001	0.057225787199999996	-0.0048869671	0.0093289818	0.0497228815	-0.0306514375	0.0139005838	-0.0345776179	0.0232621253	-0.00210529	0.1893761492	-0.0500210168	-0.1554769134	-0.0894544272	0.0061905648	-0.0446592013	-0.0478422414	0.0981440349	0.027689945299999998	-0.0289775915	-0.0218121208	-0.08667979560000001	-0.06685162	0.1503410563	0.1522124505	0.05964397780000001	0.014870301899999999	-0.0290005922	0.015040593400000003	-0.048632604	0.0707891957	0.1309259266	0.0155059769	0.1527926951	-0.051915706500000006	-0.0154945469	0.0415401013	0.0234088829	0.11146991740000001	-0.16429505619999998	0.0233810108	-0.014069686599999999	-0.0453702536	-0.0237011269	-0.06890955730000001	-0.028972384	0.0345201546	-0.1361679013	-0.0360319049	-0.051878278300000004	0.0805784289	-0.0172542727	0.0280278722	0.0399033877	0.0743819996	-0.0809836946	0.0971659077	0.0021020292	-0.0332093151	0.0413475172	-0.031060336	-0.004765780900000001	0.0198479626	-0.021353016699999998	-0.0864355341	0.18865085920000002	0.0487796058	-0.1713150018	-0.011106495400000001	0.0312288172	0.0156834764	-0.0289002889	-0.0686398299	0.061133233899999986	-0.021553808900000002	0.046403935800000004	-0.0104683302	-0.08119710320000001	0.0838737245	0.1586335226	-0.0837037624	-0.061057246600000004	-0.0173763203	-0.0729930416	0.049643288	0.0047615910999999995	0.0827575029	-0.045451451600000005	-0.0049994873	0.0834914133	0.0636729834	-0.0923697056	0.027059332999999998	-0.1422003532	0.10579803439999999	0.1073917633	0.1022942687	0.0939769123	0.0827014951	-0.0146724	1.0100000000000732e-05	0.00021527932176	1.020100000000148e-10	-0.0145284	0.00031030000000000115	9.628609000000074e-08	0.00021107440656	-0.00176466	-0.002698781	3.1140249156e-06	7.283418885961e-06	0.000122696	6.750239999999999e-05	1.5054308416e-08	4.556574005759999e-09	0.000597815	2.630800000000006e-05	6.921108640000032e-10	3.57382774225e-07	-0.000678032	-9.887799999999994e-05	4.5972739302399996e-07	9.77685888399999e-09
526.7656835492661	1.6813715755392875	2.8270103750314672	277482.08536512556	759.3497709380243	0.21960158449394385	576612.07462363	0.048224855912250765	444.8209318037533	0.7263663865832655	0.5276081275580299	197865.66137075934	444.85196471021317	759.4568248843542	1.065527	36.979591	0.07500914	0.0367113	0.0541917585	0.012899695800000001	-0.1016596438	-0.0037846375	-0.0473891785	0.0487481712	0.0032005495	-0.0377517606	0.1085116644	-0.10808807880000001	0.0400492002	0.0432243542	-0.1500351275	-0.0230209349	0.0115807048	-0.08554166789999999	-0.0327556485	0.1850686932	-0.040629711	-0.10050406880000001	0.0781292705	-0.0522958359	0.0400674698	0.031513209900000005	0.029354999700000002	-0.0112764042	-0.12971165839999999	-0.0036487831	0.0028810388	-0.0582237617	0.1121710105	0.011495586399999999	0.00024314549999999998	0.1352739182	-0.0783135907	-0.0657213317	-0.101205819	0.0235966696	0.0203919195	0.0266365179	0.0251722714	-0.011921360700000001	-0.104310844	0.036723220699999996	0.060826204	-0.17979639670000006	0.0829690265	0.08628452910000001	0.068923699	0.035193874300000004	-0.0087949894	-0.007419946899999998	0.0378895006	0.09591223800000001	0.023804272400000003	0.0191459382	-0.0637188462	-0.2162282854	0.0636385364	-0.0983978933	0.0043649176000000005	0.1131407379	-0.0179164793	-0.0548988975	0.0388540348	-0.0358879488	0.1166443788	0.048638305599999994	-0.0392694579	0.1641695669	0.0718364045	-0.038248918	0.0791886404	-0.008416524	-0.25017713989999996	0.0388800236	0.0630300287	0.0730433729	0.0125257315	-0.0139983875	-0.0441534561	0.0250672564	0.0681002607	0.0509446749	0.024309272000000003	-0.0021256382	0.0398062293	0.0202147323	-0.0911350459	0.0181094893	-0.0755584503	0.0062955730000000005	-0.0219124052	-0.113007532	-0.1764497027	-0.0353148192	-0.1622911046	-0.0716564971	-0.0689572634	0.14619957039999998	0.0063802403	-0.061580173700000004	0.0011941553999999998	-0.003943768	-0.0115786029	-0.0840246458	-0.0202518702	0.0063794888	0.1284534833	0.0025450658	-0.1319424548	-0.0023720807999999998	-0.017441802	0.0299849891	-0.023276042	0.1592971583	-0.0404120944	-0.0852266736	0.0048788704	0.0237088472	0.0581487919	-0.0450164699	0.0656224683	0.11177286480000001	0.017034852	-0.008357824	-0.0850011824	-0.2220159806	0.0020818733	0.0732969249	0.1515547572	-0.0238063077	0.017795763	-0.0016740713	0.06694422480000001	-0.0724092749	0.0561690621	0.0862055162	0.1066621819	-0.152694426	0.0784081255	0.0022306743	-0.0081593887	0.069744132	0.2331864887	0.0620336888	0.0771948492	-0.08714838890000001	0.0120437763	-0.0012787369	-0.056522708899999996	-0.013441557	0.0019036903	0.0349574088	-0.026608574500000003	0.0043502187	0.048862847	-0.0040783797	-0.093116165	-0.0355931172	-0.12428749929999999	-0.0625357353	0.1995101105	-0.033506265800000004	0.026351155	0.0756759144	-0.0208663403	-0.1509350235	-0.017990980400000002	0.12422092050000001	-0.039936246099999996	0.0605382514	-0.0994756486	-0.0026465054999999997	-0.0803765187	0.013169495600000001	0.0122636325	-0.0149131529	-0.007459241700000002	0.0333300909	-0.0727216145	-0.10516545669999999	-0.0237201471	0.059374693	0.1260153004	-0.0296234903	0.011977703300000002	0.10701244730000001	0.1008035212	0.0907207723	0.077151675	-0.0147009	-2.850000000000075e-05	0.00021611646081	8.122500000000427e-10	-0.032413599999999994	-0.017885199999999997	0.00031988037903999983	0.0010506414649599997	-0.011537100000000002	-0.009772440000000002	0.00013310467641000002	9.550058355360003e-05	-0.00032947900000000003	-0.000452175	1.08556411441e-07	2.04462230625e-07	0.00034366199999999995	-0.00025415300000000007	6.459374740900002e-08	1.1810357024399994e-07	-0.0004379	0.000240132	1.9175641e-07	5.7663377424e-08
527.9914951559765	1.2258116067104083	1.5026140951459528	278775.0189570436	757.8037546507165	-1.5460162873077934	574266.5305627234	2.3901663606209738	445.3208453557296	0.4999135519763058	0.2499135594495666	198310.65530834164	445.2876043122048	767.8021660686908	1.067282	37.040489	0.054465965	0.0285051	0.1098367318	-0.0011486407	0.0587840129	0.07029584950000001	0.0035799162	-0.0673232359	0.0956637152	0.016290732	0.0784260104	-0.08553816060000001	0.00103528	0.0239891999	-0.018491534599999998	-0.0836651696	-0.024330237299999998	-0.0341189915	0.0356397314	-0.0871950732	-0.039826112000000004	-0.0721353312	-0.1028914153	-0.0315071273	0.1473708921	-0.0667972575	0.10262551630000001	-0.012998194199999999	0.034371782000000003	-0.0949684453	0.0125078144	0.0213093186	-0.0364024492	0.0316279716	-0.0102927778	-0.0162122582	0.032782593	-0.0694560249	-0.0692994598	-0.0684522308	-0.025773572	-0.013783713799999998	-0.0134452819	0.028906269900000007	0.1124944657	-0.088343878	-0.026932430499999997	0.0120780672	0.0905907235	0.0973660118	-0.0740120559	-0.0100050474	0.0027531943	-0.1291111094	-0.051026043	0.0510282571	0.0008305685	-0.024814183700000002	0.0184377156	-0.017657210700000002	0.056005245	-0.008468508199999999	-0.1354798653	-0.0861334757	0.0488742661	-0.096813552	-0.0164223022	-0.08440295789999999	0.14874155390000002	-0.0941757773	0.0761974542	0.069460964	0.007482466	0.0900735557	-0.12264755279999999	-0.0117340162	0.035756178900000005	0.070772395	-0.061085475	0.025814624900000003	0.06962322879999999	-0.028915517400000007	0.0278520049	0.0701367881	-0.021285656899999998	-0.087277008	0.0838963083	-0.0350633692	0.0198794431	-0.140734696	-0.059148203600000004	-0.007939135	-0.1468191807	0.08893245400000001	0.07888559049999999	-0.1164137382	0.0931589634	-0.0482076459	0.026377465299999996	-0.0389942305	0.022906889700000002	0.0076063938	0.08027198519999999	0.0920444719	-0.12731564199999998	-0.047335191299999996	-0.0676525441	-0.0392984359	-0.0454891133	0.0582014676	-0.06627837660000001	0.002438085	0.0595899619	-0.13894406310000001	0.0257016977	0.0507124704	-0.014398339599999999	-0.0364085466	0.0655970676	-0.0225353436	-0.1054291527	0.053593516699999996	0.0183707449	-0.11086391779999999	-0.0610291526	0.046976599400000006	0.0205726379	-0.0307058287	0.0262989206	-0.0171164789	0.0422452773	0.0223202197	0.0122665961	0.1305411756	-0.0336787848	-0.09437548300000001	0.0677754861	-0.18891695	0.12402190460000001	-0.026062791800000002	-0.0926338186	0.0399699944	-0.0756818722	-0.11788899289999999	-0.0480690446	-0.0197952409	-0.06016793	0.1017449454	0.0573022725	0.023547936499999998	0.0286827146	0.0733035135	-0.071035687	0.0599065192	-0.0232982397	0.0350266432	0.0629740294	-0.07077861839999999	0.0800146766	0.020603403	0.1409261634	0.0072090142000000015	-0.012532386000000001	-0.0763636816	0.11397744130000001	0.0016107747	0.05495381059999999	-0.18341894	0.06393812110000001	-0.009980334	0.06874205580000001	-0.057744821900000014	-0.05728939650000001	-0.0186516545	-0.0016654636999999999	-0.1444169708	0.005792040300000001	-0.0518203916	-0.0612884391	-0.0408520397	-0.0392696627	-0.009071002199999999	0.030235741200000006	0.1282602134	-0.046450487699999994	0.052650817999999995	-0.0911602407	0.016710055300000002	0.0765386693	0.1065957114	0.0991717909	0.08717919119999999	0.07117039139999999	-0.00143449	0.01326641	2.0577615601e-06	0.0001759976342881	-0.0165456	0.01586799999999999	0.00025179342399999976	0.00027375687936	-0.016038199999999996	-0.004501099999999994	0.00025722385923999984	2.0259901209999947e-05	2.80151e-05	0.0003574941	7.848458280100001e-10	1.2780203153481e-07	0.00035206	8.398000000000064e-06	7.052640400000108e-11	1.2394624360000002e-07	-0.000488617	-5.071700000000004e-05	2.38746572689e-07	2.5722140890000035e-09
527.0836404430737	-0.9078547129028038	0.8242001797398324	277817.1640227234	757.7671250359814	-0.0366296147351477	574211.0157852967	0.0013417286756453493	445.2459282917988	-0.07491706393079768	0.005612566468011225	198243.93666042565	445.29518885006297	771.0948257342218	1.053422	36.559483	0.104512337	0.044944800000000014	0.0907385694	-0.012315526100000002	0.0060535838	-0.07384595070000001	-0.06818852110000001	-0.0883551114	0.0190194475	-0.06142893820000001	0.1252243857	0.1107532241	0.0782964998	-0.0563924925	0.09239307199999999	-0.020760298899999998	0.031670715099999996	0.013102466299999999	0.005991294499999999	-0.0348235535	-0.0470964526	-0.0765552825	0.0531984833	-0.0076975428	-0.0189259402	-0.050817139000000004	-0.021713168999999997	-0.0799660432	0.065232496	0.0420595414	0.0679154836	-0.0676396633	-0.09832274070000001	-0.1028630024	0.0353693802	-0.0469965983	0.0366607837	-0.12254231480000001	0.046968736500000004	0.0253814258	0.1550948358	0.1396140578	0.0929183715	0.1088246744	0.108733574	0.059794068	-0.0740687394	-0.023288946499999998	-0.0660693465	0.0473093229	0.011130586999999999	-0.0658190209	-0.0049937116999999994	-0.027141021499999998	-0.052720937300000006	0.0911792564	-0.052676960599999996	-0.1526970171	-0.0370208279	0.0461663079	0.0727962985	-0.0264517625	0.0761424246	-0.1071854175	-0.0267680777	-0.0021637946	0.0533362042	-0.0513073351	-0.0679543604	-0.030707378799999997	-0.0040069823	-0.0578906185	0.10857227439999999	0.0825887229	0.0474438076	-0.0578755238	-0.018119237399999998	-0.1749169293	-0.057581558899999996	-0.045769051799999995	-0.1088688388	-0.020622794099999998	0.0986856034	-0.09566013050000001	0.0422386691	-0.0290490374	-0.015275805200000001	0.0378269273	0.0340334381	-0.0480584136	0.0497184278	0.02899918	-0.0503752688	-0.0498207753	-0.043759778	0.0621899584	0.0718791102	-0.0883939601	0.0810354049	-0.07304298690000001	-0.1485514624	0.011271648600000002	-0.0145374287	0.013169539899999999	-0.10057054439999999	0.1773095123	-0.0522665858	0.0742856382	0.1343330025	0.0538497181	-0.011744290800000001	0.0396290454	-0.1113869975	-0.0562110695	0.0114850034	-0.1451360723	0.0662888316	-0.0402882515	-0.0019549554	-0.0440931945	-0.0055840211	0.0771460277	-0.0264300313	-0.0169542089	-0.07218402089999999	0.0806783603	-0.0790387308	-0.13451762849999999	-0.0168215918	0.0350331811	0.0467848912	-0.1151490084	-0.0597593412	-0.013426989399999999	-0.0669275796	0.0268436913	0.016567766499999997	0.0088758975	-0.055594516	-0.020033372600000002	-0.0211033692	0.0034397095	-0.0033510464	-0.0530450525	0.0067254565	0.0977287292	0.0935031865	-0.0437161308	-0.1217339406	0.1939263188	-0.0789808516	-0.0441681964	0.0127932107	-0.11931004960000001	-0.0902334943	-0.0002801255	-0.0306051354	-0.013324001200000001	0.0354287542	0.0051370828000000006	0.0154892646	-0.10588468919999999	0.0811687243	0.1074743091	-0.039930133799999996	-0.0765879366	0.08174641269999999	-0.0391161294	0.0914776695	-0.029919246200000006	0.0706120988	-0.011357571799999999	0.060953116200000004	-0.0824882175	-0.0062736258999999996	0.0437620313	-0.0734256883	-0.1461080472	-0.164676317	0.12496364	0.13221893070000001	0.0364924415	-0.0616849682	-0.0736883963	-0.0039944308000000005	0.0372809859	-0.09775294359999999	0.0494235341	0.0473481126	0.10614170140000001	0.0974013599	0.0833633121	0.06479109400000001	-0.0327378	-0.03130331	0.0010717635488399998	0.0009798972169561	-0.0261761	-0.009630499999999995	9.274653024999994e-05	0.0006851882112099999	0.000289297	0.016327496999999996	8.369275420900001e-08	0.0002665871582850089	-0.000412784	-0.00044079910000000005	1.7039063065600006e-07	1.9430384656081e-07	1.17705e-05	-0.00034028950000000003	1.1579694381025002e-07	1.3854467025e-10	-0.000652549	-0.00016393200000000002	4.25820197401e-07	2.6873700624e-08
525.2143156442179	-1.8693247988558144	3.4943752036173303	275850.0773576241	758.8351072406036	1.0679822046222398	575830.7199808584	1.1405859893897796	445.1006169514192	-0.14531134037957827	0.021115385642909653	198114.55921053406	445.1289682853743	752.115309354151	1.144159	39.708519	0.105689428	0.0590762	-0.005297393399999999	0.0447513638	0.0118590765	0.08968509150000001	0.0081148481	-0.111056889	0.13997748529999998	0.0426412758	0.049651738	0.0090503635	-0.1777059084	0.0564625685	0.0892586452	-0.0128303153	0.031150342200000007	0.0405418159	0.15357536130000002	0.0229901214	0.1460511899	0.08546203460000001	0.054359055700000006	0.0098997964	0.0010584197	-0.2079277158	0.0304442211	0.0758352834	-0.09044241199999999	0.0144596459	0.043791982699999996	-0.0653161947	-0.0562021614	-0.008314401400000001	-0.08694722460000001	0.1294658242	-0.045416695300000004	0.0353319627	0.0932778276	-0.0116595003	-0.0302874094	0.1224163678	-0.050082953099999994	0.0681721225	0.049917826	-0.0791467877	0.1015551195	0.0687162586	0.059128230899999995	0.0128446974	-0.058523549	0.0771037784	-0.0108259248	0.0582773553	-0.0827874914	-0.0285077629	-0.0426006237	-0.008093605	0.0520238337	-0.013143672	0.0779362137	-0.0982927606	0.0467782801	-0.05688197690000001	0.05460391	0.0222192158	0.047068863899999994	-0.041569834300000004	0.0300729717	-0.0538015733	-0.0204403823	-0.0412799473	0.0500147165	0.0512138517	-0.0571001724	0.08067017110000001	-0.046548874500000004	-0.010470060699999999	0.029494756400000002	-0.0436283755	-0.0506671597	-0.0852092644	0.0219589236	0.0385629276	0.1309091395	0.0677250713	-0.166248636	-0.1455728669	0.0744532631	0.0379270612	-0.06182333950000001	-0.0755484203	-0.0003162363	0.044017042199999995	0.050683680599999996	0.0765130572	0.0713534793	0.0586976866	0.0193654235	0.0422459383	0.007524825	0.0651075442	-0.0665961146	-0.0307950434	0.049137710599999995	0.0198221367	-0.1056026741	-0.0052167991999999995	0.1426342672	-0.043411213	-0.05028780769999999	0.1214091678	-0.0527453842	-0.10631678050000001	-0.027564723	-0.056919509800000004	0.06698862900000001	-0.0161818722	0.1452420013	-0.0010820055	-0.0763086103	-0.0864433075	0.009468805	0.043361475999999996	-0.08396089820000001	-0.006986159699999999	-0.0590002313	-0.0188993376	0.0363113593	-0.061247650099999995	0.0805020784	-0.1129596016	0.0601074597	-0.0161974875	0.0454261342	0.011332027	-0.0143612863	-0.059442178	0.0188248273	-0.0810116646	-0.0027117023	-0.0156379806	-0.0398427303	-0.1176788011	-0.0215392765	0.0064784453	0.0647874491	-0.067849178	0.0039242477	-0.10139999970000001	-0.0109608085	-0.136240879	-0.0094039037	0.021028772299999998	-0.1516562634	-0.12073618050000001	-0.1154110979	-0.0637640209	-0.030606568599999998	-0.0407674784	-0.0729627272	0.041017421400000004	-0.0112856765	0.043696936	-0.08834960550000001	0.0458301572	-0.0764260845	-0.10233474529999999	0.0604760314	-0.0242640088	-0.0515564666	0.0162769127	-0.0358124046	0.0324411015	-0.0660077395	0.0144642901	-0.0276938387	-0.1423817774	0.0211745777	0.08116091269999999	0.093997767	-0.0497586738	-0.05962070110000001	0.1101710975	0.048890893399999996	0.0401599131	-0.1588166718	-0.1127520389	0.0147285985	0.1056505759	0.0954947043	0.0792851412	0.05804945860000001	0.00602035	0.03875815	3.62446141225e-05	0.0015021941914225	-0.00114166	0.02503444	0.0006267231861135999	1.3033875556000002e-06	0.0360717	0.035782403	0.00130116754089	0.0012803803644544087	-0.000389062	2.372200000000005e-05	1.5136923984399994e-07	5.627332840000026e-10	-3.49952e-05	-4.67657e-05	2.18703069649e-09	1.22466402304e-09	-0.00070435	-5.180099999999997e-05	4.961089224999999e-07	2.683343600999997e-09
526.8664454477542	1.6521298035363543	2.7295328877330727	277588.2513387514	758.3931744609023	-0.4419327797013466	575160.2070688846	0.19530458177455892	444.57190421430226	-0.5287127371169618	0.2795371583897095	197644.1780167308	444.463452175956	751.0207440463525	1.221002	42.375393	0.1059795	0.0525632	-0.012872586299999999	0.0018382943	0.06479075549999999	-0.1324371705	0.085907637	0.1494152102	-0.0212914023	-0.0848672311	0.042661695599999994	-0.1339022362	0.023238108700000003	-0.0385494745	0.1667172474	0.0861608012	0.12749033369999999	-0.0481573779	0.0500848583	-0.013897038	0.0309062023	-0.00200247	-0.0110425315	0.0693614275	-0.1898817455	0.08551261480000001	0.0040937452	-0.0517110967	0.1258690643	0.09683687199999999	-0.1246041208	0.005969671700000001	0.0726649475	0.1374264767	0.0108112148	0.0218025196	0.0487972929	0.0763836165	-0.0062560017	0.0751301444	-0.199510624	0.015686923300000002	-0.0608867901	-0.0212394963	0.009978075999999999	0.1336140247	0.0508728259	-0.1433070167	-0.1356688217	-0.1590852205	-0.0225437163	-0.0927561796	-0.0788061065	-0.00036455769999999997	0.0293149415	0.0248232498	-0.0043160667	0.1521601792	-0.08820991460000001	0.0212080765	0.13028163550000002	0.0161234172	-0.14468335529999998	-0.008347795699999999	-0.0086381719	0.0399872291	-0.0893812044	0.152722084	0.0276287208	-0.065813317	0.024347092999999997	-0.0934399642	0.094863943	0.1063205947	0.0525498877	0.0168682073	0.1278528246	-0.090398675	0.1078937195	-0.12053712289999999	-0.0361261984	-0.021131579700000003	0.1566363289	0.1858938598	-0.030057184900000002	-0.0056252234	0.053395717300000006	0.0477994516	-0.0179279889	0.0579459644	0.1521401141	0.0133059322	0.1185868805	0.0350075354	-0.0119956194	-0.0766235162	-0.0206089433	0.12098819179999999	-0.07526431759999999	-0.0038041585	-0.0683456934	-0.057536346399999994	-0.0743266101	-0.0199368424	0.10289007189999999	0.0340870275	-0.009081346700000001	0.1466954901	-0.0171414726	-0.0291348975	-0.0491183484	-0.0945803107	-0.0828798999	-0.016803259299999998	0.12525046509999999	0.0204460846	0.0744339388	-0.0023982084	0.09361813990000001	0.1276702776	0.09263579	0.00768804	-0.119596013	-0.025650753	0.0317865929	0.0147586073	0.0269991779	0.0905130795	-0.1149954741	0.0336069469	0.1544146758	0.0636334314	0.0081596839	0.1087999041	0.0103613912	-0.09928172029999999	-0.0822583555	0.1179776461	0.11310507130000001	-0.0222085548	-0.0881303043	0.1223537174	-0.0747191633	-0.030417086	0.1351725829	0.0396354509	-0.0436418756	-0.246005655	-0.0833737821	0.058770937	-0.0444621684	0.057650962	-0.09523585039999999	0.0587224983	-0.0807209674	-0.0122912753	0.104463689	0.0041043997	-0.1740815048	0.1058140034	-0.013623573100000001	-0.0082223786	0.0848129032	-0.113034084	-0.08914976150000001	-0.0063608096	-0.0499301095	0.0758482955	-0.1046277506	-0.096138474	-0.0022838022	0.052428297400000004	0.0873875066	-0.028181442999999997	0.013054069199999999	0.04358461190000002	0.0955711122	-0.0756230354	0.059002743499999996	-0.0127373155	0.0354797642	0.0525126041	0.05976909740000001	-0.11551117539999999	-0.017286090100000002	0.0742267744	-0.09928869130000001	-0.0043612997	0.0476904875	0.1051225066	0.0934544907	0.0749575099	0.0509831871	-0.0304093	-0.03642965	0.0009247255264900001	0.0013271193991225	-0.0120685	-0.01092684	0.0001193958323856	0.00014564869224999998	0.0268638	-0.009207900000000002	0.0007216637504399997	8.478542241000003e-05	0.000242392	0.000631454	5.875388166400001e-08	3.9873415411600006e-07	0.000216082	0.0002510772	6.303976035984001e-08	4.6691430724000005e-08	-0.000598579	0.00010577099999999996	3.5829681924099996e-07	1.1187504440999991e-08
529.7554314296689	2.888985981914629	8.346240003699236	280640.8171292346	760.5782718629885	2.1850974020861718	578479.3076300899	4.774650656603735	445.4965399763704	0.9246357620681352	0.8549512924953209	198467.16713091775	445.53540199908485	778.7774497445489	1.304922	45.287888	0.129317786	0.0575732	0.1472340249	-0.091885597	-0.1482515007	0.0146217303	0.0970423924	0.1578874151	-0.057485814800000014	0.049814474500000004	0.0692445898	-0.0886398146	0.039111474	-0.039158448900000004	0.0092261794	0.0636428043	0.0493499237	0.019591832	-0.1716786349	0.040242516299999996	0.1128460211	-0.0361383456	-0.12175344519999999	0.012170414899999999	-0.0367730301	0.00303957	-0.2192940787	0.0479768379	-0.0251302943	-0.0476974918	0.04616981	-0.07645665559999999	0.0066226903	0.0577612941	-0.0664909747	0.0086794377	-0.0731060203	0.11559404390000001	-0.0071479006000000015	-0.0691257456	0.09543673050000001	-0.0167617739	0.040564903	0.0311753887	-0.1214028462	0.0303149679	-0.0674065394	0.0876784217	-0.1116017098	0.1150833606	0.1074054532	-0.0338020255	-0.0407638295	-0.0065978621999999995	0.10457690630000001	-0.0790909474	0.1487860123	-0.09728006859999999	0.0038388715000000004	-0.1372049384	0.0209758112	-0.041345229	-0.0879807105	0.1267475378	-0.032548369199999996	-0.0738604592	-0.0116754767	-0.0306687593	-0.0196921738	-0.0149489679	0.0746103399	-0.020140691000000002	-0.1366482335	-0.09189843589999999	0.1743437182	0.0978273019	0.0734144273	0.07752066610000001	0.0720714331	0.0017130279	-0.056262663	-0.0578559571	0.0074307607	0.035909108599999996	-0.030911121	-0.068608774	-0.044440958499999995	-0.1175576531	-0.017168988200000002	-0.1354732459	0.0205601913	0.0728828308	0.1487930837	-0.1999096898	-0.09094262730000001	0.0739012064	-0.0095909079	-0.0814206978	0.04541136230000002	-0.0480192923	-0.0378389704	-0.12120934800000001	0.058490370599999994	-0.0589491017	0.10271127029999999	-0.08116573490000001	-0.0675695581	0.0349795505	0.0026201612	0.0570625672	0.0768522251	-0.1119990674	0.0140467633	0.0414303231	0.0715666676	-0.0019426753	-0.0149150825	-0.0398032154	-0.0110226956	-0.1534849402	0.0037098099	0.0371453654	-0.042099053399999996	-0.0305312712	0.10959725	-0.0826558831	0.09651387310000001	-0.142101871	-0.0124067605	-0.12025518730000001	-0.03900839	0.1072686196	0.0971063759	0.0315962367	-0.023313806	-0.0102952102	0.06970196990000001	0.0102983865	-0.1226920922	0.0495412127	-0.0376127596	0.0991483417	0.0823898734	0.16057780119999998	-0.0196627761	0.0730075871	-0.0665557665	-0.1099983136	0.050106017999999995	-0.1416312989	-0.0213370968	0.028726610099999998	-0.07466985150000001	0.0576901088	-0.058969775599999996	-0.053897661	-0.05888951360000001	-0.0166303318	0.0411393914	-0.1018471816	0.10945643039999996	-0.0739855786	0.0814426717	0.0839551092	-0.06490272150000001	-0.11554727640000001	0.0774695341	0.2064185573	-0.0661197196	0.11880750179999999	0.0835842374	-0.0253442239	0.0872674257	0.0809369859	-0.11309057130000001	-0.0014843842000000001	0.0671036804	0.0119165459	0.0208646451	-0.038377784399999997	-0.133117066	0.021971090800000002	0.005362817299999999	-0.064002207	0.0414743376	-0.0131605922	-0.0356945446	-0.0744161376	-0.1290347389	0.10455767839999999	0.0912835726	0.07039403450000001	0.043631796900000006	-0.0233383	0.007071000000000002	0.00054467624689	4.999904100000001e-05	-0.0385054	-0.026436900000000003	0.0006989096816100003	0.0014826658291600002	-0.0204114	-0.0472752	0.00041662524996	0.00223494453504	0.00064636	0.00040396800000000005	4.177812496e-07	1.6319014502399998e-07	-4.86572e-06	-0.00022094772	4.8817894973198406e-08	2.3675231118399995e-11	-0.000252801	0.00034577800000000004	6.390834560099999e-08	1.1956242528400006e-07
529.8288044763681	0.07337304669920286	0.0053836039819234035	280718.5620528575	756.7430807586496	-3.8351911043388327	572660.090276092	14.708690806799714	446.2065448433877	0.7100048670172896	0.5041069111882391	199100.28066107415	446.0772901414154	790.1873209256622	1.178459	40.898933	0.060179699	0.0364917	0.1868050446	-0.11088637380000001	0.1033871789	0.029470786699999998	0.0085170914	-0.0676224324	0.1256650434	-0.026336216000000003	0.09047589210000001	-0.0571116287	0.1647929021	0.0561044555	-0.0164489907	-0.054123822599999996	0.0397411187	-0.059541653099999994	0.0411127156	-0.0508742467	-0.0808328426	-0.0975293888	0.09376920119999999	-0.00548771	0.006669588299999999	0.1362945441	0.0798845887	-0.0425060015	0.017620057800000002	-0.0474756537	-0.0446113969	0.1689169071	-0.0790615497	0.0500791388	0.045872902199999996	0.0126747859	0.08528192220000001	0.0602494522	0.0576596837	0.09604459480000001	-0.0061131022	-0.078854829	0.0350526798	-0.0872761916	0.0064546991	0.14504529630000002	-0.10929783859999999	0.2107180485	0.1417827751	0.1391057832	-0.1222713205	-0.0922614519	0.08740561779999999	-0.0885890997	0.0359483789	-0.12319609390000001	0.0052809293999999994	-0.147378324	0.0490537953	-0.1005915363	0.0815148892	-0.039957651600000005	-0.1881311384	0.0098794149	-0.094397066	-0.0093634971	0.0771550637	0.038164389900000005	0.0521357992	0.0066481677	0.0950757317	0.09750323429999999	-0.0939250654	-0.0340853634	0.0030790782	-0.0805236392	0.044089355	-0.049179856200000004	-0.0552541237	0.0880941331	-0.0390326192	0.0080174032	-0.058751860999999996	-0.059194777999999997	0.0615677884	0.0414687362	0.0552019912	0.0811756192	-0.0008129286	-0.0077922548	0.1460048195	0.0357123697	0.0953663935	-0.0483764801	0.1284195662	0.0364826197	-0.054551826100000006	0.1063458591	0.0018153104	0.017671651899999998	0.0396166271	-0.08369667389999999	0.0699971972	0.1310652663	-0.0473344674	0.0411413952	0.024450045299999997	-0.1823835206	-0.0803213796	0.0207678817	-0.1442121883	0.1293586274	0.1481444583	0.0677196203	0.095434829	-0.1492058506	-0.0325726958	0.0131707553	-0.1320907653	0.0042741828999999995	-0.1489357909	0.1608339746	0.045903409299999996	-0.041583258399999996	0.0035803697999999998	-0.1267984659	-0.0198920868	-0.13691886849999998	0.0764476994	-0.0929460687	0.0228890369	0.0738134908	0.0799254306	0.1706752523	-0.08922554	0.0247938536	0.11390743369999999	0.0367622796	0.0765391637	0.131851852	-0.0265141411	0.0272284948	0.045076213899999995	0.0463323784	-0.0499316612	-0.0420655255	-0.051575440800000004	0.0986429058	-0.0529652466	0.0317920716	-0.0889959907	-0.067035247	-0.0150794994	-0.0896012244	0.029200092599999998	0.1086368911	-0.0076606214	0.025224501200000003	-0.0556750203	0.0918660717	0.0472139375	0.052355313	0.06394421809999999	-0.04906923480000002	0.0112172575	0.1392964065	-0.0462587286	0.15173207060000002	-0.038721040299999995	0.088132641	0.0280242876	-0.0559859308	-0.046150172	-0.0102142151	0.1323247058	-0.1673120302	-0.1341042363	0.011175459099999998	-0.0532540009	0.015184460700000001	0.073608328	-0.1531816068	0.1356337976	0.08376984030000001	-0.0350609584	-0.0767530303	0.0517672213	0.009879401099999999	-0.0493100712	0.10395628859999999	0.0889849861	0.06560907349999999	0.0360364	0.00539094	0.02872924	2.9062234083600005e-05	0.0008253692309776	-0.0325122	0.005993200000000004	3.591844624000005e-05	0.0010570431488400001	-0.0253512	-0.004939800000000001	0.0006426833414400001	2.440162404000001e-05	0.000242392	-0.00040396800000000005	5.875388166400001e-08	1.6319014502399998e-07	-1.12469e-05	-6.381180000000001e-06	4.0719458192400007e-11	1.2649275961000002e-10	-0.000252801	0.0	6.390834560099999e-08	0.0
527.9005350919417	-1.9282693844263576	3.718222818916004	278678.9749503584	757.8756931008094	1.1326123421597458	574375.5661930322	1.2828107176125851	446.0243515144965	-0.18219332889117368	0.033194409092447384	198937.72214392715	445.9680457086226	780.2492378497925	1.095623	38.024059	0.060211449999999986	0.0317975	0.1329048631	-0.0321044398	-0.0127018597	-0.0779862979	-0.0889537423	-0.1425665066	0.0548410501	0.0297002896	0.1063316778	0.14050629720000002	0.1801352375	-0.1308457741	0.04638490940000002	-0.1151064056	-0.0451431904	-0.13918902460000002	-0.0212759015	0.0395233446	0.0761037324	-0.0443948766	0.11739925109999999	0.0093083684	-0.011803902600000001	0.009421672800000001	-0.026545384300000002	0.0423416199	-0.0523944349	-0.0300130227	-0.0007903219000000001	-0.16784309260000002	0.0925124523	-0.0633277549	-0.0393426667	0.1401820336	0.0034511936999999998	0.0356760697	0.138061756	-0.0438523674	-0.0497466013	0.08295439190000001	-0.2005552784	-0.133141739	0.0345601652	0.0055400386999999995	0.0306899304	-0.08453144	0.017915991200000002	0.042992537000000004	0.0051178516999999995	-0.19148624809999998	-0.020365801200000002	0.0197229835	-0.1286362541	-0.0543504102	-0.0345080168	-0.037100444100000005	-0.0071707234	0.099840027	0.0586089477	-0.0787923996	-0.2006524297	-0.0276181257	0.0079533297	-0.044315748499999995	-0.005450664	-0.0591517788	-0.0596620764	-0.062116490199999985	-0.0813974699	0.0607470696	-0.1093409694	-0.0170155351	-0.053803457199999995	-0.06835678740000001	0.08207102990000001	0.0077550352000000005	-0.18175193809999998	-0.0383437332	-0.0135442982	0.17102121350000002	0.0237305491	0.1544862552	0.0226915892	0.002250545	-0.0339108497	-0.1047284707	0.032060747	0.0636663331	0.05066175059999999	0.0476450215	-0.043790225599999996	-0.0329443348	0.0266131006	-0.0275978848	0.1057448468	-0.0737766742	0.0880670183	0.0078689535	-0.1317070944	0.0776973325	0.016903479	-0.044824206299999995	0.1265734059	-0.08181661400000001	0.028058848100000002	-0.027156801	-0.002700873	0.14833279230000002	0.15914400380000002	0.033070342	-0.0505586804	-0.009348666	-0.031312935699999996	0.006016919200000001	-0.08821487869999999	0.0009204552	-0.0409645685	-0.0402817564	0.0129056568	0.1618719721	-0.112091506	0.0455229306	-0.1376299343	-0.061009634199999996	-0.0347273891	-0.044356331	0.0083824057	0.0785167199	0.0872599772	-0.0116411023	0.09957680140000001	0.189171838	-0.0393778195	-0.0002850159	0.052345086	-0.0771064686	-0.06425011509999999	-0.0652217093	-0.1125792439	-0.0288758175	-0.0440177987	0.1113482115	0.0258493417	-0.0871115084	-0.0820468476	0.0385090169	0.0619541968	0.1442556266	-0.014328013799999999	0.0342736863	-0.0756429193	0.1504867068	0.0468095979	-0.0636639154	-0.1429772846	-0.0063770451	-0.0786261541	0.052734944699999994	-0.026104638500000003	-0.0355394543	0.011779798300000002	0.0783431154	0.049739064400000005	-0.0179989698	0.024046833599999998	-0.1143676997	0.0222972616	0.028731400299999998	0.0190367164	0.1366152556	0.1074546411	0.10649904619999999	-0.0765269606	-0.0734046394	0.0169206615	0.077325025	-0.0640523856	-0.024569115899999997	0.030408833399999998	-0.0060433797	-0.11399655300000001	-0.0353885404	0.0459201549	0.012176251899999999	0.1281338847	0.0020443378	-0.10029131050000001	0.1033185475	0.0865619461	0.0606176821	0.028239472999999998	-0.0197294	-0.02512034	0.00038924922436	0.0006310314817156	-0.028292900000000006	0.004219299999999995	1.780249248999996e-05	0.0008004881904100003	-0.035263	-0.009911800000000002	0.0012434791690000002	9.824377924000004e-05	0.000563018	0.000320626	3.16989268324e-07	1.0280103187599998e-07	-4.57461e-05	-3.44992e-05	1.19019480064e-09	2.09270566521e-09	-0.000188726	6.4075e-05	3.561750307599999e-08	4.105605625e-09
526.0430190524951	-1.8575160394466368	3.450365836801519	276721.2578938637	758.8597617889833	0.9840686881739202	575868.1380624324	0.9683911830443402	445.32169617713686	-0.7026553373596585	0.4937245231200154	198311.41308608215	445.3017386402562	757.7173888403253	1.093182	37.93935	0.053035595	0.0287431	0.0577605684	0.1156094551	0.0307601998	0.0614052985	-0.014759875700000001	-0.0576485294	0.1370437989	-0.0065288132	-0.0051409541	0.0413198796	-0.1135471214	-0.09185447949999999	0.011982533899999998	0.0866029461	0.022822083599999998	-0.0586592439	-0.1127703452	0.0688436009	-0.09533508019999999	0.0056014715	0.1303065417	0.11593525140000001	0.043367014100000004	-0.0801369746	0.08844599880000001	-0.1633216074	0.046310745199999996	0.0973232075	0.1448503086	-0.08179061929999999	0.0798386576	0.04253209769999999	-0.0782311862	-0.09467682220000001	0.1244652035	0.0752883857	0.1298030891	0.121873435	-0.114965076	0.0476940305	-0.0311259685	0.0455285194	-0.041526698199999997	-0.0053117235	-0.0601191442	0.0406184666	0.0160289528	0.072789011	-0.1175464098	-0.0203064066	-0.058958602699999994	0.0876896984	-0.0042328002	-0.09365722039999999	0.1481382316	0.0069798237	0.0462762375	0.1797822881	-0.0047588859999999995	0.1340912463	-0.11508118449999999	0.0284158571	0.0438457412	0.0686649058	0.0290947254	0.0171667271	0.0699589275	-0.059233630599999997	-0.031747555	-0.0896404224	0.053126043899999996	-0.010915833	-0.028284135099999996	-0.0229997044	-0.11473366210000001	0.1390837849	-0.038137991	0.0633984147	0.0497337074	0.0340228917	0.0010910259	-0.008622204	-0.10731398560000001	0.112829476	-0.048375958200000006	-0.0140807196	-0.1264358262	0.0878357334	-0.0684084071	0.0242059477	-0.0840490117	0.0224148686	-0.0064985623999999995	0.1148782133	-0.0464779087	0.1430743693	0.1390124747	-0.1117534999	-0.0893120986	-0.0053195064	0.0142538126	0.0002901421	0.1274375143	-0.0385735494	0.08822155640000001	-0.0621146153	-0.0075927936	-0.0389733527	0.0521757671	-0.1181640403	-0.026477171400000003	0.0355037791	-0.060199257	-0.0486103259	-0.1272567407	0.0009677657000000001	0.1217769403	0.0008643993	-0.1340269935	-0.0038731985999999998	-0.0974799424	0.0931132815	0.016791701200000002	-0.0955408632	0.1411005735	-0.0260416802	0.0655002719	0.13144195960000002	0.06642844769999999	0.062441196	-0.068109536	0.08464487289999999	0.11691912380000001	0.0678512203	0.0082973977	0.0367124432	0.10501913019999999	-0.1234783674	0.029256825400000002	0.019976253899999998	0.0494280963	-0.0240335968	-0.0135298649	-0.033697552400000004	0.0732908198	0.11487200859999999	0.09718310699999999	-0.018829459	0.0607585301	0.1215977573	0.11417694519999999	0.0636708047	0.0619993667	0.0308714193	-0.0197490015	0.0214822187	-0.0829280401	-0.0862223474	-0.062149129000000004	-0.0242384938	-0.0951945142	0.0108098481	-0.13548046390000001	0.0832665419	-0.0226110112	0.042091434500000004	0.12551161060000002	-0.1120247263	0.0106106239	-0.045354359500000004	0.14386827300000002	0.0889600062	0.0088305233	0.032521412	-0.0751735455	0.1067661233	0.0457240541	0.07307059070000001	-0.0059103842	0.029295803199999998	-0.0085517717	-0.0468363443	-0.0002738381	-0.1398821207	0.07066304	0.035145071	0.0678896455	0.1026446782	0.0840178413	0.055435565	0.0202846193	-0.0102209	0.0095085	0.00010446679681	9.041157225000004e-05	-0.0256317	0.0026612000000000025	7.0819854400000125e-06	0.0006569840448899999	-0.0277519	0.007511100000000003	0.00077016795361	5.641662321000005e-05	0.000938585	0.000375567	8.80941802225e-07	1.41050571489e-07	-0.00032790900000000003	-0.0002821629000000001	7.961590213641003e-08	1.0752431228100004e-07	-0.000198092	-9.366000000000017e-06	3.9240440464e-08	8.772195600000035e-11
525.2303382975933	-0.8126807549017485	0.6604500093876758	275866.9082682044	760.290165854783	1.4304040657997348	578041.1362954935	2.046055791456412	444.4462233388961	-0.8754728382407393	0.7664526904972957	197532.44544020796	444.5049233454589	750.9366339958221	1.092141	37.90324	0.10688082	0.0564132	-0.0001690216	0.1389209551	0.0935463138	-0.09870027740000001	-0.0077709539000000005	-0.005608332	0.050738356	-0.15707545679999999	-0.0507502605	0.0696903621	-0.0729620805	-0.0350204548	-0.0719844118	0.09203255560000001	-0.0110166565	0.06802972759999999	-0.0261547804	0.0394673716	0.021837421099999997	0.09239841130000001	-0.1321714519	0.0341777407	0.1045467473	-0.0401272389	-0.0867687365	0.0992192992	0.1326870672	-0.1226375742	0.08822131890000001	0.2186168995	0.0163289605	0.0055253197	0.0301750392	0.0646236045	0.17980132440000002	0.10509618679999999	0.0058157547	-0.0195941315	0.0524302638	0.0440687652	-0.0343793239	0.0697662139	-0.10126597849999999	0.0189451344	0.0409905571	-0.0905930319	-0.017800848600000002	-0.0416237196	-0.0540325236	-0.0257624581	0.0930403482	0.0062140414	0.0871306	0.06001147110000001	0.041811714	0.025080186600000002	-0.0377487569	-0.008944848	0.0078945449	0.0785525777	0.021561270499999997	-0.084984549	-0.11385354380000001	-0.1209723322	0.10277786369999999	-0.09500774570000001	-0.0227894449	0.10323224800000001	0.123305581	0.0104165976	0.0942723659	-0.0966606508	-0.0170181515	-0.0518035751	-0.0430404692	0.0452160133	-0.0977469233	0.037325148100000004	0.07465655389999999	-0.0180238669	0.023923391699999998	0.057829755	-0.0475796627	0.0828528786	-0.13094320980000002	-0.0648804868	-0.0028150217	-0.0437646608	0.109950238	-0.138880634	-0.0067701178	0.1207364443	0.07777132910000001	0.0233623746	-0.017871725800000002	-0.0809119828	-0.0142399725	-0.0429132077	0.0447161534	-0.12466764179999999	-0.07439098940000001	-0.07329871360000001	-0.1290551419	0.2429710518	-0.0908738427	-0.055478051699999996	-0.0075010682	-0.0738323983	0.051505902400000005	-0.0657024143	0.11174866480000001	-0.0372298031	0.0005716929	0.0618951762	-0.043849707	-0.0451496736	0.12388459560000001	0.0949065315	0.0021912464999999997	0.0406155186	0.0726440007	0.025823377999999998	0.0779083049	0.0292477398	0.0512031704	0.0051639519	-0.0309753273	0.0110352849	0.0145392194	-0.0178082031	-0.1139553271	-0.009509964499999999	-0.12618944	0.0251753144	0.1373235604	-0.0587254145	-0.0773068126	0.07532493030000001	0.1248488259	0.0135202099	0.09334922119999996	-0.09374618960000004	0.0234095571	-0.0022050582000000003	-0.0039466926	0.0749667937	0.07445968809999999	0.0789731575	0.0093771733	0.0436001462	0.05977828070000001	0.0453953368	-0.0734251464	-0.0836193076	-0.044295203600000006	0.058054758	-0.09426267070000001	0.0352601702	0.0404032834	0.1649262584	0.0277061018	-0.0383536778	0.0764372959	0.00727721	-0.0594449217	-0.030381204199999998	0.047382125	-0.026299609100000003	0.007287835	-0.1773347785	-0.0347167925	-0.1305665068	-0.060455984299999994	0.1815853607	-0.1806910507	-0.1622813411	-0.046297052199999994	-0.1280151454	-0.11051729269999999	-0.0184896788	0.0507814235	0.0411905895	0.0218239252	0.0581836533	-0.0781738692	0.047339995700000005	0.0092237853	0.1019349164	0.08135623	0.0500790271	0.0122163259	-0.0155658	-0.0053449	0.00024229412964	2.856795601e-05	-0.00862104	0.01701066	0.0002893625536356	7.432233068159999e-05	-0.0106759	0.017075999999999997	0.00011397484081	0.00029158977599999997	-9.127660000000004e-05	-0.0010298616000000002	8.331417707560007e-09	1.0606149151545605e-06	-7.07334e-05	0.00025717560000000005	6.613928923536003e-08	5.003213875560001e-09	-0.000136144	6.194800000000001e-05	1.8535188736e-08	3.837554704e-09
524.968946210814	-0.26139208677932396	0.06832582303084966	275592.3944856925	760.8983407321286	0.6081748773456184	578966.2849289066	0.3698766814343579	444.1758300566011	-0.2703932822950037	0.07311252711026556	197292.16800647057	444.2583554372172	751.4628688754657	1.111114	38.56168	0.05474587	0.0326353	-0.0031900861	0.1081157457	-0.12491484800000001	-0.060258996900000014	-0.069163281	-0.0614627638	-0.0023911803	-0.014229989299999999	0.0487886155	0.0737643661	-0.102403779	0.1012275312	-0.0784215184	-0.040578150699999996	0.12759865	-0.0897168085	0.0171634998	0.10792145189999999	0.0127033773	-0.0015031914000000002	0.0532930805	-0.0334790079	-0.0213191725	0.038272954399999996	0.025441029900000002	0.024430378399999998	-0.0638545713	-0.1642648578	0.029185104500000007	0.1208883696	-0.0484249698	0.026362000299999997	-0.0883250167	0.1104544843	0.027072001600000003	-0.11500541630000001	-0.031665367	0.057554124299999995	0.09915768119999999	-0.1078923964	-0.009225987199999999	-0.06729345639999999	-0.06575529690000001	0.0718468592	-0.0717985327	0.049348087699999994	-0.0525341686	0.015663348400000002	0.10545172	0.0719911481	0.1093099663	0.051780190999999996	-0.0231657221	-0.0131863674	0.059978395999999996	-0.0417406529	0.046821396900000006	-0.0833689646	0.0181153259	-0.015162823300000001	-0.0765498183	0.0514429396	-0.0127474946	0.0165125952	-0.0129403602	-0.10558454119999999	-0.1055550819	0.08419142550000001	0.008368859499999999	-0.028534583999999998	-0.036514944199999996	-0.1875025229	-0.0455966842	-0.1257957219	-0.07925195730000001	-0.014236532199999999	-0.0486968248	-0.0253006633	0.0085898687	-0.1225187668	0.09794442199999999	-0.039555160299999996	-0.0422048555	-0.0304809421	0.1614275607	-0.0115147925	-0.1907015726	-0.0298984292	0.0886737347	0.0528482975	-0.0615685896	-0.0403622025	0.0357705551	0.034173361299999996	-0.0427502237	-0.0342854754	-0.0198129785	-0.057902535	0.1226919341	0.0282219198	0.2101070055	0.17848996920000001	0.10432997039999999	-0.0679028307	-0.0321062719	0.0909446768	-0.0661300778	-0.162443106	0.005984888000000001	0.0295490906	-0.0737250249	0.030065436	-0.0119917551	0.086225939	0.0212352077	-0.08476492669999999	0.0047574126	-0.0838522822	0.0691128238	-0.0316667925	0.12282981949999999	0.0757245017	-0.0203161411	-0.012688495	0.043833083099999996	-0.0508199359	0.0466111395	-0.10174381130000001	0.0012715524000000001	0.0271833311	0.022571893	0.0718202946	0.0070177196	0.1005617817	-0.0051224667	-0.016514169199999998	-0.1510291678	0.014178848	0.1058680053	-0.0229880763	0.09663607119999999	0.0379876131	-0.019719344099999998	-0.1456700025	0.0190314297	0.013212047900000001	0.013410501100000001	0.1249640639	0.0416020779	0.0887217261	0.0277535395	-0.0455718499	-0.0513343633	0.17290721960000002	0.12309180460000001	-0.0381103406	-0.10105743449999999	-0.0637381226	0.1537697232	0.011389236399999999	-0.0004463457	0.0326103379	0.0916007189	0.051267886900000004	0.0501671505	0.043095525499999995	0.002000356	0.024677625499999998	0.1039364285	-0.1065447818	-0.0371299972	0.2188458841	0.1707746223	-0.0055890376	0.0765925088	-0.0366897564	0.19106401350000002	-0.0044713667	0.016639573600000002	0.0509335304	-0.0365501503	-0.09079181369999999	0.0851749893	0.0033248343	-0.1003461936	0.0760029354	-0.0369165127	0.10118951	0.07858083469999999	0.044564922	0.0040797138	0.00502538	0.02059118	2.52544441444e-05	0.0004239966937924001	0.01538	0.02400104	0.0005760499210816	0.00023654440000000005	-0.00244376	0.00823214	5.9719629376e-06	6.776812897960001e-05	-0.000103202	-1.1925399999999965e-05	1.0650652804000001e-08	1.422151651599992e-10	-8.19022e-05	-1.11688e-05	1.2474209344e-10	6.707970364840001e-09	-0.00012080800000000005	1.5335999999999936e-05	1.4594572864000013e-08	2.3519289599999804e-10
525.6200853935713	0.6511391827573334	0.42398223532188795	276276.4741691452	759.1689122152693	-1.7294285168593433	576337.4372741153	2.9909229949263083	444.99797542412557	0.8221453675244561	0.675923005341923	198023.19813157065	445.00168890506035	752.7292365393193	1.147202	39.814129	0.049566839	0.0251351	-0.021731737400000003	0.0337524779	0.027552089199999998	0.12006869949999999	-0.0508306519	-0.059735993	0.023175582099999998	0.0427507736	0.05841007440000001	-0.0134902158	-0.027691391800000003	-0.0687033053	-0.0577024705	0.0450216626	-0.0663550918	0.0397695494	0.0799684915	-0.1384233003	-0.1633490468	0.0273506235	0.012833788300000001	-0.0260573302	-0.0978642158	0.0062577463	-0.1307204955	-0.0186941167	-0.0695965415	0.0355460381	0.0103178884	-0.088941199	-0.056540632199999996	-0.1292882352	0.0033407859999999997	-0.0735099692	0.0333484142	0.17904753469999998	-0.0846269791	-0.0555553623	-0.0144111417	0.012827861999999999	-0.042448919	-0.0488426581	0.112914835	0.1802107261	0.0011095315	0.0711574199	0.1022686142	0.026711367200000002	-0.1029744995	0.1166718092	-0.0498217542	0.0649441962	-0.1144216008	-0.0709796657	0.054284686900000004	0.0055686024	0.077405636	0.0861895452	0.119963849	0.025526718599999998	-0.08285032889999999	0.06492697089999999	-0.0322045938	0.050973514299999995	-0.1469183285	0.0481834606	-0.1519573975	-0.05289272440000002	0.0289099581	-0.0960700217	-0.0038881204	-0.0762536495	0.0237953084	-0.11113068179999999	-0.04606164980000002	-0.08664077769999999	-0.1073497732	0.0840815333	0.007059627	-0.12283311779999999	0.0404424567	-0.0433722673	0.0415325367	0.009718781899999999	-0.0995602398	0.0532051043	-0.0529443153	0.0673988023	0.0546805329	-0.0084282534	0.0474124582	-0.026033500600000002	-0.0683759085	0.0508911036	0.015183621000000001	0.0894030587	0.0022400326	-0.0073753069999999985	0.0074612666000000005	0.0081525397	-0.0389930906	0.0374259995	-0.0735613819	0.10534305570000001	-0.073984945	-0.0231639366	0.0100204253	-0.0979936367	0.0021458436	-0.114505488	-0.175011826	-0.030997859	-0.0005077857	0.1754844786	0.006608950400000001	-0.1319674669	0.0310959994	-0.0016375679	-0.0990105659	-0.1212222885	-0.0464779085	0.0695318477	-0.1037241071	-0.04350400150000002	0.06004319690000001	-0.0015420960999999998	0.08123154519999999	0.0281658039	0.1234454024	0.06621437349999999	0.043730029000000004	0.0635048476	-0.0088446853	-0.0113233077	-0.15734471449999998	0.10772675779999999	-0.0957674385	0.00010833870000000001	-0.0405656347	0.06624160309999999	0.1006025144	0.0288269924	-0.0203241127	-0.08062990490000001	0.0282498948	0.09652006839999999	-0.0085826833	0.1145907544	0.0198602508	-0.0765919456	0.051486309800000005	-0.08576119089999999	-0.09671879	-0.0192603292	0.0354749964	0.0790746618	-0.11602099769999999	-0.0469463617	-0.0206677507	-0.0330710419	0.0283883693	0.0117918466	-0.1231661617	-0.0191561551	0.010897517399999999	0.025164000099999997	0.0162554959	-0.018936530400000002	-0.026273192999999997	-0.0211765158	-0.047499979000000005	-0.0085842548	0.0448963716	0.04946412360000002	-0.1519824287	-0.0670354426	0.11053367619999999	0.04993627	-0.014068895500000001	0.1541925409	0.0301233351	-0.0454179776	0.0654542669	0.1120735006	-0.0657430081	0.1449124781	-0.0034076863	0.10040872	0.07569553700000001	0.0389105992	-0.0040797138	-0.00575146	-0.01077684	3.30792921316e-05	0.0001161402803856	-0.00100138	-0.01638138	0.0002683496107044001	1.0027619044e-06	-0.0008787559999999999	0.0015650040000000005	7.722121075359999e-07	2.449237520016001e-06	-7.717949999999998e-05	2.6022500000000024e-05	5.9566752202499975e-09	6.771705062500012e-10	-0.000395856	-0.0003139538	9.856698853444e-08	1.5670197273599998e-07	-0.000197704	-7.689599999999996e-05	3.9086871616000006e-08	5.9129948159999955e-09
525.2246806496968	-0.3954047438745647	0.15634491147851012	275860.96516357595	761.0993633533795	1.9304511381102432	579272.2408969196	3.726641596631133	445.4110324249205	0.4130570007949359	0.17061608590570768	198390.9878058336	445.41604304330565	749.5194712269223	1.123601	38.995056	0.08787814900000003	0.0382358	-0.0880535893	-0.0479630953	0.1138320566	-0.044041255599999996	-0.0782385986	0.0746007149	0.0549416969	-0.1540929945	-0.1358182143	0.0209771545	0.026362250299999997	-0.1028453209	-0.1085511332	0.0941410375	0.0404772763	0.0423983493	0.0663308953	-0.10175812320000001	0.030399053199999998	0.051114885199999995	-0.0772892546	-0.1146952908	0.1053723606	-0.0616943136	-0.0490992635	0.018593080300000002	-0.0658768326	-0.0347636607	0.0557724597	-0.0228224915	-0.0132636578	0.0975581365	0.0758974323	-0.1856375567	0.0273441015	-0.05188673059999999	0.0786384504	0.059297786799999995	0.07678516690000001	0.0655172911	-0.007881549	-0.0459710309	-0.0009402764	0.0678868351	-0.0537220829	-0.0242963483	0.10349729210000001	0.0014411311999999999	-0.092569687	-0.1258043388	0.088489292	0.1166348743	0.0806684869	-0.1348731983	0.09227665789999999	0.031507799700000005	-0.1503486055	0.030854514	0.0069404683	-0.0539691692	-0.0310377808	-0.1031520312	0.0942882576	-0.2229366925	0.10289291960000001	-0.0247251812	0.1013690022	-0.0199480956	-0.09206708710000001	-0.0163936617	0.0309055762	-0.18197233059999998	-0.0030973641999999997	0.0320935755	-0.048692297999999995	0.0762542882	0.0284027199	-0.11940688769999999	-0.1005736876	-0.0285756193	-0.0050174723	-0.144230547	-0.1895182559	0.0064353844	-0.0710256395	-0.0766488728	-0.013459703799999998	-0.0475546754	-0.049775923300000004	0.1311106416	0.045354474299999996	0.0389559058	-0.0875534122	0.16452544789999998	0.1209580627	0.0166806072	0.0770717385	0.018982349699999998	0.0065379563	0.047517578899999996	-0.0649371165	-0.06069566570000001	-0.1105759469	0.0593687574	0.0818403308	-0.08938779300000001	0.0410472127	-0.1021924883	-0.1052073994	-0.0627667646	-0.0513131263	-0.0479243592	-0.08196491360000001	0.1559844672	-0.055171470099999995	0.1260739708	-0.0746038303	0.1023606768	-0.0482290903	0.12269900730000001	0.0031669040000000003	0.142675752	0.0920174863	-0.14634076599999998	0.0605536315	0.0007242124	-0.1479278997	0.0415351217	0.0134396769	-0.1038657934	0.0054530672999999995	0.06962257	0.024753526600000002	-0.1254903997	0.1709543191	-0.12980497359999998	-0.0369929414	-0.1021701091	0.0889307872	-0.10842963720000001	0.156117112	0.051463848099999994	0.0346429073	-0.0525733754	0.0264110343	-0.0831288948	0.0617060782	-0.0740052098	-0.0617556377	0.12378998279999999	0.2128950769	0.048063342099999996	-0.0007813324000000001	-0.0386903821	-0.0046987921999999994	-0.0386508651	0.1136216042	-0.0996963309	0.0270250814	-0.1183018299	0.0916846076	0.0705017762	-0.19852279579999998	-0.0662707713	-0.0736058692	-0.0294161637	0.0414122343	-0.012637098000000001	-0.015319136	-0.0751998499	-0.089358809	-0.009667111800000001	-0.046889697	0.1062372642	-0.1340521666	0.0848501267	0.0624915121	0.0151370529	-0.0225030456	0.1287894795	0.10522170689999999	0.1069359595	0.024008103599999997	0.1086996717	0.0854161478	-0.065501577	0.0493327579	0.0995928192	0.07270437219999999	0.033133849300000004	-0.0122163259	-0.0241657	-0.01841424	0.0005839810564900001	0.00033908423477760005	-0.0228338	-0.02183242	0.0004766545630563999	0.0005213824224399999	-0.0214398	-0.020561044	0.0004596650240399999	0.0004227565303699359	0.000242392	0.0003195715	5.875388166400001e-08	1.0212594361224999e-07	-0.000279248	0.00011660799999999998	1.3597425663999996e-08	7.797944550400001e-08	-9.24746e-05	0.00010522940000000002	8.551551645159999e-09	1.1073226624360005e-08
525.1968826316244	-0.027798018072417108	0.0007727298087544281	275831.7655259762	759.1428488355542	-1.956514517825326	576297.8649381611	3.827949058461268	445.2727795437172	-0.13825288120330015	0.019113859161013824	198267.84820258775	445.2485168546	749.1170105515283	1.097359	38.08430900000001	0.07655225999999997	0.037610000000000005	-0.1024155166	-0.0979412661	-0.09886312039999999	0.0102454204	-0.1064532899	0.04631602940000002	-0.0352720137	-0.0041723065	0.0802820142	0.0346217109	0.0066193832	-0.0172760815	-0.1290094559	-0.0112778375	0.0650499058	0.0047123015	-0.0274245682	-0.0048134617	0.0247419926	-0.0788635711	-0.015844443700000002	0.08555665050000001	0.1080410473	0.041242548399999995	-0.0878402226	-9.83706e-05	0.1087208857	-0.0851231214	0.124822485	0.1132134762	-0.0686812102	-0.0764116139	0.0631376291	-0.0014764908999999999	-0.0462326391	0.1167959608	0.1510464299	-0.0721997498	0.0949655635	-0.0570525549	0.11308995220000001	0.034863535099999995	-0.08105295309999999	-0.0374745304	0.0172127779	0.0447654587	-0.09855153380000001	0.0650249058	0.117025419	-0.0097999753	0.1163096476	0.0701742321	0.055010242699999996	-0.104381888	0.11657593869999999	-0.061754615199999995	0.045723592199999996	0.006142521800000001	-0.0278467582	-0.0224307198	0.0813651389	0.0241336507	0.014885953	-0.0473880726	0.0373090254	-0.1216070038	-0.1455429883	-0.0036381665999999997	-0.0137318196	0.0602348241	-0.12379807470000001	0.0404274498	0.0714919611	-0.0951097865	0.0160150931	0.0593406638	0.0003341574	0.048309746699999996	0.0038966331	-0.0607006638	0.0091572261	0.0838432449	0.0506447167	-0.0601489983	0.0051574622	-0.052036027400000004	-0.07801904	-0.0905205725	-0.0769336763	0.0038994254	-0.150551816	0.0361844744	-0.0577657505	0.0180928164	-0.0341137203	0.017482006	-0.1289572746	-0.027312217599999997	0.0715044403	-0.1305987983	-0.0066647875	-0.0745030903	-0.10047646380000001	0.008740384	0.12109843210000001	0.0239080577	0.0309640061	0.06937791410000001	0.062280879000000004	0.0044219721	-0.027328938900000002	-0.1084683903	-0.16074265769999999	-0.07701310559999999	0.0595275944	-0.12290814550000001	-0.046035298499999995	-0.10587611359999999	0.0499325482	0.0445067165	0.0981892343	0.0915393437	0.060528465499999996	-0.11941347140000001	0.0813666872	-0.0929776434	0.0274666002	0.0037916562	-0.030194225499999998	-0.036846857999999996	-0.009563867	-0.077418367	-0.0023685556	0.0397826063	0.051791711	-0.0433197858	-0.1825281205	0.0029201834000000004	-0.0252782617	0.013234830800000002	-0.0875757737	0.0850602251	-0.023929169500000003	0.009665808	0.0494728818	0.1037160984	0.0191116403	0.0053845709	0.030538632599999997	0.0020218721	-0.1488306965	0.07551141759999999	-0.0646703941	0.059785861399999994	0.023199351400000002	-0.006615787	0.0134751429	-0.11850957210000004	0.1120456559	-0.0380151604	-0.1643898154	0.0087096876	0.030823199199999998	0.013572798600000002	-0.012662828000000001	-0.0193333024	-0.1010448457	-0.012997308899999999	0.0216815689	-0.09572977630000001	-0.0416327373	-0.1376485198	0.0107122533	0.030392597099999998	-0.0166392605	0.0890304802	-0.0684915839	0.0638553816	0.0036093716	0.0389164636	-0.1928658791	0.0781668197	-0.126555773	0.024029921099999997	-0.060277993099999996	0.12511369560000002	0.0110006649	0.0987420929	0.0696115238	0.027252848	-0.0202846193	-0.00498585	0.01917985	2.48587002225e-05	0.00036786664602250015	-0.0255985	-0.002764700000000002	7.643566090000011e-06	0.0006552832022499999	-0.00450911	0.016930689999999998	2.03320729921e-05	0.00028664826387609987	-0.00034466300000000004	-0.0005870550000000001	1.1879258356900005e-07	3.446335730250001e-07	-0.000184471	9.477700000000002e-05	8.982679729000003e-09	3.4029549840999994e-08	-2.07662e-05	7.17084e-05	4.312350624399999e-10	5.14209463056e-09
525.5963650968512	0.3994824652268108	0.15958624002369007	276251.5390030225	758.7152685250877	-0.4275803104665101	575648.858693096	0.1828249218986372	445.154492978043	-0.11828656567422513	0.013991711619002777	198162.52261853853	445.15451192537523	756.5449054340687	1.106156	38.389606	0.08291957500000001	0.0434299	-0.0699097859	-0.09470462019999999	0.052263480999999994	0.126661358	-0.0733362268	-0.1083091483	0.09247944179999999	0.012049353899999999	0.0378410338	0.0149169495	-0.06724642809999999	-0.0091127211	-0.10892780369999999	-0.126027799	0.0360190437	0.056922374299999995	0.10094890109999999	-0.051826753600000004	-0.0763291692	0.10395485300000001	0.029543433799999998	-0.0582865266	0.09286957369999999	0.042829184699999995	-0.0457866982	0.0400900559	-0.0627805578	0.015909790400000002	-0.0065837683	0.0051130887	0.026851673599999997	0.007296354699999999	-0.0626658466	-0.0369949004	-0.0671655782	-0.0013282470999999999	0.047043263200000004	0.028996134399999998	-0.0445866096	-0.12434108869999999	-0.0742686546	0.0124741229	-0.08048800219999999	-0.10325835470000001	0.0146421474	-0.0157270124	0.006610224699999999	0.09148541449999999	-0.1058258524	0.0760925529	0.1638686351	-0.0870141465	-0.09952574369999999	-0.0345372078	0.0587821693	-0.043594258	0.1493074592	0.016270155300000002	-0.067431681	0.0564815679	-0.0616782384	-0.1224090403	0.1262458017	0.0970714675	-0.0572257296	-0.0346515726	-0.0844179835	-0.1657225318	-0.0464355419	-0.0511580253	-0.0614983412	-0.10233214130000001	-0.1652201192	0.1704648309	0.049929705899999996	0.0051308867	-0.0213701116	0.0071037399	-0.04628914730000002	0.1177467492	-0.0195861072	-0.0426035982	0.1542773768	0.11770673429999999	0.055719715700000005	0.025491565600000002	0.0290019839	-0.0249202081	-0.06331431679999999	0.0333934463	0.0003212757	-0.0777015717	0.0224112383	-0.0833956526	-0.037056029	-0.042700662599999994	0.0729423205	0.0404653579	-0.120447455	-0.0420092866	-0.058157687	-0.146641731	0.0915224268	0.06287896429999999	-0.087334816	0.17314792399999998	-0.0315869485	-0.0121258479	0.010496388300000001	-0.0468921388	0.0790252136	0.026180785499999998	0.006364628000000001	-0.0532867694	0.0967820566	0.024053058500000002	-0.0412660296	0.011187683	-0.1417526821	0.0066612519	0.155366195	-0.0256570048	-0.1208573407	-0.045883285	0.0760361535	-0.0179463325	0.1664551638	-0.0094769286	-0.052508056	-0.0692910978	-0.1092386293	0.1289399533	0.0848838186	0.010034655600000001	-0.1170724749	-0.059913040999999986	-0.060485493700000004	-0.148536229	-0.1434476127	-0.0459321678	0.0377835101	-0.0800791748	-0.0922903892	-0.0923887261	-0.1553852014	-0.08219297889999999	-0.026760245699999997	-0.050188925700000005	0.0319997411	-0.0529253404	-0.0855886646	-0.046749918200000004	0.11875851529999999	0.1014789985	-0.1902617328	0.0012750893	0.055710212599999996	-0.0068206425	-0.0345077712	-0.0620531745	0.0135078305	-0.0295003756	-0.0032584794	0.055422072999999995	0.0219497325	0.0295708577	0.046822208899999995	0.0640539594	0.004674459000000001	0.0826849146	0.1586743887	-0.0607484721	-0.12266527949999999	0.127901529	0.10988721779999999	-0.1250020315	-0.0150440875	-0.0650121562	0.00088177	-0.0082022008	0.0156236935	0.0218631221	-0.1007760317	-0.0703626312	0.0459259976	-0.045743088200000004	-0.0180190024	0.09785683869999999	0.0664213173	0.0212860992	-0.028239472999999998	0.0134078	0.01839365	0.00017976910084000004	0.00033832636032250004	0.00640191	0.03200041	0.0010240262401681	4.09844516481e-05	-0.00540258	-0.0008934699999999994	2.91878706564e-05	7.98288640899999e-07	-6.69069e-05	0.0002777561	4.47653326761e-09	7.714845108721001e-08	-0.000457961	-0.00027349000000000004	7.479678010000002e-08	2.09728277521e-07	-0.00010216100000000004	-8.139480000000004e-05	1.0436869921000009e-08	6.625113467040007e-09
525.7691013547592	0.1727362579080136	0.029837814796063795	276433.147939391	759.5660265480956	0.8507580230078702	576940.5486860622	0.7237892137122598	444.53445127984617	-0.6200416981968147	0.3844517075027898	197610.8783746739	444.4695685639858	754.1091179213971	1.116557	38.750607	0.06457595499999999	0.036107199999999985	-0.059519161699999996	-0.015479661200000001	0.0661410907	-0.098939111	-0.0492628247	-0.0667494783	-0.0064171885	-0.0972109042	0.021251743700000002	-0.0134200901	0.002744579	0.0730247583	0.0834113883	0.0477886145	-0.0325306515	0.082929975	0.0023206763	-0.130251331	-0.052569320999999995	-0.0779035797	0.0567287077	0.0656747264	0.0787413317	-0.0090072323	-0.0127864832	0.0864259394	-0.010742436000000001	0.0521642516	0.0291783633	-0.032495912599999996	-0.0031895057000000003	-0.0197785328	0.0114892237	0.0014429487	0.0486005635	-0.0066479562	0.1670267306	0.0195571137	-0.0703565438	-0.062731115	-0.1221021614	-0.1929452863	-0.013492800400000001	-0.0110893332	-0.0611288733	0.0963866618	0.0410268758	-0.071346214	-0.006903976700000001	-0.0188689876	0.0751396287	0.0363705766	-0.082146191	0.1059212667	0.0375871382	0.040128227200000005	0.031679282	0.0504328892	0.0390740355	-0.020189878600000002	-0.0350708246	-0.0895441275	0.0293447837	0.08674677539999999	-0.0023598301000000003	0.0312220266	-0.1100555066	0.1140398849	-0.002325612	0.0291988089	0.0112892742	0.14917414269999998	0.0969753018	-0.043555475499999996	-0.0835869784	0.0594496376	-0.0150299848	0.0342430623	-0.0181342304	0.0472371663	-0.0792659436	-0.1580924272	0.0768807132	-0.0526701388	0.1632502992	0.0120762566	0.0055632	0.054980947	-0.10372278720000001	-0.11893194439999999	0.1690271463	0.1575988063	0.1098962709	0.0271798473	-0.0100569764	-0.026496472000000004	0.0636141814	-0.0749118533	0.025777575499999997	-0.0193170488	0.0202244783	0.0420124318	-0.0525187607	-0.083839026	0.1192107583	-0.0012609053	0.046824022699999995	-0.1731179794	0.0060095465	-0.0152698443	-0.0046691432	0.0901196161	0.0197556944	0.0412368713	-0.0835175103	0.044063302900000004	-0.0872530133	0.07712792519999999	0.047914702999999996	0.0279897629	0.043435805999999993	0.0541016588	-0.08773827869999999	0.1085765101	0.06682605679999999	0.0340187255	0.0040906127	0.0321254185	0.0318765348	-0.09485166099999999	-0.0370589143	0.07368186089999999	0.011729538000000001	0.033062445600000004	-0.0640458689	0.12953629560000002	-0.0442151199	0.06785379030000001	0.0568971746	0.0245531683	-0.1253516645	0.043873639299999996	-0.0376002592	0.11024978	0.101965286	0.0717706328	0.0612200614	-0.0124224327	-0.023887606699999998	-0.0697394131	0.0052164305	-0.13001887869999998	0.1551774812	0.021897193	0.0422768991	-0.1408696556	0.1131447438	-0.0391667431	-0.028181654100000002	0.1920913212	0.1336940931	-0.05638802740000001	0.04640140139999999	0.0222486376	-0.08434404029999999	-0.042902068700000004	0.1203737219	-0.057414012	0.022004718399999998	-0.0420047562	0.0061101171	-0.0278501837	0.0557304358	-0.0023538041	0.0009402942999999999	0.150256121	0.174730777	0.05171099690000002	-0.0398831541	-0.0180906739	0.04781669	0.0065766792	0.027699589900000002	-0.006909526700000001	0.0548285967	-0.0863224079	-0.14261178230000002	0.09693736609999999	0.0631382147	0.0152523765	-0.0360364	-0.018874	-0.0322818	0.00035622787600000005	0.00104211461124	0.00184209	-0.00455982	2.07919584324e-05	3.3932955681e-06	-0.00282174	0.00258084	7.962216627600001e-06	6.660735105599998e-06	0.00016742799999999998	0.0002343349	2.8032135183999997e-08	5.491284535800999e-08	-0.000286303	0.000171658	2.9466468964e-08	8.196940780900002e-08	-0.000199238	-9.707699999999997e-05	3.9695780644e-08	9.42394392899999e-09
525.9694628212078	0.2003614664486122	0.04014471723743835	276643.8758204299	759.7948735882318	0.22884704013620194	577288.2499309571	0.05237096777910042	444.52844515241065	-0.0060061274355120995	3.607356677161114e-05	197605.53854961976	444.5431873389533	751.3794558247757	1.116863	38.761204	0.08018592	0.0368067	-0.033013762599999996	0.023170427	-0.113429519	0.0355214804	0.0340675635	0.055779376900000004	-0.0246254146	0.0532244443	0.055079456799999996	-0.0192367477	-0.0972643045	-0.036132435299999995	-0.028467361200000006	0.0207330709	-0.0062836424	0.047806841399999994	-0.0013067383	0.0069655794	-0.0038742028999999996	-0.0763320029	-0.0816334334	-0.0400622018	0.0708715726	0.1182208226	0.0279160146	-0.0461389146	-0.0717116699	0.0261440251	0.0421288899	0.082296547	0.0496652779	0.008018194499999999	0.07854016309999999	-0.0266774983	0.0614215151	-0.0052267286	-0.0655166034	-0.1364892926	-0.0340425102	-0.030571719	-0.0251336718	-0.10556131490000001	0.025677544700000002	-0.0530328271	0.005497796700000001	-0.0477029051	-0.0165623919	-0.045487630300000005	0.0755809054	0.0562747845	-0.078227083	0.07857970660000001	0.023990320699999998	-0.1350591533	0.1414612076	-0.028527868999999997	0.012480858899999999	-0.021563173799999998	0.0019942397	-0.0330763352	0.0596903254	-0.020592441200000002	0.048649829900000004	0.10895293	0.0899764247	-0.0892551108	-0.033215581699999996	0.10902662769999999	0.0729256472	-0.1076781809	0.06566193070000001	0.1121454435	0.1502215221	0.021487528500000002	0.0361604455	-0.013096791100000001	-0.1235321869	-0.1388501755	0.0340182221	-0.0165433893	0.0199627032	-0.0471105068	-0.0696910867	-0.0654658752	-0.0036821009	0.11373559720000001	0.0015216911	0.0052127742999999995	-0.0971640159	-0.016206893899999998	-0.0275792467	-0.0050732604	0.0105701004	-0.1155516032	0.0057055511	0.0268727531	-0.031692706099999995	0.0075893829	0.12096573140000001	-0.0792437732	-0.0882532432	-0.0526055423	-0.0142052391	0.0076883426	-0.160387047	-0.13787028070000001	0.1480610238	0.079717106	0.0224234123	0.06317003139999999	0.06619497690000001	0.0536976096	0.0127658216	0.1040117022	-0.09965016800000001	-0.0415929523	0.039424906	-0.037522585	0.0610333842	-0.11040542769999999	-0.05917946740000001	0.057209664	0.042666660499999995	-0.1339595237	0.0896082969	-0.06038687230000001	-0.0207942952	-0.030627162200000002	-0.0285523573	-0.0935517065	-0.0020453651	-0.049512160199999995	0.1203174441	0.132394819	0.0124281348	0.0201665745	-0.057836054299999995	0.0059149248	0.0783912503	0.11934713779999999	-0.0665539778	0.0136222123	-0.0119911405	0.1802239968	-0.0224072535	-0.0776814116	0.0903646881	0.1735987457	0.0246573742	-0.024812710800000002	0.0495974374	-0.051772296399999994	-0.0071440591	-0.0717305916	0.1354273309	0.0293366268	0.08198205809999999	0.0026790720000000002	-0.0540329445	0.0016522682999999998	-0.040245537000000005	-0.08908544439999999	0.031278067400000005	0.028271542099999998	0.06325455740000001	-0.0365604219	-0.0941452728	0.043499571900000006	-0.14670940359999998	-0.0726820552	-0.062403932599999996	-0.014049843999999999	-0.1508277328	-0.0439146193	-0.0386159836	-0.07293363650000001	-0.033340478199999996	0.0827642762	-0.027927050800000002	-0.1448695039	0.0202217699	0.0769650789	0.13132073789999998	0.056119559400000005	0.0921124789	0.094770505	0.0070212732	0.0959839967	0.0597668075	0.0091706641	-0.043631796900000006	-0.0353836	-0.016509599999999996	0.00125199914896	0.00027256689216000003	-0.0110954	-0.01293749	0.0001673786475001	0.00012310790116	-0.0214591	-0.01863736	0.00046049297281	0.0003473511877696	-0.000120658	-0.000288086	1.4558352963999998e-08	8.2993543396e-08	-0.000370333	-8.403000000000002e-05	7.061040900000003e-09	1.3714653088900006e-07	7.06754e-05	0.0002699134	4.9950121651600004e-09	7.285324349956001e-08
525.4099201473462	-0.5595426738616425	0.3130880038722364	276055.58418924065	759.4650309516983	-0.32984263653349893	576787.133238464	0.10879616487536993	444.8412227748194	0.3127776224087597	0.09782984107967667	197883.71347979648	444.8743932721652	753.9927837852133	1.07084	37.163971	0.098099886	0.052660000000000005	-0.0585223298	-0.0300444725	0.08281340570000001	-0.0018278404	0.0376454649	0.0300578504	0.034640766600000004	-0.0125607428	-0.0158365099	-0.0074082886	-0.0011835264	0.0451688497	-0.0777912668	0.1143438775	-0.044133660199999994	0.1394487258	0.11338463800000001	0.0851051191	0.0099941353	0.011470919	0.146639481	-0.1533009005	0.0561609448	0.0626350552	0.0998611221	-0.0315201056	-0.0277139996	-0.1379723546	0.0414637253	0.0286816115	0.0288413238	0.0647736781	-0.0444727071	0.1203788831	-0.028909887599999996	0.0350820535	-0.0997540897	0.0281630175	-0.030825770099999997	0.0655134948	0.0762906228	-0.010502006999999999	0.0246136244	0.0069317078	0.1101097842	0.0313885827	-0.09912084789999999	-0.0359287067	-0.0519662008	-0.037724117	0.0498543292	-0.0408600063	0.0836616574	-0.1801651661	-0.0119288284	-7.64325e-05	-0.105316465	-0.045955376	-0.0943785634	0.07827273480000001	0.0788039323	-0.0197536746	-0.08735840460000001	-0.0345271501	0.0695272981	0.1023999383	0.046482362699999995	0.14849544650000002	-0.0176415517	-0.0593742416	0.0273841925	0.0092461967	-0.023953475699999997	-0.027921370499999997	0.0124968599	0.1071719917	-0.1512720716	0.0784006171	0.14273017300000002	-0.0146355171	-0.1170627019	0.0171890321	-0.0322138433	0.05822665	-0.1244572755	-0.0350937806	-0.024674019300000002	0.0135856971	-0.0834824541	0.1295967911	0.06304578150000001	-0.0225609855	-0.0237750192	-0.09130957140000001	0.1290608158	0.0729813348	-0.0867744335	-0.1407265857	0.013126348999999999	0.1979808431	0.114007249	-0.0211628811	0.20495835329999998	0.010643503	0.0465807237	0.0264018613	-0.0188670268	-0.033916029300000004	-0.0794542467	0.0812791864	-0.022475931600000002	0.0518669407	0.027241488900000003	-0.25728799410000003	0.024247200099999998	-0.1405679194	-0.0091699314	0.0765766434	-0.021251716	0.036662097000000005	0.036233356099999996	-0.0215367375	0.0710992049	-0.1905922213	-0.0401850018	-0.0106111465	-0.0739327304	-0.0174631447	-0.1059405013	0.0281823702	-0.0687985708	-0.0804278142	-0.043439670599999994	-0.021121283900000003	0.0725423459	0.0748153283	0.08611653400000001	0.0103166731	0.14648418119999998	0.022401845099999998	-0.007986382299999999	-0.0330062462	0.0372316441	-0.025567878399999997	-0.0641346894	0.1672663708	0.0910432756	0.0156722681	0.1417796577	-0.10104810859999999	0.1158777215	0.1316552098	0.0329960448	-0.056543516900000014	-0.1061733961	0.034305193500000004	-0.0010220299000000001	-0.10481166830000001	-0.0774750734	-0.0697814224	0.0522616154	-0.0638753143	0.0011536783	-0.0204727928	0.057059005499999996	-0.0126329024	-0.1022997073	-0.09911894519999999	0.1084742773	0.044684370999999994	-0.028618025	0.2395467575	0.0024093529	-0.0024803372	0.07585893490000001	0.0367253554	-0.0398894038	0.034107611499999996	0.2224164784	-0.1206597602	0.026934499700000003	-0.0715580055	-0.0525607815	-0.1988477513	-0.0897788966	0.057675542	-0.12525340880000002	0.0949970637	0.05631181110000001	0.0030600974	-0.0509831871	-0.00551753	0.02986607	3.04431373009e-05	0.0008919821372449002	-0.0111256	-3.019999999999932e-05	9.120399999999592e-10	0.00012377897536	0.000939736	0.022398836000000002	8.831037496960001e-07	0.0005017078541548959	-0.000921317	-0.0008006589999999999	8.488250144889999e-07	6.410548342810001e-07	-0.000372932	-2.598999999999939e-06	6.7548009999996826e-12	1.3907827662399998e-07	0.000183513	0.0001128376	3.3677021169e-08	1.273232397376e-08
524.0369010814517	-1.3730190658944819	1.8851813553097558	274614.6736950512	759.4081493865085	-0.05688156518976939	576700.7373546417	0.0032355124584379853	444.1012376482075	-0.7399851266119413	0.5475779876068908	197225.90928066964	444.14162398205286	749.5288564108223	1.0797580000000002	37.473465	0.038965393	0.0251993	-0.1006168787	-0.0266082887	-0.1129473151	-0.0014115445000000002	-0.0390615375	-0.0536266683	-0.0215556208	0.0462481234	0.0508767926	0.0773913682	-0.0188706161	0.1079072708	-0.0150726984	0.11891968210000001	-0.024949975200000002	0.018566421	0.0653099979	0.0263786625	0.1095659967	-0.0060432217	-0.07400014320000001	0.0990646803	0.09072965720000001	0.0788271271	-0.0314096427	0.016567551	0.0547779345	0.0672687833	-0.0530564586	-0.0019849779	0.06032969360000001	0.0411233913	-0.0497799037	-0.0795202099	0.00598869	-0.0628810933	-0.06755495519999999	0.0824169567	-0.0235294627	-0.042473440599999995	0.10897156529999999	0.1211670253	-0.068424275	-0.0137854881	-0.0155423377	0.0399310378	0.1709524807	0.0097740001	0.1152673534	0.115881416	0.15230859019999998	0.0803122334	-0.048382595300000004	-0.0196239699	0.0183201008	0.000381174	-0.019817916100000003	0.0858396825	0.0114250457	0.0065571039	0.1295909878	0.0387326625	0.032493189	-0.0645590725	-0.0032812829	0.1301531963	0.0393963934	-0.07485980589999999	0.1640659293	-0.0039624769	-0.046764710099999995	0.06836085160000001	-0.0611692671	-0.028798531000000002	-0.0053008941	-0.035015497	0.0101283515	-0.1214101675	0.12085854050000001	-0.12906823480000001	-0.035999437200000005	0.048518155099999995	-0.0810826997	0.0785203793	-0.0931255025	0.0470352408	0.0511306892	0.0095538886	0.10660130279999999	0.0448380055	-0.0136966213	0.0460426505	0.1016749955	-0.0946208184	0.12256871710000004	-0.05380040690000002	-0.0156187694	-0.0338062756	-0.073435597	-0.0025277592999999998	0.035846542	0.0104633909	-0.0395206327	-0.1797817343	-0.0403047207	-0.011324656200000002	-0.0201650448	0.0901384852	0.0207753359	0.0848213022	0.005782122099999999	-0.030188316099999998	-0.1133729415	0.0647421143	0.005550476600000001	0.1007027744	-0.075578678	-0.08714929619999999	0.06647331349999999	-0.0731752657	0.1730814915	0.1132545478	-0.0375868591	-0.0454605518	0.0247575106	-0.0152221124	-0.0121252246	0.0727002792	0.0062692347	-0.031364973	-0.0084995142	-0.14093679779999999	0.0121220125	-0.0976698783	0.0390036088	0.0360625819	0.0900343307	0.0893734933	-0.11401851380000001	0.0927378432	-0.0198842467	-0.0786631116	-0.0339951476	-0.12236323589999999	0.0358389539	-0.0289248756	0.011168969499999999	-0.0092433152	0.0809643426	-0.0164601851	0.1557511051	0.097939654	-0.1387222428	0.005811831	0.0357205996	0.0529524693	-0.0334413423	0.123381277	-0.0268862101	-0.0126243973	0.1062559107	-0.0238443591	0.06432939139999999	-0.0101639016	0.056414014400000004	-0.0823913948	-0.007775865600000002	-0.0216547434	0.0436265532	-0.003129878	0.018097126499999998	-0.0168906426	-0.051524277699999996	-0.17973470030000002	0.053359356100000005	0.063293787	0.008730129100000001	-0.0354632714	-0.016411516100000002	0.0331147945	-0.10280806320000001	0.1276559908	0.014031608700000002	0.0097011392	0.16304387539999998	-0.0105946753	0.0383462368	0.0939769123	0.0527780575	-0.0030600974	-0.05804945860000001	0.000244049	0.005761578999999999	5.955991440100001e-08	3.3195792573240995e-05	-0.0111013	2.429999999999967e-05	5.90489999999984e-10	0.00012323886169	0.010652	0.009712264	0.00011346510399999999	9.4328072005696e-05	-0.00051175	0.00040956699999999984	2.6188806250000004e-07	1.6774512748899988e-07	-0.000317888	5.5043999999999976e-05	3.029841935999997e-09	1.0105278054400001e-07	0.000188247	4.733999999999998e-06	3.5436933009e-08	2.2410755999999987e-11
523.7238441322091	-0.3130569492425366	0.09800465346904412	274286.6649126185	758.199548204165	-1.2086011823435	574866.5548970001	1.4607168179621064	444.1538598327571	0.05262218454964796	0.002769094306777208	197272.6512043365	444.1205552193885	741.7670499767447	1.114331	38.67332800000001	0.042564199	0.0288328	-0.13014483400000001	0.0058098933	0.0771892046	0.10294576470000001	0.0309404258	-0.0053288627	0.041751062400000004	0.064137385	-0.0031027481	-0.0516350783	-0.11934504480000001	0.043188927300000006	0.1274829974	0.1007644892	-0.0874652841	0.0269039639	0.0811513653	-0.07554742889999999	0.0013795994	-0.0269306442	0.0873276053	0.19496676010000002	-0.0670486863	0.0619981661	-0.0777130075	-0.0326097941	-0.0472707398	-0.09434066880000001	-0.0518255413	-0.1697497298	-0.0286893196	0.0790820795	0.061577151399999995	0.0145114866	-0.008749991700000001	-0.0511825204	-0.0115606998	0.0251834209	0.0402570437	0.07440866780000001	0.042635582400000004	-0.047703752300000006	-0.0339624589	-0.10745321890000001	0.0079407256	-0.0776630718	-0.0132544915	-0.1088697392	-0.0775528625	0.12698111550000002	0.0338006833	0.059941728	-0.0530462495	0.0006012964	-0.0003744809	-0.0283242456	0.0094307275	0.0447514931	-0.0492578592	-0.06201226820000001	0.066562923	0.0888572967	0.1120436043	-0.0535217419	-0.08332810019999999	-0.0146685838	0.0169866645	0.0392086357	-0.1185911526	0.1574874224	-0.0422885828	0.012356466200000001	-0.0314077114	-0.07352964299999999	-0.0029212088	0.0307337066	0.024431254500000003	0.0567520223	0.0244391446	0.0480358105	0.0258734933	-0.0807839799	-0.0648111883	0.045181755899999995	-0.1074173441	0.08944364839999999	0.030965922000000007	-0.0989165275	0.022604454700000002	-0.2916220765	0.0158127315	-0.1369813533	-0.0939226503	-0.0343311866	-0.1033453593	0.11337699300000001	0.0412976275	-0.0075342687	0.042608286100000003	0.0415278858	0.0160648811	0.0472830877	0.1182406452	0.0341559595	0.0067182199	0.0231254952	0.0563807049	0.1492465291	-0.0260036693	-0.077880277	0.0119883705	0.0105667732	0.1860622893	-0.0249820041	0.054592242199999995	0.0272151072	-0.052622679900000004	0.1039244684	-0.0099553784	-0.1443991641	0.0421425727	0.0717778154	-0.0480101493	0.0046239661	-0.0004207169	-0.0231821703	0.0223443868	0.05989975490000001	-0.0273459866	0.0237665015	0.0827661021	-0.0642340034	0.0646168897	-0.0779671126	-0.0528605525	-0.0925444433	-0.017600948999999998	0.06643095019999999	-0.030647007	-0.1203750367	-0.10530305710000001	0.0988655916	0.056318899400000004	-0.0352259373	-0.0344781872	0.1240260816	-0.0109543973	-0.0442214268	-0.0395154204	0.0352786368	0.0335709245	-0.11760955470000001	-0.0374729688	-0.0454052255	-0.0108235502	0.10178281480000001	0.0754390427	0.1089569689	-0.0077678441	0.2225871652	-0.1573480347	-0.0214459825	-0.1270361024	-0.050080858799999996	0.1576111239	0.11254016929999999	-0.0005284815	0.011008478799999999	-0.0152977101	0.0236949711	0.0528586729	0.08843064519999999	0.009186033100000001	0.0367668893	0.0759613363	-0.013320668999999999	-0.12012268220000001	0.09916691609999999	-0.027623974199999998	-0.053736823499999996	0.0966714792	-0.0912917089	-0.0978545235	0.033453982599999994	0.0116534078	-0.0187168108	0.0084984061	0.09292389919999999	0.049170489000000005	-0.0091706641	-0.06479109400000001	-0.0271329	-0.027376948999999998	0.0007361942624100001	0.0007494973365486012	-0.0111004	8.999999999998592e-07	8.099999999997466e-13	0.00012321888016	0.0138229	0.0031708999999999986	0.00019107256441	1.0054606809999994e-05	-0.000548428	-3.667799999999995e-05	3.0077327118400003e-07	1.3452756839999964e-09	-0.000521519	-0.000203631	4.1465584161000014e-08	2.71982067361e-07	0.000188247	0.0	3.5436933009e-08	0.0
525.2464608108861	1.522616678676968	2.3183615501852817	275883.8445943617	759.06219324157	0.8626450374049455	576175.4132087025	0.7441564605593798	444.46433687886025	0.3104770461031308	0.09639599615692558	197548.54675716496	444.38114368761376	745.5255162566701	1.1218549999999998	38.934475	0.060594735	0.0313762	-0.1069018671	-0.026248342200000004	-0.0226290252	-0.1188076827	0.0712069492	0.1092630902	-0.059025605	-0.10806990849999999	0.017161611599999998	-0.060126615099999996	-0.0353923903	-0.0692871961	0.15834868289999998	-0.044279098899999994	0.0146011141	0.0286921752	0.0487130745	-0.0214761145	0.0032993063	0.0708848322	-0.013219846100000002	0.0993283043	-0.2038918715	0.0774465832	0.0656764416	0.099458915	-0.08044639999999999	-0.1446582888	-0.0790935648	0.0040680067	-0.0954501166	0.08690721789999999	-0.1338222846	0.0191027132	-0.06520368929999999	-0.0200723896	0.0483038961	-0.0314245551	-0.025659474300000002	-0.005569953199999999	0.0404745513	0.1297711294	-0.08390603220000001	0.1033513984	0.0148344564	0.0033958644	0.012660195	-0.13892364880000002	0.07092748980000001	-0.0643094942	-0.0281585933	0.032729414500000005	0.0077811754000000006	-0.0453112191	-0.0645875418	-0.048388032000000004	-0.0208443171	0.1290569731	-0.0693490564	0.0011698357000000002	0.0011282594	0.024851157999999998	0.100614273	0.1228733745	0.050883549699999996	-0.0187254324	-0.11600735	0.0334595731	-0.0018894336999999998	-0.2390809334	0.1303639805	0.028915002999999998	-0.14871830279999998	-0.0023860246	0.079394144	-0.0508801764	0.0520083446	0.0824691405	-0.0824718117	-0.0013107245	-0.0190350442	0.1206694502	0.0838759157	0.06429017769999999	-0.0206428913	-0.0825756906	0.0600798734	-0.0819039114	0.020636629899999998	0.0432808258	-0.1182953375	0.0633040541	-0.0388369503	-0.0486584979	-0.030321975299999998	0.0051261966	0.0082978656	0.049366907	0.0466798301	0.024582096299999998	0.0355943213	-0.0017630521	-0.1199750674	-0.06905513469999999	0.0251896275	-0.0636061038	-0.0563394798	-0.0437920112	0.1581415663	0.0056551809	0.0996223373	0.0858339201	0.0973964605	-0.0165857567	0.0784502371	-0.09612641050000001	-0.1396576277	0.052236787	0.1396556323	-0.0009361115	-0.0580504658	0.029061587599999997	-0.012442006200000001	-0.0403657621	-0.0876696289	-0.0216095843	0.0039689174	0.1394465054	-0.0232238633	0.021634895499999997	-0.0045191362	-0.0005440798	0.1632361634	0.06847502650000001	-0.0705400459	0.0929632682	-0.060894653	-0.1481491574	0.10539167560000001	0.0952887439	-0.047974693799999996	-0.1985679665	0.021869253199999997	-0.0251256871	-0.0690881622	0.0140967773	-0.13639854070000001	0.0251058533	-0.0666345815	-0.0921514607	-0.055751439400000005	0.08619782880000001	-0.06932276030000001	0.0308353388	-0.146071175	-0.0377799964	0.008095686500000001	0.0315565102	0.0597010084	-0.0641218086	-0.10445847970000001	-0.04332863519999999	0.0515955198	-0.0401511899	-0.0419055103	-0.026347846400000003	0.0778907406	0.0093914946	-0.0056098112	0.0017842093	-0.08263776	-0.0567342648	-0.012657122600000001	-0.0687528364	-0.0544277497	0.0621649229	0.044433451500000005	-0.11672999740000001	-0.11410035550000001	-0.1182519401	-0.07341856849999999	-0.0912444847	-0.049771515	-0.0331764614	-0.0542867337	0.0533386588	-0.0338347624	0.0918383927	0.0454941512	-0.0152523765	-0.07117039139999999	-0.00921586	0.017917040000000002	8.493207553959999e-05	0.00032102032236160013	-0.011098899999999998	1.5000000000015e-06	2.2500000000045005e-12	0.00012318558120999996	-0.00560645	-0.01942935	3.14322816025e-05	0.00037749964142249986	-0.00032790699999999995	0.00022052100000000005	1.0752300064899996e-07	4.862951144100002e-08	-0.000521519	0.0	0.0	2.71982067361e-07	-5.61689e-05	-0.0002444159	3.1549453272100007e-09	5.973913217281e-08
525.7441068714353	0.4976460605491866	0.2476516015801247	276406.8659100432	757.652129178183	-1.410064063386926	574036.7488482342	1.9882806628552487	444.67957230491095	0.2152354260506968	0.04632628862722497	197739.9220252785	444.64994512683404	757.8682001546698	1.0854700000000002	37.671715	0.052451685	0.027232	-0.04545551230000002	-0.0415658787	-0.0135730916	0.0985585136	0.07623298469999999	0.0380188408	0.0348698449	0.026262343100000002	0.0336651303	-0.0918692785	0.0273261339	-0.0726827745	-0.037208074300000005	0.178405001	-0.0028620774	0.1546766628	0.0084729843	0.0700010579	0.0787955312	-0.0205500973	-0.0227263119	0.0400826619	-0.0007869228999999999	-0.0774577772	-0.011926018	0.1465163888	0.0321257316	-0.0203891745	0.0707787369	-0.0042705629	-0.1222307905	-0.0051790386	0.0194700036	0.1310424002	-0.11002233609999999	0.012332536399999998	-0.06577308030000001	-0.033200117200000004	-0.051078477000000004	0.0026524349	0.011634411899999999	0.07506491559999999	0.12948394970000002	0.0180463496	0.0099471075	-0.0894936653	-0.0665150094	0.0217967307	0.0285096563	0.0774838198	0.0558703419	0.022188060699999998	0.0188059733	-0.0723289102	-0.03184915	0.10872784619999999	-0.1371364172	0.0357290023	-0.1235142737	0.0972417606	-0.0378627843	0.0417900722	-0.015262883799999996	-0.0112612512	-0.0599676272	0.1132939477	-0.0104578367	-0.0073435949	-0.0113447416	0.043210949400000004	0.12229319	0.16925962	-0.0498831179	-0.0299539967	-0.0026779114	-0.0676020762	0.044378327800000006	0.11795311050000001	-0.0362230279	0.008998108000000001	-0.1102409163	0.0188328296	-0.13858743	-0.0237664467	-0.0444148514	0.0959769427	-0.13269466789999998	-0.0282983293	0.032574732099999996	0.0299068114	0.006133985400000001	-0.0700091589	0.0502791863	0.032527556400000004	-0.0930602098	-0.0387420433	-0.0080085713	0.003935096	-0.0039799696	-0.0243194564	-0.030681513100000002	-0.0093821128	-0.17476395179999998	-0.1088121683	0.017234889399999998	0.1424706534	0.0235671075	0.017579820700000002	0.051173391500000005	-0.14681373150000002	0.0281863201	0.0969690515	0.0213330703	-0.0516315566	-0.0405913398	0.0706128895	0.0344812917	-0.0319107208	-0.017623478999999997	-0.05694741389999999	0.0670490992	0.0323736087	0.0305385867	-0.08748807019999999	0.0001799959	0.1303459784	-0.10158922699999999	0.086557463	-0.109171454	0.12090700630000001	-0.0392945128	0.0244787975	-0.007109031899999998	-0.08966826900000001	-0.0376965702	0.09128473960000001	0.0918509431	0.0424125195	-0.0098451868	-0.0372091253	-0.0985823348	-0.1300700637	0.022519385099999997	0.0552126514	0.0576130546	0.0710882661	-0.0717840377	0.059177832699999995	-0.0875381551	0.0100311671	0.0778586334	0.060911936500000013	0.053110161600000004	0.0343386944	0.0604017669	0.12788222529999999	-0.0356772519	-0.0686674236	0.0450401809	-0.0155137305	0.0342166931	0.0505328621	-0.010141643	-0.0034348965000000004	0.07249360519999999	0.1153967167	0.0386146699	-0.051883993499999996	-0.006632609100000001	-0.0040679801	-0.0284842122	-0.1698717385	-0.0103180189	-0.0365017668	0.1361611526	0.007069867099999998	-0.0439940558	0.0602810729	-0.1761257666	-0.0008992073	0.011326483	-0.0924730648	-0.0365116448	-0.0836250508	0.0832202422	0.0157877249	0.0682180112	0.0907207723	0.0417541856	-0.0212860992	-0.077151675	-0.00923001	-1.4150000000000967e-05	8.51930846001e-05	2.0022250000002738e-10	-0.0245291	-0.013430200000000002	0.00018037027204	0.0006016767468099999	0.00229494	0.00790139	5.2667496036e-06	6.243196393209999e-05	-0.00070561	-0.000377703	4.978854720999999e-07	1.4265955620900002e-07	-0.000521519	0.0	0.0	2.71982067361e-07	0.000188247	0.0002444159	3.5436933009e-08	5.973913217281e-08
524.674543937046	-1.0695629343892958	1.1439648706194416	275283.3770555472	759.7985717704887	2.146442592305675	577293.8696644745	4.607215802063908	444.56790199518167	-0.11167030972927704	0.012470258075032669	197640.61948439747	444.4807395047455	753.8151947095514	1.050929	36.472958	0.01579876	0.010145200000000002	-0.082078397	-0.0255227272	0.043292464800000006	-0.0820786189	0.047619064800000006	-0.0320609848	0.0021740879	-0.0464153936	-0.0611441872	0.044275452400000005	0.0380710861	0.13153882890000002	-0.0371142266	0.0018343488	0.03073096	0.10258740150000001	-0.0095669661	0.0090589778	0.061624365	0.0953457439	0.10110875859999999	0.0361740926	-0.013578692	0.0496552367	-0.0650278372	-0.038133422400000005	0.0999415248	0.04315992019999999	-0.102404039	0.1295829875	-0.0196823221	-0.09380170939999999	0.1208156076	-0.0770743073	-0.09736842300000001	0.035830532000000005	-0.0053521118999999995	-0.0959200124	0.0095839628	0.017299685	-0.1666720988	0.029361756099999997	-0.0035318349	0.0780739924	-0.0566148155	-0.0196544939	-0.0304907759	-0.019312072	0.0420218202	0.0107813264	0.0938198732	-0.0067765644	-0.0096637744	0.040265369100000004	-0.033512652000000004	0.1160660389	-0.1067897896	0.0750780441	-0.08586838150000001	0.0645990345	-0.042700119	0.1050003819	0.0604570681	-0.0371189855	0.13125170279999998	0.1401332718	0.0174394556	-0.1396631009	0.12518451519999999	0.0092323822	-0.0238207268	0.1081507543	0.0728228337	-0.0360491803	0.056493228300000004	-0.0792662327	0.0148969457	0.0034534655	-0.067044638	-0.0494231288	-0.1005013522	0.0395556299	-0.005766603	-0.0277028382	0.0761803443	-0.046346630300000004	-0.049792638	-0.0027840082	-0.0452890355	-0.0902037108	-0.1312263316	-0.0176019418	-0.0212254507	0.0785384541	-0.052340946799999996	0.0203878165	0.0143010454	0.0550689031	0.0034123244	0.1298514533	-0.0713553493	0.10819718730000001	0.0551393645	0.1498053348	-0.020888351399999998	-0.18251953710000002	-0.026969484	0.0727523113	0.0484125287	-0.019910090800000002	-0.0226322559	-0.0364482979	-0.1949919998	0.048383326500000004	0.0246740899	0.0969737459	0.0398865136	0.0198366827	0.0378696771	0.0181364142	0.107091635	0.0149528741	-0.014518596699999999	0.017399783000000002	-0.00035797650000000004	0.12218491949999999	-0.1035837941	0.1193020477	-0.052251030700000006	0.0746542539	0.0005701249	-0.021483099500000002	0.07720194030000001	-0.042750942400000005	0.16288012470000002	0.1042398773	0.0706625118	0.074073167	-0.19762655980000002	0.061657496799999996	-0.0336129385	-0.0210535671	-0.0374834025	0.04313964309999999	0.0444654964	-0.0293726886	-0.0509560117	-0.015398766599999999	-0.0530668637	-0.0588909767	0.0323320545	0.0822021809	0.007072320300000001	0.056492965599999986	0.0796141221	-0.06339589059999999	-0.052361321399999994	-0.0578805573	0.046337860999999994	0.0674905694	-0.15860833359999998	0.0951744417	0.0163801064	-0.010468505999999999	0.0088599937	-0.025519973999999997	0.0244317792	0.0165506699	-0.1499281066	0.0837922122	-0.0159472572	0.1332482304	0.0606854516	0.06454371219999999	-0.2565685146	-0.0420302354	-0.11549673699999999	-0.0225813542	-0.0380380201	0.0951722681	-0.029512332000000002	0.0687887762	0.018640786399999998	-0.0215849934	0.0647938384	-0.11202653630000001	-0.0259280425	0.0895714288	0.0379558231	-0.027252848	-0.0827014951	-0.00923181	-1.7999999999997185e-06	8.52263158761e-05	3.2399999999989865e-12	-0.0230219	0.0015071999999999967	2.2716518399999903e-06	0.0005300078796100001	0.0113198	0.00902486	0.00012813787203999998	8.144809801959999e-05	-0.000653931	5.1679e-05	4.27625752761e-07	2.6707190410000005e-09	-0.0004678999999999999	5.361900000000008e-05	2.8749971610000087e-09	2.1893040999999994e-07	0.000188247	0.0	3.5436933009e-08	0.0
524.7429175034837	0.06837356643768544	0.004674944587408585	275355.12947006786	759.2049254662953	-0.5936463041933848	576392.118852283	0.3524159344824648	444.1283855681166	-0.43951642706508665	0.19317468966005966	197250.02286734164	444.0248925268889	750.8315653221782	1.04723	36.344563	0.01599542	0.00950052	-0.07388748190000001	-0.013898573300000001	-0.0877050858	0.06153483980000001	0.0376542473	-0.0033963984000000003	-0.0588710803	0.0651550042	0.0763360903	-0.0099478908	-0.0701001704	0.05231340809999999	0.0026977357	-0.011141193899999999	-0.1088343326	-0.027941531000000002	0.09206132300000001	-0.1264322257	0.015464769199999999	-0.0555856634	-0.0952558832	-0.0867271773	-0.045404010999999994	-0.0109754929	-0.1072169195	0.0524142546	-0.0651706662	0.1721279273	0.044043370899999996	0.1562960549	0.1075235101	-0.055827464400000006	0.014622512399999999	-0.11757732470000001	0.0555954718	-0.1285450991	-0.0124561976	0.0014916076999999999	-0.0187818207	0.05861424570000001	0.026565605099999997	-0.072487578	-0.0182813222	-0.012769601100000002	-0.0082578662	0.14785837970000001	-0.0721724176	-0.022967324	0.053657625800000004	0.11644604900000001	0.0344170341	0.072958472	-0.09737173019999999	-0.0344733257	-0.0595332916	0.0781765533	-0.0911355244	-0.0366538706	-0.0515188942	0.0196193096	-0.0643907154	0.0080823927	-0.0326838998	-0.0584732506	-0.0248731812	-0.0331941237	0.09618543189999999	0.0595336169	-0.09189520359999999	0.0015264663	0.0679511203	-0.055581405300000004	0.009586896999999999	-0.0831569777	0.1633262288	-0.1314252831	0.1229420764	0.049449315	-0.0618862164	-0.0451265276	0.024112939500000003	-0.064186356	0.0030014484000000004	-0.0052539658	0.0204878319	-0.0462046634	-0.028255746499999998	0.0794089779	0.0555004026	-0.0177360464	-0.1339326496	0.0051755813	-0.0199227584	0.1033092124	-0.0310679602	0.0158982933	-0.11153791210000001	-0.009931908	-0.0863530108	0.0196714432	0.0710677822	0.1139052211	0.042101974800000004	-0.113646538	0.0683970441	0.048842964100000004	-0.0254171602	-0.0081913501	-0.0883670084	0.11004993490000001	0.024118870499999997	-0.0798389055	0.0391545067	0.0356101686	-0.0459667072	-0.2132486698	0.0050758645	-0.0407155756	0.0542477696	-0.10816875289999996	0.0590275583	0.0801172908	-0.0838841843	-0.0095995205	-0.0360348691	0.0909109818	-0.0819510056	-0.017595387	-0.0314520811	0.10408366279999999	0.026584327799999998	0.068610803	-0.0404663622	-0.0294780891	0.012184624	-0.0694500846	0.0408676202	0.0051342561	0.0908695559	-0.0286130982	0.0044198501	0.0520080871	0.15773143380000001	0.0044208653	-0.061244680499999996	0.0103877322	-0.21935869579999998	-0.017910449199999998	-0.0730414696	0.0195277859	0.0404886914	-0.061920046900000004	-0.05836198610000001	0.0637079818	0.0500891212	-0.0226695475	-0.0611846871	0.0195535756	-0.0084063126	-0.0483007814	-0.1479902139	0.16558075519999998	0.030300048599999997	0.0500390649	-0.0873276533	-0.040152231600000005	-0.0453654118	-0.070285395	0.1218603342	0.0625828196	0.0318577677	0.023242627400000004	0.0885277767	-0.1162698322	0.067548053	0.0755177306	0.06376834690000001	0.0031478727	0.08419813400000001	-0.0668312997	0.029210995899999998	0.0739296639	0.0251349598	0.0581024067	-0.08854023289999999	0.0979749614	-0.09544343029999999	0.0883907642	0.0341043759	-0.033133849300000004	-0.087788815	-0.00923001	1.7999999999997185e-06	8.51930846001e-05	3.2399999999989865e-12	-0.023577	-0.0005550999999999993	3.081360099999993e-07	0.000555874929	0.00719753	-0.00412227	5.1804438100899987e-05	1.69931099529e-05	-0.000481225	0.00017270599999999996	2.31577500625e-07	2.9827362435999975e-08	-0.000521519	-5.361900000000008e-05	2.8749971610000087e-09	2.71982067361e-07	0.000188247	0.0	3.5436933009e-08	0.0
526.0066149252095	1.2636974217258512	1.5969311736765641	276682.95894507767	757.3612055073056	-1.843719958989709	573595.9956074792	3.3993032871770144	444.1563619193962	0.027976351279619397	0.0007826762309206618	197274.87383347368	444.13935945574957	758.6600243921743	1.069406	37.114193	0.04235666	0.023777	-0.0451184038	-0.05664297190000001	0.09137468539999999	0.0024966972	0.0812403208	0.08848036449999999	0.041443036	-0.0088729576	-0.0084252911	-0.1021969322	-0.060714980599999996	-0.07667458740000001	0.0462870149	-0.0076787439	-0.0279088143	-0.0637556534	0.0526913233	-0.0230330135	0.1074072225	0.021363056800000002	-0.0025025466000000002	-0.0327026806	0.0618804913	0.1140234108	-0.0163123696	0.0403660188	-0.0159539356	-0.0407204996	0.0673468606	-0.0037182293	0.0613275222	0.10431828609999999	0.09642110179999999	-0.006357094000000001	-0.1378011551	-0.09822874029999999	-0.023627784199999998	-0.0003870996	-0.046359547300000005	0.1570726187	-0.0340238489	0.0393619489	-0.08451678060000001	0.044280565	0.10362125119999999	-0.0030975749	-0.0223004713	-0.1452807044	-0.056995686399999995	0.0337690654	-0.0495736688	0.041570134700000004	0.0411487447	-0.0166561845	-0.0146091498	-0.09230657710000001	-0.10293613550000001	0.0030994025	0.0284530729	0.0918984634	0.032472613500000004	0.028894944500000002	0.0548095943	0.0144792816	-0.026058112999999997	-0.0237702243	-0.0348029589	0.029820015099999996	-0.0712335383	0.1133154026	-0.08686609619999999	0.042513920999999996	-0.0702416117	-0.06378628809999999	-0.0154956448	0.0536637017	-0.1187575779	-0.0613613109	-0.0674585783	-0.0484355222	-0.0534379812	-0.0177243814	-0.075467879	0.071288451	0.06815617480000001	0.0704350821	0.12102200939999999	0.0535207216	-0.17676718660000001	-0.08527964800000001	0.0165151421	-0.0770613102	0.0745010086	0.0815008817	-0.135207461	-0.07053540009999999	0.0537995809	0.0416882004	-0.0324771983	-0.051953088200000004	0.1121051943	-0.0992270477	0.0325627277	-0.0660042641	-0.17665624010000006	-0.10893777660000001	0.05677031110000001	-0.011436276200000001	0.0712442571	0.0689758685	-0.139460219	-0.0371728896	0.0581804703	0.0197095493	-0.0539685133	-0.0097963959	-0.0121516788	0.131040997	0.0288113737	-0.0869858993	-0.0444668284	0.015889818700000002	0.0313560787	0.0044727827000000005	-0.0690952424	-0.10613181140000001	-0.07512556969999999	0.0028869164	0.0200251825	0.0685478967	-0.056604211900000014	-0.0433412568	0.0080545114	0.010687171799999999	-0.0395152485	-0.0484318693	-0.0228602489	0.0035888651	-0.0409074475	-0.1069208276	-0.0968422717	0.0554072168	-0.0269181413	-0.0904451014	-0.0033271934999999997	0.0447739009	0.0798468294	0.055799176	-0.0694517106	-0.0637369521	0.045401051	0.0648688292	0.0179994735	0.0512219255	0.0941883586	-0.0621249	0.1970295145	-0.0023853549	-0.17852161100000002	0.1199865834	-0.0172759738	0.0269587834	0.035150963	0.1065505443	0.0076885141	0.12497301599999999	0.0809083563	0.133959057	0.014181238200000001	0.0063401372	0.035949551499999996	0.054722893499999994	-0.19400897109999998	-0.0588537542	-0.0674507345	-0.0566386553	0.06826313349999999	0.048885720199999996	0.022623565499999998	0.033419529100000005	-0.10127851369999999	-0.0842028753	0.0592683507	0.09322843439999999	0.0065046568	-0.0690804729	-0.052196255	0.08717919119999999	0.0302052306	-0.0389105992	-0.0923851842	-0.0258474	-0.01661739	0.00066808808676	0.0002761376504121	-0.0363698	-0.0127928	0.00016365573184	0.00132276235204	0.00288636	-0.00431117	8.3310740496e-06	1.85861867689e-05	-0.000653931	-0.00017270599999999996	4.27625752761e-07	2.9827362435999975e-08	-0.000521519	0.0	0.0	2.71982067361e-07	0.000188247	0.0	3.5436933009e-08	0.0
527.3539981996116	1.3473832744020908	1.8154416881385005	278102.23941711604	757.2676062754222	-0.0935992318834451	573454.2275141078	0.008760816209170927	444.63423247990806	0.4778705605118603	0.2283602726039195	197699.6006929969	444.5851677559983	770.0041344487931	1.095206	38.009617	0.07174116	0.0376601	0.025205673900000003	-0.09289274619999999	-0.0740243662	-0.1202344925	0.0872913535	0.0898473325	-0.0769269563	-0.05638621200000001	0.08400878869999999	-0.0698519317	-0.0084109359	-0.1140182431	0.031102013799999998	-0.014043548000000001	0.0392745722	-0.2053359168	-0.1215308844	0.009682803	0.13522243109999998	0.0911026584	-0.0038160745	0.028604939500000006	0.0260927184	0.0706326983	0.037501916	-0.070497987	-0.0487228336	-0.0401887404	0.0760244204	0.0108890403	-0.05356270269999999	-0.0722059389	-0.023921544399999998	-0.0157485079	-0.0471748838	-0.17565176870000002	-0.1232265258	-0.0736233226	-0.0289359407	-0.0006732025999999999	-0.0370237699	0.0229522154	-0.047441289299999995	0.0488541426	0.09531704640000001	-0.0280202043	0.0620963066	-0.11803772859999999	0.0830810421	-0.10272670269999999	-0.11128549210000001	0.022207909900000003	0.025089459799999998	-0.031122117400000007	-0.0311240095	-0.0797002462	-0.0130272763	-0.041477271	-0.0752535609	0.08634849060000001	-0.04316727769999999	0.023272178799999998	-0.0622813361	0.0560884593	-0.1324599699	0.0347107707	-0.006060710699999999	-0.0679851228	0.0767174722	0.0558697789	0.0097473329	0.059425098899999994	-0.076844378	-0.0991659671	0.0434151263	-0.1022562766	-0.0269054204	-0.0199865905	-0.14897521789999998	-0.1612720376	-0.0718607145	-0.0471284472	0.0397678337	0.0306125408	-0.024534606	0.023773124500000003	-0.0098817135	0.0337517901	-0.0729550033	-0.1169009176	0.1414876572	0.0271993167	0.0428196492	0.049512780199999995	0.009684601800000001	-0.16017790640000001	-0.037811756099999996	-0.1005845836	-0.0007036414	-0.0136010808	-0.047303965	-0.1354118172	0.0779962803	0.0674177824	0.1129833059	-0.10563966529999999	-0.1549302812	0.1295198312	-0.041537811699999996	-0.0745421299	0.0683721977	-0.1327391547	0.0416867266	0.0478699548	-0.025606342999999997	0.0800644983	-0.0533953838	0.020478538	0.1508142201	0.017025199799999998	-0.1535337333	-0.010902568999999999	0.026747042000000002	-0.0281046726	-0.0654270488	-0.0739224731	0.0302991677	-0.0114318483	-0.0938476857	0.10323440730000001	-0.0506821661	0.0355489352	-0.0701461687	0.028355973599999997	-0.0882513487	-0.014047408300000001	0.039176404399999996	0.0566892207	-0.099701691	0.044164483399999996	-0.0482526129	-0.0594714054	0.0527351801	-0.0976429513	0.0181648674	-0.0169144221	-0.0065731183999999995	0.0131214903	-0.11520057660000001	-0.1705261954	0.0387353051	-0.051655644800000004	-0.09575195630000001	0.0358483721	0.0494924642	-0.0280757271	-0.006112544300000001	-0.1365399411	-0.10064195779999999	0.13203142380000002	0.079665178	0.0741178716	0.08715594019999999	-0.0921507392	0.0151740995	0.0464863247	-0.052542009400000006	0.0168468498	-0.0201381996	-0.038455866899999996	0.08857132390000001	0.0328366754	-0.066053	0.0754847853	-0.0567435275	0.1626637352	-0.13527394410000002	-0.17383125300000002	-0.007189002	0.0322881325	0.0898199632	0.0430573696	-0.1412582233	0.11310616470000001	0.0547883184	0.0180308239	0.0081844189	0.08593713359999999	0.0262638406	-0.044564922	-0.09646489789999999	-0.00588545	0.01996195	3.46385217025e-05	0.0003984794478025	-0.0439267	-0.007556899999999998	5.7106737609999974e-05	0.00192955497289	-0.0111227	-0.01400906	0.00012371445529	0.0001962537620836	-0.0011243	-0.000470369	1.26405049e-06	2.21246996161e-07	-0.000655415	-0.000133896	1.7928138815999997e-08	4.29568822225e-07	0.000188247	0.0	3.5436933009e-08	0.0
527.9501217009366	0.5961235013249961	0.3553632288319727	278731.3310040338	759.9215803565103	2.6539740810881085	577480.808291536	7.043578423087469	445.1545321606079	0.5202996806998499	0.2707117577363657	198162.55750312968	445.12832359965637	773.991865048376	1.130471	39.233482	0.030850019999999995	0.014897799999999998	0.1110473775	-0.0015497795999999998	-0.060769761	0.0614739754	0.1566086995	0.025276532	0.0230531591	0.11250517130000001	-0.0029651458	-0.1054589033	0.018959839699999998	0.084229029	-0.0686900597	0.022435397000000003	-0.0311537359	0.0634676829	-0.09046244369999999	0.0792805458	0.075746523	-0.0102978063	0.06475161360000001	-0.0210095438	-0.010481690600000001	-0.0051441933000000006	0.0861994158	0.0527791228	0.0374543127	0.0329347204	0.0719429497	0.1058100902	-0.0252793218	0.0665997917	-0.0005234426	-0.0178749453	0.1127316376	0.0750484676	0.008751526899999999	0.0519887708	-0.0968591557	0.063720175	-0.0276842507	-0.0331362432	0.0213778159	-0.0593670466	0.0062680246999999994	-0.0595820678	0.09803468189999999	0.0740241166	0.052392042699999995	-0.0286678576	-0.1182946553	0.0134530607	0.0629762077	-0.22328090329999997	0.0259973299	0.0653768605	-0.0933737159	-0.1055805288	-0.1278625814	-0.0178910168	-0.032449237400000004	0.0678444958	0.053843550700000006	0.184752618	0.010363579	-0.1123073578	0.1169138066	-0.0346176553	-0.0095988007	-0.1352700979	-0.040969131	0.055112318099999995	-0.014468805800000003	0.18279897920000002	-0.0374473328	-0.0818188549	0.12704937560000001	0.0582626109	0.0058762216	0.1077727326	-0.0636725645	-0.0295005856	0.1139577622	-0.11008834949999999	-0.0361289833	0.1552726981	0.011845811299999998	-0.0587509881	0.12405594019999999	-0.0128969255	0.051798396100000005	0.0059140066000000005	-0.026868852999999998	-0.0019094148000000002	-0.0332519725	-0.0671381467	0.0164520198	0.0162133153	-0.0323100826	0.10423455390000001	0.0626045475	0.1028606368	-0.030849620699999997	0.10517797050000001	0.0673747667	-0.1175272619	-0.0470992072	0.0183203561	0.018795228	-0.0296302385	-0.1010292249	-0.1360918823	-0.004931196	-0.055747148899999995	-0.049011051900000005	0.0066982647	0.0393464958	-0.0858691206	-0.0191958419	-0.0027903404	-0.0907766325	-0.0206465323	0.1045408131	-0.19655558399999998	-0.0084159102	0.07155367110000001	-0.11221572310000001	-0.08947262730000001	-0.1516812999	0.0921457802	0.0620273428	0.0164346399	0.1559689816	0.15046298019999998	-0.0879929601	-0.0769162677	0.09613755199999999	-0.1191514409	0.028014214300000003	0.0470312713	-0.0100402426	-0.0439024854	-0.1437189282	0.115163012	-0.0337130158	-0.0721136204	-0.08571338939999999	-0.12653263650000002	0.0057357176	-0.0702139842	-0.0627863075	-0.11080390789999996	0.0984498952	-0.0394493292	0.021388315699999997	0.1383497676	-0.030086095099999998	0.1355135093	0.04271374519999999	0.0018264282	0.0790274978	0.0696225691	0.0426261716	-0.0843138276	0.0182550258	-0.0032722893	0.0474231167	0.0380151867	0.019900798799999998	0.0786262027	-0.0005099814	0.069209183	0.13560121960000002	-0.0033486466999999996	-0.1599749193	0.028238776	-0.0584378495	0.020532338799999997	0.0541539363	0.0984148823	-0.0137101051	-0.018739169099999998	-0.093051323	0.0692517293	-0.0265962523	-0.074026279	-0.0186574387	0.0846650256	0.0222857183	-0.0500790271	-0.1000051409	-0.00922182	-0.00333637	8.504196411240001e-05	1.11313647769e-05	-0.0406469	0.0032798	1.0757088039999997e-05	0.00165217047961	-0.0177002	-0.006577499999999997	0.00031329708004000005	4.326350624999998e-05	-0.00090722	0.00021707999999999992	8.230481284000002e-07	4.712372639999997e-08	-0.000640666	1.474899999999999e-05	2.175330009999997e-10	4.10452923556e-07	0.000309545	0.000121298	9.5818107025e-08	1.4713204803999996e-08
527.0262154790329	-0.9239062219037352	0.8536027068724338	277756.63180215197	756.6099461974006	-3.3116341591096443	572458.6106848335	10.966920803781841	445.1856151295265	0.03108296891861073	0.0009661509567953207	198190.23191825493	445.1199643554312	768.6395222260139	1.094939	38.000347	0.06054252	0.031614599999999986	0.084969176	0.059739838899999995	0.0924541951	-0.0318190986	0.0629352444	-0.0680922033	0.14467522359999999	-0.0042221174	-0.028715193700000002	0.1195805764	0.12400231269999999	0.1285759688	-0.0781775303	-0.009896927600000001	0.0427191418	-0.0616818041	0.076419803	0.025467595699999998	-0.061424320199999986	-0.0308285652	0.0923175631	-0.0437545262	0.0905760132	0.070396143	-0.10295751630000001	-0.25265102920000004	-0.0258294472	-0.0215525571	-0.1035717247	0.0432130415	-0.0904865789	-0.0142677583	-0.0442703005	-0.061658059	-0.12511558720000002	-0.0494987242	0.042389655	-0.10606352990000001	0.0913269986	-0.0480786349	0.07877555	0.047183144100000005	0.0526252274	0.021849591499999998	0.0516137611	-0.24704589710000002	-0.0021577151	0.0619508551	-0.03009792	0.018227892	0.0941712909	-0.0516007534	0.0373606026	-0.08799052339999999	-0.15154543480000002	-0.14660652359999998	-0.1008111753	-0.0677932965	0.0723133058	0.0051289519	0.12673374169999999	-0.0847137493	-0.025414302799999997	0.15161574560000002	-0.0770386867	0.0405956342	-0.0014706543	-0.0626333333	-0.0338514595	0.0051954143	-0.1129438356	-0.039535748100000004	0.0271062509	0.0138379381	0.0341156605	-0.0595906936	0.0637333746	0.0349014075	-0.061522217000000004	-0.1184952086	0.1253158117	-0.0021706877	-0.0689381741	0.0419823215	-0.07632833509999999	0.0060372476	0.0322608223	0.0518381683	0.1131484344	0.026518299	0.079931385	-0.020773071100000002	-0.0111567469	0.071214655	0.042896999500000005	0.0977348758	-0.0490769671	0.0408989752	0.28332438449999997	0.11446393029999999	-0.06859934990000001	-0.10617469189999999	-0.0387815571	-0.0822961757	0.0382640068	0.0217468644	-0.06013276240000001	-0.0545144743	0.14135046939999998	0.005689183100000001	-0.0162229004	0.0464595383	-0.011122951399999999	-0.0014465787	0.0541768113	0.017275432900000002	0.08885957480000001	0.0023951137	-0.0659214938	0.0464136984	0.11488839390000001	-0.0355744204	0.0012878911	-0.06925026349999999	-0.21671992969999998	-0.116948958	-0.0809469471	-0.0693713659	0.011443431499999998	-0.0509857392	-0.0799983096	-0.0396907469	-0.0687385493	0.0556190358	-0.16571397029999999	0.0402237292	0.0248824367	0.0007748172	-0.07165715519999999	-0.0087411799	0.0670997435	0.0790163483	-0.0282455821	-0.030539852200000002	-0.026560889	0.0175879051	-0.0777843796	-0.0753121468	-0.10553534699999999	0.0297522614	0.0125771616	-0.0470997426	-0.1655123915	-0.0450589742	0.034648404300000005	0.0065844084	-0.0787264974	0.0427090279	-0.059739342599999995	-0.0266526062	0.0764584077	0.0043497906	-0.1151763153	0.024445338100000002	-0.0551476389	0.06333185870000001	-0.0902510876	-0.0276958488	-0.1429350864	-0.0657424087	-0.25292647949999997	0.0627699323	-0.0162120766	0.0462874102	0.06980514639999999	0.0747787477	0.059780310499999996	-0.1228046925	-0.0411695006	-0.0018402210999999998	-0.1527659485	-0.0740002007	0.0372850372	-0.0803026158	-0.0656054011	-0.0720033002	0.0072778648	0.0833633121	0.0182764273	-0.055435565	-0.10298611449999999	0.0051248000000000005	0.01434662	2.6263575040000005e-05	0.00020582550542440006	-0.0262168	0.014430099999999996	0.00020822778600999996	0.0006873206022400001	-0.016129499999999998	0.0015707000000000013	0.00026016077025	2.467098490000004e-06	-0.000483864	0.000423356	2.3412437049600005e-07	1.7923030273599999e-07	-0.000581418	5.9248000000000026e-05	3.5103255040000027e-09	3.3804689072399996e-07	0.000188247	-0.000121298	3.5436933009e-08	1.4713204803999996e-08
525.8718964400646	-1.1543190389683105	1.3324524437247238	276541.25146547	758.5282461652382	1.918299967837584	575365.1002305122	3.6798747666056735	445.0094111355429	-0.17620399398361994	0.03104784749577958	198033.37599920266	444.95718392041397	764.9139608222838	1.110673	38.546391	0.08345495000000001	0.0430673	0.0282004954	0.035979800299999996	-0.011002341499999999	-0.1009339847	-0.11847065050000001	-0.1252251445	-0.0588618315	-0.1069164576	0.0656158151	0.1676853994	0.0644446668	0.009156408000000001	-0.052951630199999995	-0.08080576469999999	-0.027352517599999997	-0.07467637490000001	0.0903671184	-0.14397407199999998	0.0427622639	0.0083948306	0.019797273100000002	0.0558416294	-0.0546228334	-0.054110104000000006	0.1012667925	0.0644781444	-0.0363396458	0.0662829721	0.033244295099999994	-0.0079350055	0.0770146541	0.079239376	0.0810395949	0.0831652945	0.060647378200000004	0.09026619949999999	-0.0888132258	0.0362112909	0.040721104	-0.039394536800000005	-0.0488203575	0.07480853259999999	0.0171924235	0.0273747844	0.0717504696	0.07600357740000001	0.053472373899999995	-0.0233842155	0.0280072577	-0.0732841903	0.070151176	0.0357737777	-0.1598726344	-0.046534628499999994	-0.0753687569	0.008493985	0.014278528600000001	-0.0226365175	-0.0968791564	-0.0082989548	-0.16285782599999998	-0.1169284395	-0.0123303482	0.0385343384	-0.1239909026	-0.0676068406	0.028614169300000002	-0.0079150797	-0.15520826470000001	0.1529846751	-0.0101686227	-0.0103597277	0.029028395800000002	0.2540757245	0.051746683200000004	-0.049033540599999995	-0.054432891399999996	0.10576924300000001	0.0755512367	-0.0382496753	0.012515149599999999	0.0440496338	-0.0426878033	-0.0398618105	0.011893256599999999	-0.0909939741	0.0784975661	0.0384089965	-0.008437373199999999	0.009063578000000001	-0.0250075121	-0.17183155579999998	0.0308105444	-0.040730767200000004	0.1048662946	0.0821600822	-0.0691085649	0.1066651581	-0.010381100899999999	-0.0748176367	-0.11418421960000001	0.019052313	0.0311348638	0.1057068783	0.2009417683	-0.0915937027	-0.049789641100000004	0.0032986811	0.0205798551	0.0041223569	0.0851608559	0.0255675244	-0.025831044100000002	0.0838447889	0.0021001607	0.11812853720000001	-0.0816466652	0.0073456553	0.0674505209	0.0801548543	0.0101072637	0.0715394167	-0.1574124805	-0.0335370806	-0.0613532209	0.0572281629	0.0353730525	-0.011694813799999999	-0.07848296269999999	0.0030492223	0.004635128400000001	0.19564116809999998	-0.06845951780000001	-0.041283192	-0.1351946213	-0.1263018138	0.047763518	-0.023947986	-0.056142331600000005	-0.1705080673	0.0045136983000000006	0.0696834204	-0.0838718438	0.161445264	-0.1400393778	0.0114953675	0.0007948878	-0.030390934100000006	0.1193483229	0.028915717599999998	-0.0058665443	0.068993706	-0.0167557505	-0.102326555	-0.0743595492	-0.1066805236	-0.0447064159	0.0005788074	-0.028712402400000007	-0.0452772313	-0.025239082000000003	0.0019604367	-0.0845402404	0.1227322015	0.0764954494	-0.0027353011	-0.2083606771	0.0064348825	-0.10894678460000001	0.0888169928	0.0240085076	-0.1044951123	0.0912640283	0.0990064324	-0.10837190880000001	0.1033042006	-0.019671429	-0.1013052998	-0.0687145363	-0.0656692854	0.0860693912	0.0003733381	-0.010937244399999999	0.028039790499999998	0.1099226531	-0.0055590761	0.037560606	0.0820324483	0.0142415751	-0.0606176821	-0.105391148	-0.0121414	-0.017266200000000002	0.00014741359396000002	0.00029812166244000014	-0.028361	-0.002144199999999999	4.5975936399999945e-06	0.0008043463210000001	0.00441435	0.02054385	1.94864859225e-05	0.0004220497728225	-0.00117495	-0.0006910859999999997	1.3805075024999998e-06	4.775998593959998e-07	-0.0006209869999999999	-3.956899999999993e-05	1.5657057609999947e-09	3.856248541689999e-07	0.000327606	0.00013935899999999998	1.0732569123599998e-07	1.9420930880999997e-08
525.6405216607474	-0.23137477931720696	0.053534288504086223	276297.9580117826	758.8361638641055	0.3079176988672998	575832.3235879915	0.09481330927573313	444.7108064065796	-0.298604728963312	0.08916478415925304	197767.70133479036	444.6851319649688	753.6054139668332	1.089929	37.826439	0.07158702099999999	0.035544699999999985	-0.0218859715	0.0369224026	-0.11517911039999999	0.034945100699999995	-0.021590897	-0.038752713	-0.0510757607	0.070002546	0.0537036755	0.0184740913	-0.0734498629	-0.0214884378	0.0716174361	0.0568150301	-0.09474656669999999	-0.023546689300000003	0.0793836468	-0.11040884779999999	0.0034084178000000002	0.10378460789999999	-0.00038448379999999997	-0.1147122776	-0.1248823701	0.0728466108	0.1193995191	0.039182060899999996	-0.0764054592	0.14536136560000001	0.0183311097	0.0324131509	-0.10778934039999999	-0.10134101960000001	-0.10904715470000001	0.09835308970000001	-0.1257792306	0.0051366241	-0.0205818801	0.07983496820000001	-0.0028837151000000003	0.0281747496	-0.0193854065	-0.0995055003	0.0725225779	0.0512025749	-0.1184071631	0.0056987603	0.07248691139999999	0.0571912474	0.11089632390000001	0.0735712812	-0.0408107931	0.0918458933	-0.13118940169999999	-0.060441198700000004	0.0111238058	-0.050061847	-0.1278743673	-0.0162795619	0.0361271118	0.055246092000000004	0.0038357221	-0.0600580215	0.06902441599999999	0.0092626785	0.0815921974	-0.0647603537	-0.0631031184	-0.0002416997	0.07136847240000001	-0.08922369890000001	-0.0349510023	-0.0076226496999999985	-0.0200027375	0.1454948121	-0.0221875427	0.042308039299999996	-0.0431577896	-0.0094920897	0.0912300725	0.1569308123	0.1000387862	-0.003589034	-0.032715321299999996	-0.0466036367	-0.0704359412	-0.0856893336	0.0330856353	-0.0220866528	0.017407625700000002	-0.1515494127	-0.08770131380000001	0.042759475	0.1552567926	0.0533547514	0.0396270145	0.06244324690000001	-0.0418677317	0.049272363300000004	0.045272683200000004	0.0620069163	0.0901092341	0.0076785622	-0.0566723549	0.1555678556	0.022937717599999997	0.0839703335	-0.0262560114	-0.050757746900000004	-0.0879618586	0.0988841017	-0.05220657980000002	0.1042268958	0.0675960081	-0.0642096029	0.022538468199999998	0.0146855535	0.08646043	-0.1382735871	0.0323425435	-0.0830020592	-0.0179215543	0.0889636108	-0.1063000318	-0.0354595979	-0.0328345588	-0.053128332	-0.1357360145	-0.0197947047	-0.0011485563000000001	-0.01428519	-0.08536185449999999	0.021612909500000003	0.0712656146	0.027230559300000002	0.0528701813	0.0007077529	-0.0618774044	-0.0445433095	0.006236446600000001	0.0387417165	0.0384553661	-0.07513693519999999	-0.1622781291	0.0376401552	-0.0850136632	-0.0166257371	0.048528161900000005	-0.0024205163000000003	0.0381292992	0.0991816576	-0.0023724754	-0.0125056116	0.0322169916	-0.1433601609	-0.07334176519999999	0.0413693412	0.0278993331	0.048091506	0.047253444400000004	0.16051061789999999	0.0004569689	0.0462921422	0.0012240379	0.1671561529	-0.0652382877	-0.13856915220000002	0.0101882246	-0.05644885	0.0848765703	0.0213191437	-0.1390842999	-0.0470034522	0.0406436286	0.0401742534	-0.0042569418	-0.0919976087	-0.0553239149	-0.0125960522	0.1518385477	-0.0525796247	0.04662245860000002	-0.0870033466	0.0103391101	-0.07103537929999999	-0.0691696605	-0.11422544230000001	-0.0052032058	0.0806728995	0.0101868048	-0.06560907349999999	-0.1072067914	-0.000392019	0.011749381000000001	1.5367889636100002e-07	0.00013804795388316102	-0.00978556	0.01857544	0.00034504697119359994	9.57571845136e-05	0.0138665	0.00945215	0.00019227982225	8.934313962249999e-05	-0.000736483	0.00043846699999999984	5.42407209289e-07	1.922533100889999e-07	-0.000562612	5.837499999999994e-05	3.407640624999993e-09	3.16532262544e-07	0.000188247	-0.00013935899999999998	3.5436933009e-08	1.9420930880999997e-08
525.8636797196839	0.2231580589365194	0.04979951926831507	276532.6096483263	760.0406266043997	1.2044627402941614	577661.7540892084	1.450730492756921	444.6690209999566	-0.041785406622977916	0.0017460202066476064	197730.5382370599	444.6719727917849	753.5068452219355	1.082892	37.582249	0.064716051	0.0326655	-0.021393573500000002	0.014180515800000001	0.0520182992	0.1285447626	-0.0027857862	0.06884219030000001	0.023392495699999998	0.06304656900000001	-0.0758619004	-0.0255740696	-0.1075652835	-0.108209228	-0.0504264171	0.039349591600000004	-0.0389409131	-0.09115172390000001	0.0298616801	-0.0177530855	-0.0663273346	0.0861730179	0.0657522547	0.0501856883	-0.0818937558	0.000637674	0.0551618513	0.021714529700000002	0.0757323717	-0.1134255493	0.0545590663	-0.011687130300000001	0.0270761678	-0.0692352857	0.0366253374	-0.0684043411	0.1220039874	-0.0570112808	0.0543244646	-0.023790594300000002	0.0587064338	-0.12325396970000001	-0.0049949784	0.0997439394	0.0019063845	-0.0499682211	0.21241871760000008	-0.0535980162	-0.085740236	-0.0301064757	-0.070936604	0.0495104491	-0.014253336200000001	0.0219968247	-0.013859029699999999	-0.0153342384	0.147715455	-0.0244830003	0.0282524891	0.0614540341	0.0099169218	0.021129468999999998	0.09732080779999999	-0.1196038093	-0.004910547	0.0893947209	0.0221658777	-0.0338256557	0.116563443	0.1276231104	0.0191616725	0.07772659059999999	0.0991468221	0.0504008253	0.0365665541	0.0034804634999999998	0.1107568632	0.1126351209	0.030986962799999997	0.0412535686	-0.1572917167	0.0630949942	0.048568241799999995	0.0555192933	-0.0105764562	-0.0132146399	-0.0122152922	-0.0171868009	0.064549935	-0.094873011	-0.1512576028	0.1284140408	0.028398724	-0.0213483126	0.015773931499999998	0.043356186399999996	-0.0461515272	0.0450080326	-0.0687517297	0.15014966859999998	0.006364049300000001	-0.09460260449999999	-0.1403816874	0.1148526016	0.0070591089000000004	-0.0883310538	-0.0013092188	0.133542906	-0.1153842268	0.1057961565	0.0484760285	-0.0352690822	-0.0787933757	-0.2203648587	0.059999153	-0.071873697	-0.1634987785	-0.0682600972	-0.043335869000000006	0.034976571899999996	-0.049873399699999994	-0.0787616599	-0.0286721177	0.0284449443	-0.0116428675	-0.0310699804	0.1297863146	-0.0716356429	0.009903251600000001	0.0396424289	0.0219479092	-0.10173285050000001	-0.1064270743	-0.045591972599999996	-0.0063772151	0.056275448799999996	-0.0380358219	-0.07339537019999999	0.1063187973	0.0881463112	0.1047085775	-0.0033147251	-0.06072551740000001	-0.0031911301	0.0861451024	0.1157901153	-0.0622241711	0.012485819799999999	-0.0054731181	-0.027362107099999998	-0.15304850820000002	0.0646926264	-0.08726585320000001	0.10665577550000001	-0.0381960803	-0.0038984002000000003	-0.0864102322	-0.0179442395	0.1963516732	-0.06481596	0.0005925559999999999	-0.0745918571	-0.012321262900000001	0.028822181800000006	-0.0462158304	0.0432194693	-0.12244786619999999	0.0550566826	-0.0683470941	0.025422577999999998	-0.12700985880000001	0.0365690444	0.09424446689999999	-0.0604542113	0.1513620557	-0.1258277373	0.1223171802	-0.054876410300000004	0.0088173344	-0.009956463	0.0116983152	0.0831618109	-0.0755665521	0.0022528464000000003	-0.1550058543	0.1307504816	0.0642808406	0.12006576669999999	-0.07995501320000001	0.0792851412	0.0061177874	-0.07039403450000001	-0.108422891	-0.014867600000000003	-0.014475581	0.00022104552976000004	0.00020954244528756104	-0.0349884	-0.025202840000000004	0.0006351831440656003	0.0012241881345600005	-0.00149553	-0.01536203	2.2366099809e-06	0.0002359919657209	-0.000634648	0.000101835	4.02778083904e-07	1.0370367224999998e-08	-0.0006542890000000001	-9.167700000000009e-05	8.404672329000014e-09	4.280940955210001e-07	0.000188247	0.0	3.5436933009e-08	0.0
525.7391803407884	-0.1244993788955071	0.01550009534536704	276401.685745404	758.3618279636769	-1.678798640722789	575112.6621124095	2.8183648760926836	444.56031177262565	-0.10870922733096222	0.011817696106894824	197633.87080337413	444.53611204863716	752.8709544371393	1.056736	36.674492	0.03796025	0.0179604	-0.0422530971	-0.0109836719	0.0938268508	-0.054827370800000004	-0.0090121942	0.12454281099999999	0.0547284159	-0.036434175	-0.07849307900000001	-0.0280634041	-0.0601621348	-0.0592339615	-0.0346769675	0.039608464100000004	0.044962160599999995	-0.0176494112	0.0355314283	-0.0396305447	-0.026153742200000003	0.1457113685	-0.1272790507	0.022363695299999996	0.09563785470000001	0.0588490537	0.0148739718	-0.0195050495	-0.0332263075	0.026628290099999997	-0.0668194423	-0.08638148470000001	0.0897688849	-0.0027841512	-0.0042894593	-0.0421924493	0.057047348399999996	-0.1131393316	0.1529956401	-0.0203323217	0.0024488586999999997	-0.12279216109999999	0.0991029556	0.138539934	0.1284546913	0.1245839358	0.0021321364000000003	0.0108406783	0.18290032	-0.0308698129	-0.0499932525	-0.023576805	0.08413082470000001	0.0050900702	0.11913530130000001	0.0333604449	0.015357729799999999	0.029615945299999998	-0.1922471415	-0.0267978829	-0.0365214169	0.0356348104	-0.0843034937	0.0158262228	-0.0529387538	-0.0661489217	0.0096011152	0.1931656985	-0.1112863599	-0.0199210644	-0.005585109	-0.0141818017	0.0170749852	0.0362547136	-0.0708575093	-0.0130995874	0.1854757468	0.1332018725	-0.0133068487	-0.0658869114	0.1492126537	0.0479229465	-0.0697729799	-0.004622521	0.1761565711	-0.09248221179999999	-0.056917374000000014	0.0708123713	-0.0600967203	-0.0882396744	-0.0346429896	-0.0127601053	0.020050723200000002	0.138705107	0.0544843392	-0.10746483789999996	-0.0760447149	-0.0811500914	0.16200538009999998	0.1320462104	-0.0493668822	-0.0669293197	-0.1092446035	0.0173440203	0.1136323833	0.0027189552000000004	0.007238984499999998	-0.0388729207	0.0069135841	-0.143447385	0.0023254801	0.1220088817	0.0784043696	0.0749443434	0.035121060499999995	0.019981236399999998	0.016857546299999998	0.0083860149	0.061488572400000004	0.08834267859999999	-0.0200500227	0.039678929700000004	0.0721632656	0.022647489399999998	0.11418169550000001	0.009042467700000001	0.0058393155	-0.0133163114	-0.1707710029	0.0385317299	-0.0270104448	0.0452458124	-0.033180149	0.06560708309999999	-0.0186398315	-0.0883705044	0.0898794625	0.15864401820000001	0.0158354938	0.0205248402	-0.073720408	0.012362046000000002	-0.0875429703	-0.0607750711	0.1670872032	-0.0760563721	-0.15451133449999999	-0.026056283700000002	0.112546064	0.0031307403999999996	0.1432531134	-0.132502872	-0.0898131498	-0.059792449299999995	0.1037251383	-0.0494098172	-0.009622445	0.1355132863	0.020616813799999998	-0.0302330678	0.1339037167	0.0232345166	0.0117613579	-0.053262546699999996	0.1098190383	0.0348171041	-0.09277812199999999	-0.0209595906	0.1231890422	0.0661712107	-0.13227883470000001	0.0341072143	0.1661000566	-0.09511666810000001	-0.0281853386	0.0310775558	0.0033838972	0.0256685289	0.12140488769999999	-0.0809223822	0.0371056643	-0.0945138882	0.037993961	-0.0021403474	0.1150870685	-0.0233996629	-0.09316841070000001	-0.06183435	-0.030606216000000002	0.0778696586	0.0020402135999999997	-0.0749575099	-0.1090326458	-0.00635205	0.008515550000000002	4.03485392025e-05	7.251459180250002e-05	-0.026517	0.0084714	7.176461796000001e-05	0.0007031512890000001	0.00256977	0.0040653	6.6037178529e-06	1.652666409e-05	-0.000444056	0.00019059200000000006	1.97185731136e-07	3.6325310464000025e-08	-0.000506721	0.00014756800000000005	2.1776314624000014e-08	2.5676617184100003e-07	0.000188247	0.0	3.5436933009e-08	0.0
526.0853463642749	0.3461660234864894	0.11983091581644872	276765.7916592191	759.9070517833583	1.5452238196813823	577458.7273500755	2.3877166529107208	444.8039881432245	0.2436763705988483	0.05937817358822725	197850.58786811781	444.80845655054253	757.7408112768288	1.042961	36.196411	0.039340588	0.020532	-0.0192448901	-0.0559089306	-0.0997240132	-0.0202487578	-0.0147445215	0.06954608030000001	-0.0673211447	0.0487965629	0.02796246	0.0644882385	0.0331091424	0.09104062339999999	-0.0299352029	-0.0110192376	0.17863759070000002	0.0033073484999999996	-0.0910909994	-0.0173690237	0.03139168	0.0055057707999999995	-0.1018949235	0.0567087255	-0.0730992818	-0.0434203788	0.0271089725	0.0468622166	-0.1152618679	0.056843864	-0.1395407636	-0.011876909199999999	0.05394739230000002	-0.0460413203	0.0806154545	0.0756639762	-0.012049909499999999	0.0011477688	-0.0280625018	-0.051731705700000005	-0.1179770319	0.0019318027999999999	0.1358333732	-0.0128424053	0.1736086912	0.0117626652	-0.0797629316	-0.027685712999999997	0.047030952800000005	0.0462130241	0.1062453369	-0.035580624	0.1155183513	0.011658360800000002	0.0428962859	-0.0381629817	0.07994695480000001	-0.0199233974	0.0188956169	0.0511017191	-0.0215378385	-0.0661112782	0.0489930882	0.16798194449999998	0.0158664243	-0.0595542225	0.039268387099999996	-0.029461363100000002	0.060507911799999994	0.097607339	-0.0434378246	0.11443633710000001	-0.0807770293	-0.0279700055	-0.0186106847	0.0313826164	0.12100434060000001	-0.0598228158	0.0347366659	-0.1677388061	-0.1159840048	0.0512424058	0.1477418441	0.0679656535	0.06430126259999999	0.044043566299999996	-0.1284153579	0.0396814009	-0.14002182189999998	0.0909066946	0.029468189199999998	-0.0815800184	0.10142678599999999	0.23370655699999998	0.0619014041	-0.06388464599999999	0.0944120222	0.0083810225	-0.037460242000000005	-0.1121407507	0.0178974079	0.0366606561	0.0110115575	0.0206625945	-0.041023635499999996	-0.0624226478	0.0388408244	-0.0142930894	0.0538325325	0.09885087199999999	-0.145128002	-0.0684942066	-0.0441855165	0.0164296461	0.0416418011	0.06476208950000001	-0.0112318497	0.078349433	0.068255587	-0.0894201085	0.050189270700000004	0.0566012007	0.1075027866	0.03348058	0.044785199299999995	-0.065245845	0.0652859757	-0.0524856588	0.0179210933	0.063824185	-0.007510168599999999	0.022185744900000002	0.1057376776	-0.1174972209	0.0267147246	0.033100088300000004	0.08404506369999999	-0.0857392201	-0.011876190600000001	0.0369693165	0.026979314100000002	-0.0956342416	-0.09506402550000001	0.1193752286	0.054213308099999996	-0.0851826904	-0.1090819452	-0.2027074171	0.018151014099999998	-0.0109084383	-0.12489360810000001	0.011755521699999999	-0.0506200725	-0.0409898972	-0.056552697	-0.027721561800000002	-0.0134318726	0.13219195150000002	-0.1597005605	-0.066899448	-0.0943505029	0.1229277392	0.11743595359999999	-0.0939712975	0.043144031500000006	-0.08593506390000001	-0.0579480395	-0.1662508557	0.022171038599999998	-0.15703790310000001	0.012192956599999999	-0.0756160872	-0.0344153632	0.0055028923	0.041304568199999996	-0.0579549974	0.0790618243	0.078480984	-0.0655873112	0.101172665	0.0300294481	0.058165983899999996	0.09010120419999999	0.0164286594	0.0539863307	0.029666541299999998	0.0338515206	0.0043950617	0.1469422125	0.0764269467	-0.0020402135999999997	-0.0792851412	-0.1090326458	0.000229228	0.006581278	5.2545475983999996e-08	4.3313220113284e-05	-0.0231941	0.003322900000000004	1.1041664410000025e-05	0.0005379662748099999	-0.00150219	-0.00407196	2.2565747961e-06	1.6580858241599994e-05	-0.0007242919999999998	-0.0002802359999999998	5.245989012639997e-07	7.853221569599987e-08	-0.000279669	0.000227052	5.1552610704e-08	7.821474956100001e-08	0.000188248	9.999999999886402e-10	3.5437309503999993e-08	9.999999999772805e-19
525.2977453626911	-0.7876010015837664	0.6203153376957521	275937.72128312674	757.8972658306415	-2.009785952716811	574408.2655535621	4.039239575737819	445.05820462375914	0.2542164805346374	0.06462601897541767	198076.80550292387	445.0174484912241	754.6543500990211	1.054783	36.606689	0.019909108	0.010328	-0.0367598252	-0.0169031014	0.0525956222	0.1059631397	-0.0295849133	-0.025189414500000003	0.07933256030000001	0.08783499	0.0132769702	0.0246779222	0.06773075070000001	0.0505170754	0.1290313954	-0.05005832650000002	0.022763693300000002	0.0863132991	0.0577928963	0.1264488295	-0.0049772912	0.090494138	-0.0255705227	-0.025793160899999997	0.0294439168	-0.1268002435	-0.09141825140000001	-0.1045734373	-0.0440399215	0.0081106333	-0.0127393575	0.0177819502	0.01758667	0.0977173031	0.060025940199999996	-0.19126391010000002	0.060051263099999995	0.0851193548	-0.0599258179	-0.06461171480000001	-0.041545601200000004	0.0347392507	0.0194871327	0.0847405608	0.017243750500000002	-0.045877740599999994	-0.22900726649999997	-0.010663601399999998	0.058880145700000004	0.0763694991	-0.06762516610000001	0.0598535373	0.08392879310000001	-0.011085241499999999	0.027440838199999998	-0.0758895947	0.06739512219999999	0.0118619304	0.08878741890000001	-0.0104459975	-0.11493333970000001	0.0297208199	-0.0248108093	0.0291860247	-0.0166988928	0.0428334499	0.023929568199999997	0.0772073405	0.1088902818	0.1191106812	0.0691599423	-0.017936028200000002	0.039004962000000004	-0.0508170323	-0.0579045512	0.047956925	-0.0131736699	0.0495708245	-0.0132794312	-0.0517733244	-0.0590595608	-0.0088546918	-0.120490452	-0.0847401574	-0.0073065506	-0.0862134935	0.0809334611	-0.0589729466	-0.0036108002	0.0763839025	0.0320407792	0.010831249499999999	0.1672071762	0.08558343439999999	-0.1331270739	-0.0604879287	-0.0528307637	-0.0157894911	-0.005784764699999999	0.0375264606	0.0046653318	-0.0410741622	0.0328967406	-0.0413640106	0.0785059722	0.07355235980000001	-0.08763235970000001	0.042553876	0.055675021	-0.0508038089	0.0398375904	0.0533181834	-0.0174014215	0.1001368082	-0.046235938899999995	0.0868206282	0.02429553	-0.0192354397	0.0709313352	-0.011946916299999999	-0.1066649182	-0.0148847222	0.0891054977	0.007627644399999999	0.016273169	-0.0768099461	0.0747950946	0.0286961727	0.1073251643	0.0174115184	-0.09516430779999999	0.0287269858	-0.0051849215	0.0027382331	0.029773121899999998	0.0334142313	0.010893878899999999	0.025063834700000003	0.0821128409	0.0516325794	0.11153919710000001	0.011251801799999999	0.0369786099	-0.028805398599999997	0.014548002800000001	-0.028052309900000003	-0.061588465	-0.0796232474	0.0801192889	-0.0644747103	-0.0649347181	-0.05503698519999999	0.0738754367	-0.0529504038	0.15345931599999998	-0.050043982300000005	0.08732225099999999	-0.1414509245	-0.051557619699999994	-0.04406116	0.0015035592	-0.0152741834	0.0193396787	-0.0865614224	0.0377098798	-0.1324555304	-0.0721213541	0.07752899469999999	-0.021236075899999998	0.0925682991	0.027543875699999998	0.026276067	0.033413969	0.01883517	-0.052430209000000005	0.09139115839999999	0.0247274127	-0.0732622956	0.044485858600000004	-0.0001774971	0.0201091768	-0.0473589499	-0.0258820458	0.0358827498	0.1675727725	-0.0207177685	-0.0106838948	0.0233882715	0.0200735963	0.0749575099	-0.0061177874	-0.0833633121	-0.108422891	-0.00633657	-0.006565797999999999	4.01521193649e-05	4.3109703376803996e-05	-0.0301554	-0.006961300000000004	4.845969769000005e-05	0.00090934814916	-0.00149758	4.609999999999943e-06	2.2427458564000003e-06	2.1252099999999485e-11	-0.000661233	6.305899999999975e-05	4.37229080289e-07	3.976437480999968e-09	-0.000344157	-6.448799999999997e-05	4.158702143999996e-09	1.18444040649e-07	0.000188247	-9.999999999886402e-10	3.5436933009e-08	9.999999999772805e-19
524.3416550676578	-0.9560902950332776	0.9141086522568196	274934.1712390907	759.4181873097772	1.5209214791357226	576715.9832168678	2.3132021456963945	444.55901315047737	-0.499191473281769	0.24919212699722315	197632.71617332628	444.5131959092514	745.4259101166608	1.076079	37.345798	0.04902836	0.0284152	-0.0668427139	0.0776697182	0.0462601962	-0.0867772705	-0.10176564800000001	-0.08111043030000001	0.010850081999999999	-0.0749739046	-0.0274349588	0.0901253625	-0.0110247207	0.0957228178	0.039953952599999995	-0.0629070467	-0.0432438969	0.024359989199999998	-0.0280813205	-0.0567805059	-0.0813232638	-0.0482649033	-0.11613469039999999	-0.0355707272	0.0426648732	-0.0340415098	0.1673679689	0.0147782398	-0.14670885449999999	0.022542721800000002	-0.024238507799999996	0.0895927392	0.10690348039999999	0.0117033791	-0.0755666161	0.0851944152	0.0033023087	-0.08396906009999999	-0.0236079068	-0.054009866600000005	0.0460872716	-0.0666784845	-0.025914657200000003	-0.0623346822	0.001028294	-0.018588211	-0.08924388130000001	-0.0205778771	-0.013871659599999999	-0.005824172	-0.01731334	-0.018025980100000002	0.16249550029999998	0.021497624	0.0141073156	0.1182893974	-0.057375406399999995	0.0188197316	-0.0298523754	0.0602132265	-0.08814917300000001	-0.002357716	-0.0388569284	-0.0983493098	0.0004929607	0.0419960192	-0.0208496497	0.0754255267	0.0367878013	-0.021903224300000003	0.0099237002	0.09297679130000001	-0.0223468112	0.0181395591	-0.003830908	-0.009333244000000001	0.0490358309	0.1339566599	0.0612970925	0.1237110176	-0.1141391372	0.026597129700000003	0.0255610227	0.050353059400000004	0.09892507099999999	-0.025627794500000002	-0.053867656900000005	0.0847321702	0.0535149131	-0.07247894190000001	0.1454000958	-0.07233364639999999	-0.0412059841	-0.20906930199999998	-0.0638421931	0.0202365361	-0.0954455269	0.0166826419	0.0182737929	-0.0253179712	0.0400221612	-0.022512842999999998	0.1154655042	-0.08570077849999999	-0.1149226734	0.0410478948	-0.010906178300000001	0.0313041738	1.44793e-05	-0.0440595937	-0.015556253	0.0727215519	0.113618064	0.0335907816	0.0642367791	0.0361035439	0.0760448863	0.0698836137	0.10817943039999996	0.0601102363	0.0082470233	0.0761949032	0.1393682377	0.05208156110000002	0.0047363658000000005	0.10038924460000001	-0.0161626122	0.0591240499	-0.0033139718	0.0857887545	-0.0794501983	-0.0258515131	-0.051474329900000004	0.0847436667	-0.0198418387	-0.0252446715	-0.0352064158	0.0366330889	0.07716956629999999	0.0394887924	-0.021180693700000003	-0.006345930699999999	-0.0331789772	-0.0085237117	0.041555167000000004	0.0206329136	-0.048131666600000005	0.0958864618	0.0225312756	-0.1143336657	-0.1590307218	0.022420243700000002	-0.17114641719999998	-0.0416674937	-0.030748219700000006	0.031385311400000004	-0.0551494191	0.0855743731	0.0042963799	0.1255000127	0.047208908499999994	0.0006176179	-0.056371245300000004	0.0450440605	-0.0561603688	0.0307338145	0.1587151776	0.1424209162	0.0199934033	0.0681416695	0.1143000669	-0.0157891593	-0.125636415	-0.0691148894	-0.0362843027	0.0761216215	-0.004711908	-0.0344796444	0.0319435287	-0.0347283148	0.0070522477	-0.0747528438	-0.0027154375	-5.3705299999999996e-05	0.053651465999999995	0.0033353719	-0.0260446011	-0.0191372832	0.1856651766	0.0734618621	-0.0101868048	-0.08717919119999999	-0.1072067914	-0.00631648	2.008999999999952e-05	3.98979195904e-05	4.0360809999998064e-10	-0.015734	0.0144214	0.00020797677796000004	0.0002475587560000001	-0.0109175	-0.00941992	0.00011919180625	8.87348928064e-05	-0.000612426	4.8807e-05	3.7506560547600004e-07	2.3821232489999997e-09	-0.000798688	-0.000454531	2.06598429961e-07	6.37902521344e-07	0.000188248	9.999999999886402e-10	3.5437309503999993e-08	9.999999999772805e-19
523.8546327405545	-0.4870223271033183	0.23719074709713156	274423.67624374124	758.4006588773744	-1.0175284324027416	575171.5593856357	1.0353641107479807	444.18094058255514	-0.3780725679222314	0.1429388666153103	197296.7079768034	444.1392511052088	736.5671718171866	1.083231	37.594009	0.059518860000000014	0.0351468	-0.06282447940000001	0.1634492459	-0.1387556098	-0.0047923817	-0.0945571365	-0.1053271341	-0.0620224276	0.044335214000000005	0.0756049296	0.0678884806	-0.0909060098	0.0741810678	0.010658339499999999	0.0147284626	-0.0119002564	-0.1060881575	0.0782094887	-0.013147027	0.025793901299999998	-0.0837905686	0.0725040465	-0.0198072562	-0.024745030699999997	-0.0820253701	0.049437895700000005	0.0587645443	-0.0101344698	-0.041687402799999995	-0.0089206624	-0.0176024048	0.0340846571	-0.0126480751	0.0549896692	-0.0888984926	0.1238337339	0.0792596854	-0.06778738179999999	-0.0265325717	-0.0164006534	-0.0021171212	0.2185015278	-0.1212382409	-0.0807904602	-0.0016667057000000001	-0.0717899028	-0.16469300369999998	0.0723270341	0.0052873958	0.1347201268	0.08963039880000001	0.011549084199999999	0.1088363309	-0.061558373099999994	0.034429911699999996	0.0144278677	-0.043336897699999995	-0.0049808738	0.0277340308	0.0766904897	-0.1189391956	0.0375598106	-0.0312671112	-0.0032180231	-0.0096061652	0.0187703304	-0.009230680500000001	-0.062665254	0.0629527117	-0.0149802812	-0.016533406599999998	0.0027442821000000003	0.0399046647	0.09414338300000001	-0.0292819748	-0.17338433399999995	-0.0216308833	-0.125925818	0.033442465299999995	0.0339857913	0.002344984	-0.1225956057	0.1230415863	-0.0629999512	-0.0836118875	0.010065658100000001	0.0722114624	0.0183654857	0.12429812220000001	0.08293638860000001	-0.2034731162	-0.0774811342	-0.0520540991	-0.0250431042	0.0028893212	-0.0316201802	0.024992333	-0.0079915736	0.036007348700000004	-0.08573866220000001	-0.0771948808	0.0292736195	0.0040716447999999995	0.1201163235	-0.08139222360000001	-0.028291919199999998	-0.0070183037	-0.06445070650000001	-0.0629022601	-0.0213065539	-0.0045896755	0.0337157214	-0.0189768625	-0.12551389359999998	-0.0256302476	0.1021814305	0.1085706015	-0.0009538986	-0.11006984439999999	0.0907952217	-0.0882639195	0.0446477798	0.0968565567	-0.044592239000000006	0.0478625008	-0.0016873151	-0.043555883200000006	-0.0203620063	-0.0080964522	0.0630204407	-0.1079052959	0.08785814369999999	-0.006519089699999999	0.0045016187	-0.012812889899999999	-0.0171544053	0.050177220700000004	-0.0549381667	0.0041775023	0.0684906057	-0.0116839351	0.0172241765	0.0390100772	-0.0743664521	0.0636219053	0.1251078598	0.0894240891	0.0694714959	0.0768089237	-0.0147636647	-0.08457615800000001	0.009890059599999999	0.0671289298	0.058744488899999996	-0.0691179545	0.15025753890000002	0.008286142199999999	-0.11837228470000001	0.10501584650000001	-0.0542955412	0.1304970105	-0.1251523424	0.024303889300000003	-0.012818804599999999	0.0261390475	0.112456856	0.00039585660000000003	-0.0632527796	0.0354467021	0.0883628358	0.0651368292	0.1411078711	-0.0114410655	-0.007433690699999999	0.0141533548	-0.005480046800000001	-0.038296965499999995	0.0525458883	-0.044107963300000004	-0.0299687858	0.09089506119999999	-0.0498863481	0.048718194299999996	-0.028879434199999998	-0.165977362	0.0408760417	-0.1028064781	0.0956556484	0.0719405264	-0.0142415751	-0.0907207723	-0.105391148	-0.00632263	-6.149999999999905e-06	3.99756501169e-05	3.7822499999998844e-11	-0.0146498	0.0010842000000000024	1.1754896400000048e-06	0.00021461664004	0.00111806	0.01203556	1.2500581636e-06	0.00014485470451360005	-0.000955239	-0.000342813	9.12481547121e-07	1.1752075296900001e-07	-0.000213643	0.000585045	3.4227765202499994e-07	4.5643331448999986e-08	0.000188247	-9.999999999886402e-10	3.5436933009e-08	9.999999999772805e-19
524.9001385131138	1.0455057725592949	1.0930823204548086	275520.15541108605	758.5611775977162	0.16051872034176995	575415.060158434	0.02576625958015935	444.2978109783867	0.11687039583154045	0.013658689421820951	197400.54484018625	444.2752310339516	737.3856765602167	1.063892	36.92284	0.06229361	0.0358032	-0.0102570874	0.2138496858	0.0090434672	0.099259924	0.0368564149	-0.0340979253	-0.0033938853000000002	0.0892429533	-0.028929028	-0.0823873691	-0.0943619566	-0.043900301399999994	0.1030068549	0.0535721091	-0.1628579225	0.08737180539999999	0.0098821265	0.0971535617	-0.1299367643	-0.042419578099999994	-0.0208757591	-0.1430962667	-0.06120885440000001	-0.0876226361	-0.1018595361	-0.021368822000000003	0.0337228319	-0.0190544554	0.09449699449999999	-0.0610177628	0.0096464682	0.0903504502	0.08761825289999997	-0.0014598834	0.0888055577	-0.12022874369999999	0.0452785638	0.0443413346	0.15621485529999998	-0.0927330025	0.0848036057	-0.10185115900000001	0.0548637675	0.044918174400000004	0.021830567000000002	0.0553419708	-0.1024191807	-0.013058469	-0.1045966625	0.08877110220000001	-0.04952769480000002	0.029172531600000006	-0.0065004771	0.0734397034	0.1225760733	-0.0541518602	0.0759532219	-0.0022598746	0.053001560499999996	0.1113425908	-0.056822633899999996	0.0100302913	0.0199718706	-0.0201418863	0.031109138999999997	0.0248996586	0.054142794	0.1159842851	0.0452739467	-0.1615815435	-0.0270291521	-0.0386805773	-0.044932281799999994	-0.0029063001	-0.1689312261	-0.030665994	-0.006667836	0.1215653726	0.110734247	-0.0427558455	0.0357739419	0.2180110755	0.0198080706	-0.054463415999999994	-0.0209531359	0.0398099321	0.0803090821	0.0860962478	-0.030610271600000002	0.027481913599999998	0.1117468366	-0.0320040685	0.0613719913	-0.0122839001	-0.038113475099999995	-0.0164988466	-0.1040109444	-0.056921901500000004	-0.08132796269999999	0.1138719387	-0.07644745559999999	0.0316980392	-0.0161119006	0.0796442591	0.0237679255	0.133098876	0.0846426984	-0.007756600799999998	0.047111153600000004	0.0072997381000000005	0.09069689380000001	-0.0005878353	-0.0304665706	-0.0667520016	0.057894759299999994	0.0904558509	-0.051014868600000006	0.0404072626	-0.08878510419999999	-0.1085038268	-0.0401167898	0.019156981899999998	-0.0152731491	0.0945645435	0.1232129426	-0.0796003292	0.0703737917	-0.0239451083	0.040246890099999995	0.0796759466	-0.0689879804	0.0264336487	0.06432849759999999	-0.023113923199999997	0.0335501894	0.0539151953	0.0374740672	-0.0249174014	0.1711670115	0.0709155845	0.0730437677	-0.028010145499999996	-0.1419439901	-0.047452792199999996	0.0683133058	0.0769910825	-0.0458330858	0.0377209915	0.105308049	-0.039739257400000005	-0.14919785300000002	0.1151264342	-0.053140498099999996	-0.12428611619999999	0.07095412400000001	-0.006964215300000001	-0.0343340044	0.0329428297	-0.1310880811	-0.028400183199999998	0.12436183619999999	-0.0243974023	0.0256662354	-0.0008159717999999999	0.0001595716	0.047757713099999995	-0.0063096091	-0.1462076257	0.0454924842	0.12828543039999998	0.0233218947	-0.0005266822000000001	0.0353981576	0.1257788061	0.0844617827	-0.10028585890000001	-0.0310925929	0.0095886405	-0.0768858539	-0.06985089400000001	-0.0271959471	0.0407567461	-0.0115397226	0.039159969700000005	0.018665774399999998	0.012060903799999998	0.0748978465	0.07039403450000001	-0.0182764273	-0.0939769123	-0.10298611449999999	-0.00631648	6.149999999999905e-06	3.98979195904e-05	3.7822499999998844e-11	-0.0160697	-0.0014199000000000002	2.01611601e-06	0.00025823525809	-0.0189499	-0.020067960000000003	0.00035909871001000014	0.0004027230185616001	-0.0007242919999999998	0.00023094700000000025	5.245989012639997e-07	5.33365168090001e-08	-0.000798688	-0.000585045	3.4227765202499994e-07	6.37902521344e-07	0.000188247	0.0	3.5436933009e-08	0.0
526.0945892425693	1.1944507294555249	1.4267125450968359	276775.5168303077	758.2539643145168	-0.3072132831994168	574949.0743986805	0.09438000137416504	444.613684023416	0.31587304502932056	0.09977578057609518	197681.32802087397	444.6126292005719	748.6851948363368	1.10126	38.2197	0.03691707	0.0249029	0.0367197709	0.16636231	0.0761174695	-0.10963885960000001	0.10235908390000001	0.0416786596	0.0128533752	-0.0666102764	-0.0618670528	-0.1287088769	0.0776520126	0.047458855099999996	-0.049112861699999996	0.05879314309999999	-0.008420707099999999	-0.0832366864	-0.0255492943	-0.0231692252	0.0403451865	-0.0646083922	-0.0706861712	-0.0805183875	0.0404164527	-0.06847511839999999	-0.0269103554	-0.08996220279999999	0.0868518133	-0.0742675177	0.0246942066	-0.1443489116	-0.011973316299999998	-0.037258812200000005	-0.1145538296	0.0808271127	0.1127452392	0.048861794800000004	-0.0627390392	0.10280313949999999	-0.025853682700000002	0.0507842781	0.1217993764	-0.06869340360000001	0.0285949141	0.032044365299999995	0.0020064585	0.11390448210000001	-0.0346871782	-0.0784903294	-0.0566376903	-0.050934205700000006	0.0188000554	0.0245792823	0.1001467788	0.010576728200000001	-0.027362191299999998	0.0397674895	-0.0649135517	-0.0164667403	0.07918812	-0.0244565617	0.0426338821	-0.02735966	0.1629376882	-0.0724235689	0.0199141579	0.0898300958	-0.0022756035	0.08414342279999999	0.028574537999999997	-0.0128157358	0.021024089	0.0690974279	-0.0455980874	-0.0333891375	0.020429664099999998	0.0376267136	-0.0283148136	0.13813728150000001	-0.08909253449999999	0.050386125	0.09940988070000001	0.0069767739	0.0469633966	0.045946485599999996	-0.0262008361	-0.2203775268	0.0773127825	0.0084096603	-0.08717943800000001	0.2078757138	0.0228964642	-0.0336833947	0.0064613118	0.027957843599999997	-0.1513192934	-0.0002462855	0.025491130499999997	-0.0313590517	0.0766319819	-0.044587226699999996	-0.1091485099	0.1022441883	-0.0910234009	-0.0228522445	-0.11946631529999999	0.0456146324	0.0560122288	0.0264045909	-0.0658308041	0.029279802200000007	-0.1375041337	0.0163464065	-0.0307648724	0.0209191666	0.029957138900000006	0.0644308903	-0.08588055480000001	0.1163710645	0.0211575012	0.04388009440000002	0.00019660720000000002	0.014875334799999999	0.095820688	0.0173134027	-0.0319775146	0.0090650551	-0.0841355148	-0.0240158006	0.0691097645	-0.0362424155	-0.0122588103	-0.023858765499999997	0.1041488983	-0.1559133725	0.022922282599999996	0.039907498	-0.0264314452	0.0657387585	0.0541227356	0.0218586644	-0.0628974209	-0.0280310911	-0.0029545465000000003	-0.023557165	-0.0052201002	0.0989153074	-0.0505504716	0.0023869336999999997	-0.0860510727	0.055015607	-0.0806735061	0.0388847319	-0.0346919185	-0.0953236995	-0.2024791871	-0.16960362269999998	0.046564757000000005	-0.09524183900000001	-0.0421454201	-0.1394961635	0.0103935902	-0.0241145556	0.0426112129	0.0313998993	-0.0983285156	0.1271338844	0.0885728838	-0.0146695151	-0.10914907619999999	-0.09286034650000001	-0.048008801399999995	-0.0188111156	0.06659792440000001	-0.0963923229	0.0372573514	-0.1482606896	0.0043670298	0.1474238762	0.017965258600000002	0.12106264580000001	-0.0021353437	-0.0123397231	0.0378703186	0.055282025	0.0485024377	-0.0306380442	-0.0534298696	0.0688229275	-0.0222857183	-0.09693736609999999	-0.1000051409	-0.0165939	-0.010277420000000002	0.00027535751721000003	0.00010562536185640003	-0.010852100000000002	0.005217599999999998	2.722334975999997e-05	0.00011776807441000005	-0.0185348	0.00041510000000000505	0.00034353881103999987	1.723080100000042e-07	-0.0007242919999999998	0.0	5.245989012639997e-07	0.0	-0.000378549	0.00042013900000000004	1.7651677932099995e-07	1.43299345401e-07	0.000188247	0.0	3.5436933009e-08	0.0
525.9619827298253	-0.1326065127440188	0.01758448722212962	276636.00727708905	760.1119486907829	1.8579843762661312	577770.1745424994	3.452105942449045	445.20136652058295	0.5876824971669521	0.34537071747638465	198204.25675179446	445.1461526811501	753.4131716852202	1.061112	36.826366	0.02238079	0.013117600000000002	0.052295580099999996	0.1276817067	-0.10221946539999999	-0.0737799624	0.039810273199999996	-0.0386825738	-0.0952553148	0.0528788614	0.0559527533	-0.0199244146	0.022997152200000003	0.1267689886	-0.12967462359999998	0.028013396200000002	-0.049607923	-0.0205949896	0.014324091200000003	0.1875668729	0.10058334220000001	0.0567244069	0.0587956827	-0.0313416632	0.1630396572	-0.1306168868	0.0597632145	0.0883271758	-0.0342118797	0.0170204261	0.054406606399999995	-0.099613354	0.0189570466	-0.0829451803	0.0975075533	0.021588224399999998	-0.14104828960000002	-0.0069812513	0.1514660642	0.11081658890000001	-0.051010848399999996	-0.0082050542	0.0005678975	-0.0243435265	0.039160601499999996	0.1061846423	-0.0558091588	0.0679487688	-0.12680612089999999	0.033555892000000004	0.12175551050000001	-0.030391504399999998	0.0492246847	-0.07633116870000001	0.026256377200000004	-0.0032799190999999997	-0.0464922525	-0.08518027689999999	-0.0395200733	0.022590171099999997	0.0406726566	0.11571951650000001	0.0572757729	0.09684071050000001	-0.1652281484	0.11604655800000001	0.1004918435	0.034423301	-0.1603382617	-0.0370374112	0.0913045608	0.041025528900000004	0.0623287335	0.028735982400000002	0.0822393789	0.10051532710000001	-0.0856627386	0.09687729269999999	0.0810242489	-0.0398906204	-0.005635033	-0.0168253596	0.0700566333	0.0870112443	-0.0167552098	-0.062586349	0.2157189715	0.1018110499	-0.0265138481	-0.050666594599999996	-0.0803388961	0.1427965673	-0.0116455798	0.0049517002	-0.1489793547	-0.0217420641	0.1785381245	-0.0022863083	0.0417648892	-0.016652025900000002	-0.0584124315	-0.0032069087	-0.0007510072	-0.038000538199999996	0.045731911900000005	0.047132339	0.0737684648	-0.0403375438	0.2117587296	-0.0029270107	-0.0215984348	-0.0192859267	0.1003784946	-0.0041554228	0.0710341843	0.0452467194	-0.0218378254	-0.044986406	-0.057543213600000004	-0.09649078779999999	0.078996859	0.0499667276	0.0613284784	-0.0674424237	0.0115964806	-0.029381005800000002	-0.0579680014	-0.0710697319	-0.016328613	0.0398665047	0.0272382748	0.09281702900000001	-0.0609717336	-0.09992373550000001	-0.0985537798	0.1487951818	0.0034547174	0.2018774062	-0.0465280868	0.0395771339	-0.038401397999999996	-0.0282253617	0.0184398409	-0.1052684433	-0.059083450499999995	0.1332456154	0.0814400771	-0.0952131957	0.1143772106	0.00031036299999999997	0.0746968273	0.1270113663	-0.12714954609999998	0.0692550788	0.0142467975	0.1625344384	0.0893143497	-0.0586855695	0.0513713073	-0.010416830699999999	0.0435565496	-0.1708262446	0.0484663616	-0.07158085269999999	-0.0899169315	-0.12317475	0.0430683693	-0.11540407050000001	-0.0338222494	0.055315502	0.0072935617	0.0021789104	0.0937362557	0.016522181299999997	-0.0182557829	0.11296495220000001	-0.0273426565	0.0863334977	0.0014594160999999999	0.1403477142	-0.0302254718	-0.1329139915	0.12133787060000001	0.027814004700000002	-0.0016519989	0.032236256	-0.0001016038	0.0482611197	-0.0098133414	0.0672277545	-0.0262638406	-0.0995928192	-0.09646489789999999	-0.00986886	0.0067250400000000024	9.73943976996e-05	4.522616300160002e-05	-0.0160697	-0.005217599999999998	2.722334975999997e-05	0.00025823525809	-0.028496299999999995	-0.009961499999999998	0.0008120391136899997	9.923148224999997e-05	-0.0007242919999999998	0.0	5.245989012639997e-07	0.0	-0.000369016	9.532999999999992e-06	9.087808899999983e-11	1.36172808256e-07	0.000188247	0.0	3.5436933009e-08	0.0
524.7525121610312	-1.2094705687941314	1.4628190567791997	275365.19901931315	758.1148422200897	-1.9971064706932111	574738.1139943915	3.9884342552846936	444.8092050218544	-0.3921614987285693	0.15379064108503768	197855.22887217408	444.71755044678537	749.4032667651277	1.052278	36.519768	0.070251545	0.0356677	-0.0156284595	0.0723401477	0.031809023900000004	0.039539205200000004	0.0207040676	-0.1207433032	0.0541615191	0.0572345996	-0.026125606699999998	0.0902374686	0.0423945094	0.0859321325	0.0326378675	-0.121541716	0.0161052714	0.0061107537	0.0978454992	0.0393597937	-0.029454541600000002	0.1148132982	-0.0074643320999999985	-0.0263506196	0.0095351851	0.0567391331	0.0713328111	-0.07287954740000001	0.10560038570000001	-0.1509411122	-0.1130505715	0.0718119412	-0.0427667563	0.0816771384	0.0328654974	0.1288202188	-0.0617430067	-0.0827374192	0.1220549641	0.1391325625	0.0039774387	0.0251591342	-0.07798595280000001	-0.025385365299999997	-0.09490210519999999	-0.0745529303	-0.10434469240000001	0.1005282916	-0.11852161289999999	0.042058490700000006	-0.0769429598	0.030636579599999998	0.07011177240000001	-0.0432977054	-0.030962805099999997	-0.0139363005	-0.1311669443	-0.0314473498	-0.0166212775	0.04764946	-0.08359208809999999	-0.013807950800000001	0.14860367189999998	0.0285684105	-0.08205498209999999	-0.0112956801	-0.0364324973	-0.1010416017	0.0003358041	-0.023415661299999998	-0.0641654063	0.027937453199999997	0.08463672300000001	-0.1859589525	0.0682165373	0.050465319	0.056306283600000014	0.047604545	0.143528836	0.005172315	0.0766855593	-0.09741277359999999	-0.1253535163	-0.0606012596	0.0903285984	-0.0169332453	0.11568629050000001	-0.0197119901	-0.11690624	-0.046335478799999996	-0.0914207361	-0.0811770742	0.0032101128000000005	-0.0219612802	-0.0231109948	0.1104123217	0.14233954740000002	-0.0420960008	0.1491126415	-0.0748031089	0.0650925538	-0.043710076699999996	-0.06772075799999999	0.1102804335	0.0482036291	0.0153601126	-0.023968340499999997	0.0776180073	0.0787200346	0.0556461553	0.0397812933	-0.029954584700000002	-0.1062149359	-0.042204663200000006	-0.0318797756	-0.0380694766	0.0186031559	0.0139927737	0.1298911083	0.0159431253	-0.0893938432	0.012615735800000001	0.073948412	-0.020566363799999998	-0.059706984299999995	-0.0066387893000000005	-0.1283696361	0.0181337917	0.0251900552	0.0750347717	-0.0524276301	-0.0090036937	-0.0076042931	-0.12703928609999998	-0.0721112832	0.0372894487	-0.0265696937	-0.09152785279999999	-0.052001169699999995	0.0028322545	0.056173741900000004	-0.0650676268	0.1416051427	-0.0039397738	0.13578157	0.0746485752	-0.0093377691	-0.0219902649	-0.051229268200000004	-0.1620614018	0.1687261273	-0.09998606759999999	-0.0398291419	-0.0292500948	0.0442140954	0.1313458881	0.074898827	-0.056404565	0.013547846	-0.11000905279999999	0.0886747274	0.0671261642	0.0242875377	0.1555992789	-0.10330785099999999	-0.0383425496	0.0752852581	-0.0640273632	0.07851983309999999	0.0184806828	-0.0928044613	-0.1673543776	0.0759294571	0.030280585699999998	0.0686954161	0.011461371100000001	0.044460119900000004	-0.043417859100000004	0.0009931639	0.0811769616	0.043270478700000004	-0.0314563211	-0.05141251	-0.0424989728	-0.012751059399999999	0.0162648936	-0.0093748723	-0.0263555659	0.0658461394	0.06560907349999999	-0.0302052306	-0.1019349164	-0.0923851842	0.00956295	0.01943181	9.14500127025e-05	0.0003775952398761	-0.0119879	0.004081800000000001	1.666109124e-05	0.00014370974640999995	-0.00111751	0.02737879	1.2488286001e-06	0.0007495981418640998	-0.0008923819999999998	-0.0001680900000000002	7.963456339239999e-07	2.8254248100000067e-08	-0.000452152	-8.313599999999997e-05	6.911594495999998e-09	2.04441431104e-07	5.22901e-05	-0.0001359569	2.73425455801e-09	1.8484278657609998e-08
523.6208720225053	-1.1316401385258814	1.280609403122876	274178.81761760893	759.2396179379434	1.1247757178537086	576444.7974465543	1.265120415473325	444.12845833573687	-0.6807466861175158	0.4634160506599795	197250.0875036784	444.10015281255	742.9257716884745	1.076082	37.345898	0.07414630499999998	0.0370686	-0.0976393876	-0.0001951304	-0.0487029492	-0.034464042400000006	-0.1202872027	-0.1278894257	-0.0590068088	-0.0951299525	0.026721010400000002	0.1008034711	-0.0896859333	0.0191823257	-0.04862184519999999	-0.08870564539999999	-0.0796372823	-0.0509460872	-0.0155065074	-0.0121093426	-0.0345327542	0.1197378168	-0.012963477099999999	-0.09781761509999999	-0.0038198796	-0.0596728442	-0.0543354972	-0.1246055468	0.11690281699999999	-0.00496269	0.0645646072	-0.028910420899999997	0.0007136477	-0.18525301	-0.14614622119999998	0.0083784789	0.0268030865	0.091224375	-0.14014179529999998	0.0733411759	-0.0343951946	0.0624364737	-0.046862884900000006	-0.0142448622	0.047873198799999996	0.0334141332	0.0224077554	-0.0113188733	-0.1375126953	-0.036602393	0.11754645640000001	0.0279451275	0.07089581589999999	0.0052072978	-0.1076509695	0.1193545151	-0.1072314832	-0.0609928176	0.0392002472	0.0823186388	0.05396536	-0.0927297789	-0.0261354331	0.0451165697	-0.0034646818	-0.036039291	-0.127004182	-0.0414457237	0.0402278518	-0.0096710162	-0.0116247176	0.0012808757000000001	0.025786925	-0.0464165071	-0.1431777548	-0.06216585	-0.0627464599	0.033398945299999996	-0.0152892521	0.09223683640000001	-0.1629916472	0.0239683708	0.0283437508	-0.0395219558	-0.0892964641	-0.07819773740000001	0.1330526223	0.08457523210000001	0.017729966200000002	-0.023924967999999998	0.0605975514	0.0554958255	0.0748322273	0.012625464099999999	-0.0172030999	0.0558720137	0.1215415433	0.0067909927	-0.0194776637	0.053381674299999994	-0.0924368608	0.0060683389	-0.0301056875	-0.1151391653	-0.037345134700000004	-0.035689773	-0.0435713249	0.0596929222	0.08365812339999999	0.0378972221	-0.0459061782	0.13925228039999998	-0.033475222	0.0147140037	-0.10294701699999999	-0.11251523769999999	-0.128395041	0.0875209205	0.013781200300000001	-0.0446124669	0.11375967	-0.004514207100000001	0.0798229513	0.0187987715	-0.11464516539999994	0.1361300889	-0.0822636655	-0.0252738383	0.0716306512	0.073006751	0.0563804616	0.011133959799999999	0.1224674797	0.028498874100000002	-0.0381400784	-0.0550019225	-0.10786080519999999	-0.0500165429	0.00016421349999999998	-0.0283656816	0.0533541146	-0.0363497422	0.0578745145	-0.0673071929	-0.015001973899999996	-0.0847118632	0.0122204279	0.0897258478	-0.0055416036	0.0242173497	-0.1581920506	0.1059619705	-0.0147566381	-0.031525597	0.046548807000000005	0.0985235767	0.1101074189	-0.0191642349	0.0623118978	0.0035574262	0.0321660941	-0.0609918866	0.1673864907	0.0302659092	-0.0975188706	-0.0731948635	-0.022651902999999998	-0.0547294996	-0.0559415743	0.0016241731	0.0165680321	0.0790312351	-0.00044216199999999996	-0.0674567909	-0.0956314177	0.0105811011	0.0337214112	0.0065813431	-0.042622157300000005	0.0855489141	0.0916549185	0.0119485372	-0.054658590800000004	0.0848623779	0.0173069201	-0.0542086663	0.146316463	-0.08596360000000003	0.0056100301	0.0639674504	-0.0341043759	-0.10395628859999999	-0.087788815	-0.015815100000000002	-0.025378050000000003	0.0002501173880100001	0.0006440454218025001	-0.0133056	-0.0013177000000000015	1.7363332900000043e-06	0.00017703899136000005	0.00766645	0.00878396	5.87744556025e-05	7.71579532816e-05	-0.00118149	-0.00028910800000000016	1.3959186201000003e-06	8.358343566400008e-08	-0.000103885	0.000348267	1.2128990328899998e-07	1.0792093225e-08	0.000188247	0.0001359569	3.5436933009e-08	1.8484278657609998e-08
523.9494500559948	0.32857803348952075	0.10796352409184062	274523.0262139794	757.7837668561375	-1.4558510818059176	574236.2373106771	2.1195023723954605	444.1751919405455	0.04673360480865085	0.002184029818411154	197291.60113542047	444.10325163801775	736.226825174098	1.1101370000000002	38.527767	0.1093715365	0.0509671	-0.1108122883	-0.025620254900000004	0.012892361699999999	0.1185018696	-0.0295234463	0.09048791310000001	-0.0021564737	0.075940278	0.021723925	-0.0709624719	-0.0675298766	-0.0302612336	0.19093026859999998	0.0595919912	-0.0542888029	-0.0187964386	-0.0018607901999999998	-0.008873222	-0.0002636748	-0.0359037758	0.0422788759	-0.0068888449	-0.0267005958	-0.1089379322	-0.0742848913	-0.1281038564	-0.0141969145	-0.1357911441	-0.08096122879999999	-0.074908741	0.11705731289999999	0.029092317700000002	-0.0443307598	-0.0516483856	0.0813976124	-0.0085093937	0.1551615497	-0.0038153590000000004	0.09917671880000001	0.0358276575	-0.013050003300000002	-0.1957872753	0.0036116253000000004	-0.1657190942	-0.0042691736	0.07853143	0.0402800033	-0.0210339039	-0.0968097723	0.0704516854	-0.0684543763	-0.0153081747	0.053883080599999994	0.12144237449999999	0.0998924392	-0.1357282344	0.1325388392	-0.013533693000000001	-0.0205497484	-0.0337851852	0.0379993464	-0.0111391401	-0.0215341593	-0.1642485137	0.011758379499999999	-0.0004153819	0.0098283964	0.0299227082	-0.041189817000000004	-0.1211948326	-0.0755392892	0.09890723130000001	-0.044356292199999994	0.08612087449999999	-0.0319657994	0.0539013572	0.1355193781	-0.08443976519999999	-0.004687517	0.0667478334	0.0728255005	-0.0547365647	-0.1852480782	0.1213334834	0.2224669561	-0.0107300859	-0.0022722169	-0.0164552369	0.042128205300000006	-0.1592750756	-0.044635603600000004	-0.0389388518	-0.044701304500000004	-0.0087709242	0.013713281899999999	0.040520819	0.1364856467	-0.08530679880000001	0.0051281115	0.0901613268	-0.0949509438	0.0050007108000000005	-0.0965001538	-0.0330137259	-0.16615393369999998	0.022979978300000002	-0.06083689690000001	0.012156701499999999	-0.0842866375	0.052863232	0.0529206931	-0.0674586296	0.11295266109999999	0.0271004671	-0.006152023	-0.0508567269	-0.0622350379	0.044196492000000004	-0.07130743839999999	-0.085064759	-0.0493938714	-0.037256534300000005	0.0441698002	0.12170236039999999	0.0808990894	-0.1373092534	0.1236540526	-0.0050046901000000005	-0.0531097488	-0.025070686000000002	0.0271500112	-0.0570496679	-0.08444077900000001	-0.119418031	0.0810755562	0.01818662	-0.0642922988	-0.1290612302	0.0708867657	0.0642341409	-0.0637069842	0.0412290577	-0.0861109822	-0.0097260788	0.0010302127	-0.11220986359999999	-0.054433490099999995	-0.0584916875	0.0093164639	0.2225727591	0.0639797228	-0.0074789109	0.06801335730000001	0.1318091651	0.0551222808	-0.1370553444	0.049603822	0.1542298517	-0.0340589643	0.1415238727	-0.05687990160000001	0.0187394526	-0.1060719209	-0.052020184299999994	0.1215592502	0.036158147200000004	0.1704466868	-0.0681908421	-0.0822436338	-0.0220956006	-0.04385699	-0.0204926674	-0.08848473720000001	-0.1146454252	0.08114462480000001	-0.08632770320000001	-0.035396949	-0.09564055380000001	0.0520975821	-0.0333937065	0.068972032	0.0400244639	-0.011391023600000001	0.081278789	-0.09128055630000001	0.0139815058	-0.15053056369999998	0.062303459299999996	-0.0379558231	-0.1056505759	-0.0827014951	-0.0273607	-0.0115456	0.0007486079044900001	0.00013330087935999998	-0.0275526	-0.014247	0.000202977009	0.0007591457667599999	-0.014309100000000003	-0.021975550000000003	0.0002047503428100001	0.0004829247978025002	-0.000313597	0.0008678930000000001	9.8343078409e-08	7.532382594490001e-07	8.98053e-06	0.00011286553	1.2738627862180898e-08	8.064991908090002e-11	-6.30622e-05	-0.0002513092	3.97684106884e-09	6.315631400464e-08
525.5644170562529	1.6149670002580478	2.6081184119224776	276217.9564756789	758.5679575985208	0.7841907423833163	575425.3462951913	0.6149551204396968	444.10239073511497	-0.07280120543055091	0.005300015512141275	197226.93345664477	444.087768345733	754.1490900517897	1.110212	38.530403	0.0710022165	0.0361096	-0.043253048200000005	-0.105733435	0.010380348900000001	-0.0736763885	-0.1065612386	0.11178713970000001	-0.09712530039999999	-0.0571393796	0.0207014957	-0.07425423889999999	0.0514231828	-0.039804268	0.0509290455	0.0104920191	-0.0492202993	-0.054621333200000004	-0.0480136635	-0.0056003954	0.1292996336	0.0248224114	-0.023991184	-0.0922685568	0.0071113662	0.0084670621	-0.0938892242	0.0308498131	-0.0251164208	-0.1059961336	-0.0711581817	-0.1228730734	0.0369208515	-0.0422666893	0.0347942129	0.065404915	0.1498492843	0.0292057211	-0.0412096915	-0.0008218186	0.1298899774	-0.0127753012	-0.0658054936	0.0424620545	-0.0446022904	-0.0281210871	0.037390408300000004	-0.0130080541	0.0010376081	-0.1027672144	0.0146623552	-0.0800398562	-0.0423024633	-0.08496064210000001	0.0633056453	0.0672036593	-0.0050584343	-0.0010032075999999999	0.0646586075	-0.0639508641	-0.0907266258	-0.09565535050000001	-0.012723459099999999	0.0162555105	-0.00043980559999999997	-0.123929595	0.075597201	-0.049041277	-0.0748356752	-0.1597274882	-0.112085925	-0.1184605277	0.0148075075	-0.1345790967	0.1499533046	-0.0461937475	0.049304564	-0.0363549601	0.013184640400000001	0.1434637115	0.16671890820000002	-0.005009080999999999	-0.15359636570000001	0.020259955	0.0248693221	0.090457101	0.0985358048	0.015772110500000002	0.1374861385	0.0881701234	-0.059819896	-0.0636371956	-0.0864821159	-0.0346489898	0.0583078242	-0.0426713321	-0.1228595658	-0.0412752984	0.0741348588	0.012479937	0.022204081	-0.0190843904	0.0274081195	-0.0425148066	-0.0686283212	-0.050190001799999995	0.015566981499999999	0.0342290029	-0.0205029404	-0.06670307	0.0783099585	-0.18455282350000002	0.0167672141	0.0581971395	0.0364720573	0.12500754039999998	0.0453339898	0.0354871081	0.020319272	0.0777819017	0.0948706134	0.0473103169	-0.0511780247	-0.0961120142	0.052440412699999994	0.062072762300000014	0.0182304355	0.0201854706	0.0561946891	-0.0396867084	-0.0872176006	-0.011218843999999999	0.08709566810000001	0.0078583751	0.0188437846	-0.0546258394	0.0943013598	0.0203147497	-0.12287112619999999	-0.1369215317	-0.09298039359999999	0.0350759697	0.18172919920000002	0.0614974347	0.0977371453	0.101943578	0.014098976599999999	0.1473471004	-0.1651903922	-0.0315735594	0.16526696789999998	-0.0887877384	0.0028889417999999997	0.053858031699999996	0.0660742078	0.0625680857	-0.0215176307	-0.0393632358	0.0275913245	0.08586730699999999	-0.0624417296	0.0536533228	-0.092925873	-0.04358119480000002	0.0951692457	0.13923338710000002	0.040234948	-0.0011482907	0.1003006029	0.0490180451	0.0059274479000000005	-0.020420705900000002	0.0028662638000000002	-0.0289420709	-0.0464288872	0.057386735099999996	0.027106885	0.0449475608	0.0663581578	-0.0846957021	-0.2262621095	0.1263995548	0.043350144199999996	-0.103669303	0.054580234400000004	0.0512114464	-0.054257241399999996	-0.013349089299999999	0.0372600389	0.0606176821	-0.0417541856	-0.10701244730000001	-0.077151675	-0.0157139	0.011646800000000002	0.00024692665321	0.00013564795024000005	-0.032186900000000004	-0.0046343000000000035	2.147673649000004e-05	0.0010359965316100003	-0.0332988	-0.0189897	0.00110881008144	0.00036060870609	-0.000757273	-0.0004436760000000001	5.734623965290001e-07	1.9684839297600005e-07	-0.00014537799999999996	-0.00015435852999999994	2.3826555783760886e-08	2.113476288399999e-08	-0.000179656	-0.0001165938	3.2276278336000004e-08	1.3594114198439998e-08
526.3552421065863	0.7908250503334102	0.6254042602348409	277049.8408930831	758.0524133815147	-0.5155442170060951	574643.4614335389	0.2657858396884277	444.72809711268263	0.6257063775676102	0.3915084709287807	197783.0803614676	444.6424472694085	762.6317726233192	1.102123	38.249657	0.0840047	0.0361853	0.0181857698	-0.1231649992	-0.030542096600000002	0.126561226	-0.10578490630000001	-0.0552376065	-0.0534459656	0.0546490775	0.0159157321	-0.0789216668	0.043318752099999996	-0.0553770096	0.0036939996999999997	-0.1307761858	-0.0165476557	0.0240303067	0.0399981846	-0.023865467799999998	0.0470444545	-0.013146159199999998	0.0670675021	0.07699523309999999	0.1540380547	-0.0345827477	-0.0026091076	0.0099928293	0.1667033702	-0.00995754	-0.1574397718	0.11016458359999999	-0.1037777034	-0.0611584721	-0.075983513	-0.0780417312	-0.054338483300000004	-0.029595375	0.08705763279999999	0.12594545099999999	-0.0364951045	-0.018653738899999998	-0.0288739144	0.0238884792	0.055150953200000005	0.1056320716	0.0787662802	-0.0565749378	0.1333995194	0.09526436070000001	0.0121718086	0.0645673235	-0.08674942279999999	-0.0626187073	-0.148391108	0.066301423	-0.0137929926	0.0539633051	0.0512336055	0.0351346642	-0.0718159743	0.1354129974	0.0814106481	-0.0497819465	-0.0679774202	0.09790513599999999	-0.0351004755	-0.0262199322	0.1197903957	-0.037827383900000004	-0.0442962033	-0.0089062047	-0.1223987085	-0.054288940300000005	0.14372600900000002	-0.0022675489999999998	-0.15649543900000001	-0.0247686	0.0117614849	-0.0276717746	-0.0024400859	0.0699333199	-0.0156973047	0.09462668960000001	-0.091671197	-0.0363255864	-0.1062131167	-0.2675834453	-0.0432257761	0.030325296800000002	0.0484699513	0.023749042799999998	0.0397191861	0.027650108	0.1283635278	-0.1226124016	0.0099865263	0.010934885200000001	0.1212344872	-0.0937182169	0.0777608666	0.024100542599999997	0.0767740132	0.0134060017	-0.0348343865	-0.0009880567	-0.08661765369999999	0.055271601600000005	-0.0187783349	-0.0592196095	-0.0634246963	-0.0345909581	0.044604292000000004	0.0371998431	-0.0321122833	0.035413051	-0.0494386597	-0.060454838	-0.1906423891	-0.0994530154	-0.0582454598	-0.0542709105	-0.0465752315	-0.0764978357	-0.1384172747	0.0698232436	0.018785923899999998	0.10222744880000001	0.026662141099999998	0.0035156420000000002	-0.0573712404	0.0034638443	-0.1453327422	-0.06325247190000001	-0.0560280691	0.0968486079	-0.0675119022	-0.0184371389	0.06989528099999999	-0.06653891719999999	-0.0232445673	0.0005631556	0.10655118470000001	0.1732533571	-0.0872106236	-0.007199190899999998	0.15028503070000002	-0.014942193700000004	-0.002565283	-0.07442346	-0.0431889728	0.0643929424	0.0206418298	0.1387117759	0.0325009121	-0.20648032460000001	-0.0973913869	-0.0630314154	-0.1242987144	-0.045126277699999995	0.1126610654	0.0297059896	0.0540697154	-0.1077955003	0.0447918254	0.0947176525	0.08614940800000001	-0.0221656697	0.1202548643	-0.0275459294	0.0317957283	-0.072701581	-0.08535619400000001	0.060926041500000014	0.000323872	-0.0416451648	0.0646540622	-0.0376248261	0.0222629931	-0.0316140915	-0.0131198426	0.0212618241	0.0380086663	0.0536434316	0.049145319400000005	0.006627099	0.0256765648	0.1415164243	-0.12342782349999999	0.058910708099999994	-0.0454941512	-0.10803761810000001	-0.07117039139999999	0.00413668	0.01985058	1.7112121422400002e-05	0.0003940455263364	-0.0321921	-5.199999999996874e-06	2.7039999999967492e-11	0.0010363313024100002	-0.014433700000000002	0.018865100000000003	0.00020833169569000007	0.00035589199801000016	-0.00122137	-0.00046409699999999996	1.4917446769000004e-06	2.1538602540900003e-07	9.3916e-05	0.000239294	5.726161843599999e-08	8.820215056e-09	2.26294e-05	0.00020228540000000002	5.120897443600001e-10	4.0919383053159997e-08
525.5909784973006	-0.7642636092856492	0.5840988644783275	276245.8766777499	759.5693725225183	1.5169591410035537	576945.6316742521	2.3011650354742392	444.79012311278836	0.06202600010578864	0.0038472246891232908	197838.25361868946	444.7416367720121	757.9081074478682	1.118825	38.829311	0.04848916	0.02126	-0.034126658	-0.1176255126	0.0970307108	-0.0793330206	-0.1091409161	-0.042917560800000004	0.0366950888	-0.1292148124	-0.0562003079	0.0346800334	0.1085090918	-0.10043931310000001	0.1715810813	0.0128190363	0.05454667690000002	0.0677750369	0.0087193846	-0.1256678292	0.069580644	-0.0806664467	0.031294425699999996	-0.1498783038	-0.0486800046	0.0044839557	0.1022365894	0.012348968	-0.107654696	-0.008490384699999999	0.1367087146	0.08977308140000001	0.0011069012	-0.1051032369	-0.0272432461	0.0793414834	-0.097283551	0.0351858706	0.012950431399999998	-0.0084428703	-0.1020832581	0.0193681474	-0.0162732745	0.0675222791	-0.0324391094	-0.11576124619999999	0.0010037207	-0.0006966366	0.0773689677	-0.0917524034	-0.0573634737	-0.08377562059999999	-0.0138867092	-0.0403608675	-0.022351573399999998	0.0424264402	-0.06634436469999999	0.1212445202	0.0655462875	0.0894967161	0.08459942960000001	-0.0738281343	0.0396434089	0.0040410625	0.0317668087	-0.059774367	0.042897179900000006	0.0950088708	-0.0840447095	0.0035759614	0.08508567199999999	0.051933788200000004	-0.0764718254	-0.0839648892	0.0984656241	-0.08618726060000001	-0.0757091364	-0.0108660032	0.08838402960000001	-0.006132171800000001	-0.0967151929	0.11713281460000001	-0.0589467405	-0.08428694460000001	0.011192776299999999	-0.0316276647	-0.11074182710000001	0.045940738700000004	0.0848855741	0.1542737996	-0.0643622262	0.07688252059999999	-0.0009575333	0.0338580816	0.0254928148	-0.0051299729999999995	-0.0098532101	0.07815417870000001	-0.1152328716	-0.09276778	0.0056738391	-0.1746157354	-0.0099378101	-0.005890062099999999	0.0432996908	0.1365891084	0.0877920062	-0.0656721114	-0.015298963	0.053698673899999994	0.054025628	0.0034509688	-0.0592548223	0.1046786154	0.016755177	0.1091529527	0.010647308400000001	-0.2281719766	0.025797909700000003	0.1157790924	0.0304888863	0.0547938952	-0.056471277599999994	-0.0360140011	-0.040451796899999996	0.0400037677	-0.0119239436	0.1265768557	0.0490447019	0.057838372199999995	0.11853449279999999	-0.0997289318	0.0285871096	-0.021136707799999998	0.0294981138	-0.0283691815	0.0719259792	0.0838619208	-0.1013381409	0.1408033565	-0.051895136200000004	0.0331112057	0.0753857039	0.1000343027	-0.0036462975	-0.059317674699999996	0.12480457939999999	-0.021283712000000003	-0.014112235	-0.0806021396	-0.12610591029999998	-0.045205214800000004	0.004482110300000001	-0.0568586228	0.11788510880000001	-0.0966916755	-0.015746284699999998	0.0505064187	0.0519492095	-0.004216959	-0.1274799079	-0.0865440892	-0.039331633399999996	-0.036922203199999996	0.01438797	0.0712457737	-0.0651807974	-0.0052734396	-0.16364595839999999	-0.03591902	0.0286214271	-0.10792865	0.0978120099	-0.036346034900000004	0.0320045268	0.026271319300000002	-0.1184707034	0.0616856444	-0.1005758837	-0.0373040544	-0.0087873559	-0.0498513331	-0.0226813049	-0.0616607442	0.1441194751	0.0544316221	-0.1919507372	0.11774871349999999	-0.1333786513	0.0571831344	-0.049170489000000005	-0.1087228625	-0.06479109400000001	-0.00768319	-0.01181987	5.9031408576100014e-05	0.0001397093268169	-0.0244398	0.007752299999999999	6.0098155289999995e-05	0.0005973038240400001	-0.013742600000000002	0.0006911	0.00018885905476000007	4.776192100000001e-07	-0.000995431	0.0002259390000000001	9.90882875761e-07	5.104843172100004e-08	-9.222840000000004e-05	-0.00018614440000000004	3.464973765136002e-08	8.506077766560008e-09	-0.000129805	-0.0001524344	1.6849338025e-08	2.323624630336e-08
525.5064409173452	-0.0845375799553949	0.007146602424714786	276157.01944561524	757.7999684165013	-1.769404106016964	574260.7921320504	3.1307908903896915	444.90864477385145	0.1185216610630846	0.014047384141152702	197943.70219450517	444.8132781496095	747.0668908808823	1.197234	41.550529	0.034608815	0.0194516	-0.0494781387	-0.0944850931	-0.1612520299	0.07359874450000001	-0.005630207900000001	0.10385930939999999	-0.07874910610000001	0.089366302	0.10322645539999999	-0.031415898500000004	0.0579518727	-0.0933582712	-0.0164749695	0.0679924121	0.0548506234	-0.1061727813	0.0058490122	-0.0535097483	-0.09809589199999999	0.0488781159	0.1187392401	-0.0191119602	0.0109261797	0.127120826	-0.0704406185	0.0485998333	0.014812348500000001	-0.0049371264	-0.0176996192	0.0263566572	-0.1212388982	0.09018004710000001	0.0428532685	-0.1188420942	-0.013407541	-0.0125121742	-0.0339530017	-0.20360646629999998	-0.1102270013	-0.0709383171	-0.033029779	-0.0474574036	-0.040145385	-0.09474364380000001	0.1004253771	0.0320130633	0.0799338803	0.0787832963	0.10664919810000001	0.0090180509	-0.09674112119999999	0.0266433046	0.0096791223	-0.0262648296	0.0204241956	0.1437321196	0.0478285015	0.020871185	0.16889516010000002	0.0655727151	0.0541174195	0.0555250487	-0.0022891999	0.040758376	0.10253967609999999	-0.07869973849999999	0.1055828677	-0.10948982880000001	0.1209091911	0.08376169950000001	0.0273584242	0.0220039952	-0.027405381800000003	0.0613675587	0.1424016503	-0.0223215079	0.1024085309	-0.0056768577	0.1868181398	0.0643292362	0.0521177029	-0.08717793869999999	-0.0911947149	-0.0996033816	0.028011584300000003	0.047830786900000005	0.0200174191	0.21675980420000002	-0.037900912099999996	0.0197790422	0.0141343349	0.0405925137	0.046274203	0.0316827516	-0.0702066614	0.0169810627	-0.0243538633	-0.0663526715	0.0062520251	-0.021692935	0.17701563609999998	-0.012033375	0.045603058499999995	0.0007109525	-0.1224679547	-0.0653496527	-0.09436029970000001	0.005748865	-0.0048572041	-0.029385562900000002	0.1669987607	-0.021811214199999998	0.090279206	0.037418652999999996	0.057174641	-0.0230190925	-0.1069641815	-0.1431341941	0.0301113787	-0.031661363399999996	-0.0785396798	0.0037881255	0.0285192722	-0.0332963344	0.051368959900000004	0.0920199773	0.0023115207	-0.0387076883	0.18903055059999999	0.0310610804	-0.0181603654	-0.10382534730000001	0.019370686499999998	0.0893672316	0.0901864112	-0.0501204725	0.0743067742	0.0825415961	-0.1638271429	0.0536682685	-0.0048006376	-0.0576998362	0.031225947599999998	0.0782418937	-0.0851519738	-0.030550499199999998	-0.0681860766	-0.07116097980000001	0.0925850688	0.1570330185	0.0316420433	-0.09612875050000001	0.12354614380000001	-0.08794084619999999	0.1396150842	-0.0138379015	-0.0629166822	0.007655081899999998	-0.1363077799	-0.0213514112	-0.0181669688	0.0147020018	0.07607949530000001	0.08462936	-0.0755040463	0.0266936925	0.031167601899999998	0.025716754300000002	0.1657532934	-0.057601864100000004	-0.0190815604	0.1037322169	-0.0564598896	-0.08823818800000001	0.010435819300000001	0.0018613563	-0.0010224605	-0.08396780449999999	-0.0617135751	-0.1140498818	0.09622334689999999	0.0343317343	-0.1000668334	0.0298867928	0.0522764816	0.1436355737	0.0968516282	0.055435565	-0.0527780575	-0.1090660245	-0.05804945860000001	0.0090823	0.01676549	8.248817329000001e-05	0.0002810816549401	-0.0240989	0.0003409000000000016	1.1621281000000115e-07	0.0005807569812100001	-0.0152929	-0.0015502999999999975	0.00023387279040999997	2.403430089999992e-06	-0.0008629319999999997	0.00013249900000000022	7.446516366239995e-07	1.755598500100006e-08	-0.000220882	-0.00012865360000000002	1.655174879296e-08	4.8788857924000004e-08	-7.19151e-05	5.788990000000001e-05	5.17178160801e-09	3.3512405220100013e-09
527.9966246486626	2.4901837313174155	6.201015015717927	278780.4356403808	758.2805560059833	0.4805875894819565	574989.4016167432	0.2309644311640775	445.38868157044675	0.4800367965953001	0.2304353260854775	198371.07767106078	445.359229437221	766.527774802021	1.2447530000000002	43.199707	0.04212951	0.0226403	0.055469924500000004	-0.1466613827	0.1366116345	0.0748188988	0.0056096012	0.1308115231	0.0353643437	-0.012681737	-0.0943140165	-0.1334588926	-0.0160321606	-0.0324917437	-0.0641357828	-0.0685865047	-0.109440052	-0.027956605	-0.06714678360000001	0.011014228899999999	0.0645841729	-0.17736259769999999	-0.0359476989	0.1155102634	-0.0742110919	-0.08366084480000001	0.092713559	-0.018057661699999998	0.0385377789	0.046122799000000006	-0.0188019167	0.0653803929	-0.1204188116	-0.0124395704	0.1562358046	-0.010320822700000001	-0.0153586007	0.0578209661	0.014455841100000004	0.072876843	0.0352354801	0.0668118055	0.09234856	0.0229988985	-0.0670408992	0.0379829498	0.0996340718	-0.023102590699999998	-0.0362744014	0.0882078215	-0.1146392405	-0.0371557863	0.0551620445	-0.1500195549	0.1241800824	-0.0394097452	-0.0484995722	0.035867145499999996	0.0672856304	0.0564343867	0.0390106343	0.0096375327	0.0659119873	0.0271117791	-0.0536432008	-0.0050096283	0.029271687	-0.0320314107	0.0877310407	-8.749790000000001e-05	-0.1305930234	0.1154582298	-0.0184804806	0.0632604549	0.0573185704	-0.1779742373	-0.07061558309999999	-0.13200817369999998	0.0108143696	-0.0679183359	0.0050921741	0.05722571360000001	0.0038039305	0.1346530797	0.0771012133	-0.1092217578	0.0463602005	0.0400179727	0.021526194300000003	-0.1737881895	-0.0690819049	0.0745945333	0.0163766749	0.0256126263	0.0485703186	0.013451752800000001	-0.0362212196	-0.027354441200000003	-0.042447762800000004	-0.0471454113	0.06553404089999999	-0.0319847799	0.0888487919	0.07213650440000001	0.0311840125	-0.0443884927	0.1037006897	0.08341874490000001	0.0577071488	-0.1391461314	-0.0483494883	-0.0219903744	-0.08987097320000001	-0.0380107265	0.039856489700000004	-0.0498196128	0.0325539838	-0.049006078200000004	0.045047189800000005	0.0393372846	-0.13553373189999998	0.0999286953	0.0611988709	-0.1321655784	0.1020782872	-0.0491703609	-0.0169656122	0.0408162904	0.08031215950000001	0.0288467139	0.0688927341	0.0176352119	0.0064626552	-0.07673811280000001	-0.0462544741	0.0295790651	0.0105425221	-0.0528002347	0.09217715	0.0051549999	-0.024458458	-0.1174259534	-0.0976241317	0.11076421970000001	0.022120146299999997	-0.0017556699	0.17459115120000002	0.0162745317	-0.1197626724	0.13059949369999999	-0.01897632	-0.0526350516	-0.13679331960000002	0.0785583259	0.010662233600000001	-0.0198270449	0.038860342	0.0671340976	0.1523822944	0.006328579399999999	0.1270914021	-0.0038837978000000003	0.036788572	-0.0387785197	0.0957408282	0.0239714004	-0.0454676692	-0.0202161509	-0.0408131246	0.0047113668	0.0908672701	-0.05463250309999999	-0.0361697287	0.0440249609	0.10446875060000001	0.0395363813	0.0376183552	0.0660596835	0.1362484683	0.0954706091	0.0501333946	0.0264664608	0.007271018699999999	-0.0458539913	-0.0565264761	-0.0320688918	-0.11754518	-0.11519890099999999	-0.10576461529999999	0.0536686109	-0.05631181110000001	-0.1090660245	-0.0509831871	0.0127875	0.003705200000000001	0.00016352015625	1.3728507040000004e-05	-0.0241171	-1.819999999999947e-05	3.3123999999998065e-10	0.00058163451241	-0.0307288	-0.0154359	0.00094425914944	0.00023826700881000005	-0.0007029810000000001	0.00015995099999999962	4.94182286361e-07	2.5584322400999892e-08	6.664029999999999e-05	0.0002875223	8.266907299729002e-08	4.440929584089999e-09	-5.99842e-05	1.1930899999999996e-05	3.5981042496399998e-09	1.4234637480999999e-10
528.7812321222791	0.784607473616461	0.6156088876548055	279609.5914447556	758.0111170129793	-0.2694389930039733	574580.8535152646	0.0725973709509952	445.80524820954736	0.4165666391006084	0.17352776481157656	198742.31933117608	445.7697371312669	777.6550368617243	1.140759	39.590519	0.037954556	0.0203941	0.1154810621	-0.17824943140000002	-0.0428561309	-0.049158110199999994	-0.0838677603	0.017739616899999998	-0.031511559	-0.0746101889	0.0323343463	-0.0107160469	0.0888007049	0.0768771892	0.0483464315	-0.11233190300000001	0.10136330380000001	0.1424338178	-0.0880573835	-0.055665510099999996	-0.0453990854	-0.0065581815	-0.0188608161	-0.0358059096	-0.0080353123	0.027665785499999998	0.0649704155	0.001249622	0.0106522531	0.10679850130000001	0.0731541388	-0.1364856031	0.06963057730000001	0.0804482846	0.0827275846	0.0380482306	-0.030862009300000007	0.042417457199999994	-0.10380519869999999	-0.0317795046	0.0624838118	-0.029386114799999998	-0.1120220692	0.0208563245	0.0250334934	0.0981407559	0.1115481016	-0.0446477028	-0.08598211210000001	0.117437747	0.0671164791	-0.1634696813	-0.0479021209	-0.09584707890000001	-0.0300307868	-0.0592018554	-0.06275219650000001	0.1106143434	0.1228557349	0.0155975745	0.0213636073	-0.11110566890000001	-0.0442300996	0.165219598	0.1379054162	-0.0482190662	-0.0925445126	0.0168856472	-0.0735995448	0.1019800117	0.0250399858	-0.044131856399999995	-0.0474294836	0.0357612457	-0.1054291894	0.022289912599999996	-0.1339752756	0.07925339049999999	-0.05985384730000001	-0.0945115422	-0.0318946534	-0.0652888269	0.0026930065999999997	-0.140925267	-0.0224113233	0.0432940204	0.08832530599999999	-0.0127678832	-0.0480697891	0.0054584030000000006	0.1287331862	0.1569034933	-0.1279364423	-0.051202520999999994	0.0793136005	-0.0704412764	-0.1653002236	-0.0060474318	0.01715245	0.0871915791	0.11441599949999999	-0.05963052360000001	-0.063837595	-0.0833592487	0.0879457856	0.0108706026	-0.0221042934	-0.0419935189	0.0123695601	0.0799299673	-0.10111462630000001	-0.0455602704	-0.0192471718	0.0584408733	0.1069064753	-0.1451841213	-0.0446524225	-0.0185524329	0.0586246562	-0.10546173449999999	0.015895852	0.1839001332	-0.0632054656	-0.1009873078	-0.0270427027	-0.050925566900000004	-0.02758031	0.1349310148	0.0962720765	-0.005886097	0.0602865304	0.043018463300000004	0.1617853449	-0.0320745894	0.1481177212	-0.08444314369999999	-0.0499318273	0.0014892082999999998	-0.1095758575	-0.0154583491	0.0771219263	0.029654375400000002	-0.0746887633	-0.0034788258000000003	-0.1017092425	-0.1353761489	0.0235063906	-0.0492495266	0.16208675039999998	0.0392397562	-0.029125022999999996	0.0452180042	0.1245030534	-0.1242229993	-0.0036290959999999996	0.07275810740000001	0.0020162925	-0.0524479328	-0.0613521502	0.058470280199999995	0.0890945766	-0.1113782612	-0.05071558	-0.0327839553	0.1073370597	0.1466393349	-0.0073122765	0.1394204111	-0.0337570854	0.0994539693	-0.1625682074	-0.0306735826	-0.007374031999999998	-0.008186248299999999	-0.09454786300000001	-0.041938161200000004	0.0804354753	-0.0313361887	-0.0904867803	0.0666578114	0.0640539717	-0.014163016799999999	0.1316856603	-0.08678653970000001	-0.0624810029	-0.051831849000000006	-0.0068844913	-0.007249912299999999	0.0029224545000000003	0.0518828902	-0.0597668075	-0.1087228625	-0.043631796900000006	0.00907494	-0.00371256	8.23545360036e-05	1.3783101753600004e-05	-0.0241331	-1.5999999999998654e-05	2.5599999999995693e-10	0.0005824065156099997	-0.0477296	-0.017000799999999996	0.00227811471616	0.00028902720063999986	-0.000441992	0.0002609890000000001	1.95356928064e-07	6.811525812100005e-08	-9.72312e-06	-7.636341999999999e-05	5.831371914096398e-09	9.45390625344e-11	-6.71357e-05	-7.151499999999994e-06	4.5072022144899984e-09	5.114395224999992e-11
526.585843944208	-2.1953881780710844	4.819729252414277	277292.6510424338	755.8041827251857	-2.206934287793615	571239.9626248857	4.870558950639111	445.0652966679911	-0.7399515415562519	0.5475282838514736	198083.11829816693	444.9573301936441	767.8487515929198	1.107077	38.421574	0.098946799	0.045099400000000005	0.0877209365	-0.0755318041	0.06795612990000001	0.0506909299	-0.0758376719	-0.116257413	0.0974674707	0.015415512099999999	-0.0134013738	0.08517394439999999	0.16760884210000002	-0.2182659111	0.0690400288	-0.047994161900000006	-0.052576613099999996	-0.1393500064	-0.0286417658	0.0957804335	-0.019564778600000002	-0.0879907391	-0.0054661515	0.0118265781	0.029210394700000007	-0.017122203500000002	0.1560848309	0.0285705159	0.000788756	0.12134334869999999	0.0306193411	0.000512256	0.0543433153	0.0092487356	-0.0877664288	-0.09319969970000001	0.052128169	-0.0047654083	-0.024250286200000002	-0.0460861083	-0.0525847916	0.09048814449999999	-0.056813914699999996	0.1689855678	0.051050678200000005	-0.1485750251	-0.0407785208	0.056527602300000014	-0.11939077390000001	0.0381229318	-0.0874877325	-0.0541239653	-0.0472018128	-0.0560640982	-0.06721870349999999	0.0444811262	0.0408873331	-0.07057656820000001	0.0203751719	0.08464911900000001	0.014768969299999999	0.11021144470000001	-0.0769247252	-0.0294731635	0.036143081699999996	-0.022886585600000002	-0.0318373681	0.0208894554	0.0437586566	0.00199435	-0.026802138599999997	-0.006998645	0.013060108700000001	-0.1337172791	0.1591915417	-0.010486850700000001	0.008034183	-0.0505306128	0.0319312233	-0.1249255206	0.022185	-0.12006810150000001	0.0005250405999999999	-0.1209936446	0.0501577615	0.09736110560000001	0.0157608264	0.046538393399999996	-0.15552131800000002	0.0275397622	0.0107021866	0.0511820613	-0.1211249043	0.0609540729	-0.090340485	-0.023984826600000002	-0.026582429700000004	0.0373947733	-0.013881622	0.048764671600000004	-0.0704487049	-0.0036412623	-0.0744929079	0.013903295800000002	0.0329438226	-0.15840964789999998	-0.0356470153	0.0062715335	-0.10031860029999999	0.1102498176	0.0541537001	-0.013349150700000001	-0.035524398900000004	0.0342302664	0.0421540334	-0.1268733531	0.0231931812	-0.0500992133	0.1474427707	0.022962294100000002	-0.0905812792	0.0451725246	-0.07683993730000001	-0.0482124876	-0.0880127419	0.027942016400000002	0.041868508799999996	-0.0623760588	0.0382896056	0.0870848839	0.0425015625	0.0239816248	-0.1199587406	0.0838200108	0.0374247594	-0.021669057000000002	0.0345371852	-0.0251659817	0.0141132419	0.012963681999999999	0.01747102	0.0029164239000000003	0.1052745375	0.12965144779999999	0.08111325559999999	0.0204650425	0.039325583399999996	-0.12106152740000001	0.020776370500000002	-0.0048350961	0.0807202013	-0.0722138591	0.0892039925	-0.10901217949999999	-0.076380367	0.1696653409	0.0476638414	0.0679364534	-0.0472423455	-0.0525523512	0.020826641599999998	-0.11629111460000001	-0.1190837431	-0.0033216170000000002	0.0164712032	-0.0574847571	-0.028395167599999997	0.010545011399999998	0.0110553096	-0.0377319106	-0.0757844137	0.0554720345	0.0377861522	-0.0246871427	-0.0351731384	-0.2095137533	0.0769866114	0.0148478331	-0.0571663087	-0.067237936	0.0267015962	0.0054400053	-0.0554700829	-0.0825466327	-0.0139647281	-0.1274912227	-0.11662300619999999	-0.10688438189999999	-0.0699633446	0.0500790271	-0.0631382147	-0.10803761810000001	-0.0360364	-0.0015274000000000002	-0.01060234	2.3329507600000005e-06	0.0001124096134756	-0.0380795	-0.013946400000000005	0.00019450207296000006	0.00145004832025	-0.0240506	0.023679	0.0005784313603599999	0.0005606950409999999	-0.0011133	-0.000671308	1.23943689e-06	4.5065443086400003e-07	-0.000220882	-0.00021115887999999998	4.4588072602854404e-08	4.8788857924000004e-08	-0.00019905	-0.0001319143	3.9620902499999985e-08	1.740138254449e-08
524.3033584652563	-2.2824854789516853	5.209739961625302	274894.0116979471	758.3403432858032	2.536160560617532	575080.0762548299	6.432110389231832	444.19973701864893	-0.8655596493421741	0.7491935065693472	197313.40636743687	444.18207665647225	746.9254971690348	1.124869	39.039082	0.068588655	0.0379193	0.0057158792	0.0738499578	-0.018915856	-0.0706188896	-0.0505656714	-0.054622869299999995	0.0037778737	-0.0671660786	-0.018881173799999998	0.2177041841	-0.1596407677	-0.0823245134	-0.0586689533	-0.0145484532	-0.0603324634	-0.0548086824	-0.22027783550000002	0.0148793653	-0.0122069522	-0.11445894949999999	-0.0047042521	0.2014987809	-0.0094339909	-0.0053453968999999995	0.0082822516	-0.1410760613	0.008428969	-0.1101379976	0.0825173468	0.0374649615	0.0645501097	0.060095752999999995	-0.034323975699999995	0.0890233565	-0.14049742769999998	0.027879108399999998	0.0628668542	-0.0002038797	-0.0669494172	0.0545719587	-0.08574614289999999	0.0832230454	0.016825508500000003	0.1152637906	-0.10820864150000001	0.0865190567	0.0436556263	-0.053893943799999997	0.0154436572	-0.0710786473	-0.11347629029999999	-0.025076859	0.0252915446	0.1262256155	0.013510100300000001	-0.013979048700000002	0.0931745968	0.0248686823	0.031086219300000002	-0.0370147078	-0.0136058211	-0.018514571599999998	-0.0668355922	-0.0204762698	0.0140535892	-0.0299309622	0.014992866	-0.0537506546	0.1047440946	0.0107217105	0.057553666399999995	0.0494315775	-0.0081939751	-0.0197206533	0.101651613	-0.0686670039	-0.06248987650000001	0.1202476433	-0.058561158099999996	0.1556171253	-0.0645356735	-0.0148723758	-0.1065077483	0.1295465454	-0.006773758299999999	0.046933185	-0.0567058642	-0.0641790635	0.0555179596	0.09057220810000001	-0.0457959075	-0.0343059495	-0.0534381942	-0.1783514948	0.1543939678	-0.0072037038	-0.0387355578	-0.0969445307	0.095515255	0.10341382869999999	-0.0136738085	-0.0730895545	0.0974247742	-0.06352970549999999	-0.080714836	0.028474074199999998	0.07895194700000001	0.0395781268	-0.0298271177	0.0010422345	0.0245413319	-0.0268128763	-0.1276234261	0.0326243091	-0.0152837692	0.010339905600000001	-0.0057998222	0.019230326699999998	0.0626972663	0.0183122184	-0.11956145119999999	-0.048942730700000006	0.0315901984	0.1005736665	0.021582499900000003	-0.01159715	0.0730968313	0.0157410502	0.043449664400000004	-0.0587331062	0.0445617705	0.0041158224	-0.0806932399	0.0152481676	0.0249134752	-0.0162724087	0.021286003799999998	0.0328349588	-0.0663233749	0.0856760505	-0.0104706196	-0.0936668753	0.0036000827000000008	0.0548731571	-0.0565807133	0.054834611799999995	-0.0908784599	0.08422888630000001	-0.0807372475	0.08655395619999999	0.10416867310000001	0.0655438902	0.1016066873	0.0993145039	-0.1476832334	0.0966726009	-0.045847485300000004	0.0165890432	0.0012812721	-0.0730951872	0.0254248313	-0.1074450765	-0.0068944812	-0.11008984390000001	0.1512486231	-0.1247909275	-0.10943945710000001	-0.0672821359	-0.0900790099	-0.0062779291	-0.0348245987	0.1628257206	-0.0922277442	0.0744487422	0.0844837718	-0.0247946858	0.0069512466000000005	0.0441445621	-0.0074724330000000005	0.0072252259	-0.0416493827	0.12978933410000001	0.037035930099999996	-0.0134227123	0.0597919687	0.0315619877	-0.0029832510999999997	0.0482576524	-0.0664213173	-0.10701244730000001	-0.028239472999999998	-0.00650192	-0.00497452	4.22749636864e-05	2.47458492304e-05	-0.0158289	0.0222506	0.0004950892003600001	0.00025055407521	-0.0235667	0.0004838999999999988	0.00055538934889	2.3415920999999896e-07	-0.000612196	0.000501104	3.7478394241599993e-07	2.5110521881600004e-07	-3.45807e-05	0.0001863013	3.4708174381690005e-08	1.19582481249e-09	-6.886260000000001e-05	0.00013018739999999998	4.742057678760001e-09	1.6948759118759996e-08
523.8829174136122	-0.4204410516441612	0.17677067790764825	274453.31115779764	759.1432010433881	0.8028577575848885	576298.399690402	0.6445805789142356	443.5881755469805	-0.6115614716684377	0.3740074336292653	196770.4694850988	443.5631837847732	737.3833748398127	1.07531	37.31910300000001	0.07543751500000001	0.0344976	-0.0051246484	0.13047367640000002	0.004388800000000001	0.0516668816	0.050971515700000004	0.0664936726	0.0130758251	0.0162847473	-0.0471171455	-0.0232507862	-0.0828802108	-0.09910363929999999	0.0514943713	-0.032511137200000005	0.15602499050000002	0.0711748153	-0.1028397223	-0.0150227001	-0.0969866202	0.0964061445	-0.021826362599999996	0.060468147300000004	0.0411195001	-0.0874690444	-0.17153752519999999	-0.0209615418	0.0574202144	-0.024257928199999997	-0.0195133086	0.0756979602	-0.053567181	0.0273077973	0.0548568378	0.1947571161	-0.052074425	0.16873085399999999	-0.0475081864	0.0890099927	0.033195035	0.050481228899999994	-0.1108947666	0.0550185967	-0.0481644207	-0.1049190489	-0.1500786911	-0.09637553509999999	0.024945772	-0.0163962237	-0.0293690108	0.1476410149	-0.0817173249	-0.0399077928	0.1064683438	0.0743112234	0.0836704688	-0.1342041602	0.045083427800000006	0.0693555351	-0.09339996869999999	-0.0140488666	0.0269627679	-0.0455243993	-0.1661574938	-0.0205031884	-0.0190822163	0.0330781057	-0.1151803825	-0.034121152200000004	-0.0146975815	-0.0002875455	0.006418055799999999	-0.15939683400000002	-0.0407161875	0.0120638569	0.0063446412	-0.0370670083	0.0006722439	-0.0687809137	0.08694062279999999	-0.0617872546	0.11001129300000001	0.0207929998	-0.0006380879	0.0141871068	-0.0019734154	-0.11557077660000001	0.15145294380000002	-0.0337901354	0.046429654800000004	0.0168078512	0.0198246181	0.0335298166	0.1037673428	-0.0820407385	-0.0341831613	0.054088364800000004	0.0920527258	-0.010893493600000002	0.0035390998	0.0496694254	0.0659550319	-0.0636777574	-0.0222313609	0.013351771	0.1233692757	-0.1031455286	0.0292208916	0.10200126960000001	-0.0287857119	0.0059607343	-0.0231808092	-0.12385435970000001	-0.190228951	-0.0673405691	0.0854102442	-0.009532056	0.0292098934	0.0024827748	-0.0516172851	-0.1534794408	-0.015431848100000001	-0.0775153286	0.09975840279999999	0.0767438464	0.0488959229	-0.1272227754	0.0862214765	0.1070307561	-0.09661174539999999	-0.0330437507	-0.0064101083	-0.0083180532	-0.177813182	0.024381688	-0.0230525065	0.042265399800000006	-0.0949557074	-0.0225499879	-0.0275489331	-0.0652197638	0.1420319348	-0.0263797925	0.0456963349	-0.09272283960000001	-0.0365511024	-0.0809425085	-0.0108823191	-0.0040083858	0.1105402059	-0.0097297441	-0.0205327201	0.0284574017	-0.12003239019999999	-0.0811042213	-0.0597521508	-0.0914961515	-0.0061697856999999995	0.0901976687	0.054155695	0.0050040195	0.0347320993	-0.12334887859999999	0.048568776900000006	0.0819011418	-0.023392518799999998	-0.0066722479	0.045200036799999996	-0.001958478	0.008674607800000001	0.0243153311	-0.033093259300000004	0.0506702742	-0.021242721699999998	0.0074038824	-0.0848663487	0.1141313811	-0.1566420775	0.09313868410000001	0.0438242463	0.0939798202	-0.1203627115	0.0783228266	-0.0998537195	-0.0650686709	-0.09951142060000001	-0.0572832197	0.0797326217	0.0464194031	-0.0696115238	-0.1056505759	-0.0202846193	0.00907188	0.0155738	8.229900673439999e-05	0.00024254324644	-0.0158001	2.8799999999998962e-05	8.294399999999404e-10	0.00024964316001	-0.0389144	-0.015347700000000002	0.0015143305273600002	0.0002355518952900001	-0.00091406	-0.000301864	8.355056836e-07	9.1121874496e-08	0.00029619	0.0003307707	1.0940925597849e-07	8.772851609999999e-08	0.000188247	0.00025710960000000004	3.5436933009e-08	6.610534641216003e-08
525.1664769079913	1.283559494379119	1.6475249756107804	275799.82846795174	758.8115973676846	-0.3316036757034908	575795.0402996971	0.1099609977400659	444.24202060359596	0.6538450566155234	0.427513358060557	197350.97286996586	444.19283586517685	750.4707301256362	1.1013110000000002	38.221481	0.09454914	0.0430105	0.0431105638	0.063764077	0.0073480121999999985	-0.12414867289999999	0.0002248107	-0.0405547942	-0.0612847788	-0.1031294253	-0.0194344817	-0.0749798579	0.0623968267	0.0018842146	-0.0553166236	-0.06768488	-0.032746552799999995	0.04562617309999999	-0.1320504858	0.031242016299999998	-0.1220023079	0.0076627675	-0.028664734900000002	-0.0015636551999999998	-0.0301577908	-0.08737155810000001	-0.0500833418	-0.046745616100000005	-0.0741221	0.060488375	-0.082525631	0.011724691	-0.1022477852	-0.11122733720000001	-0.0683456556	0.0989460196	0.09811327880000001	-0.04217239440000002	0.0013227695	0.0914835306	-0.011246098700000002	-0.0451076717	-0.0202253942	0.015732553	-0.19208023800000001	-0.0078193421	0.1445808504	-0.1109694756	0.0094065965	-0.09890491189999999	0.0332267034	-0.022175541899999998	0.0836287389	-0.0396084472	-0.0066960976	0.060863053	0.0117249994	0.0617575782	0.0239650473	-0.0411731208	0.0018643467999999999	-0.0659880863	-0.14372332710000002	0.0103313695	-0.0474150571	0.0096093428	-0.0375127424	-0.0766661293	-0.04449354690000002	0.0459115242	-0.0410119786	0.0694049592	0.19098379129999998	-0.0451162057	-0.023111111200000003	-0.029445899900000006	-0.1536220575	-0.184289575	-0.07100326059999999	-0.0159291782	0.08490675539999999	0.0980231003	0.0415195944	-0.0402099893	-0.0332134533	-0.0280443216	-0.0013680322	-0.0026470854999999997	0.045348827300000005	-0.1158917095	-0.029161577799999998	0.1197576725	0.0444534059	0.06075472940000001	0.0173530031	0.052234022000000005	0.0961186257	-0.1172053081	-0.10423029130000001	0.0307582725	-0.0619403522	0.0880422699	0.0366714286	-0.0591359279	-0.1655159951	-0.0129436483	-0.012271879	-0.028274596000000006	-0.1026614824	0.0681282029	-0.0452015278	-0.1112660773	-0.08900247789999999	0.08401287710000001	0.1525562396	-0.1062167201	0.1617869776	-0.0924950269	0.024824655299999998	0.0792662735	0.0969348229	0.035351379599999996	0.0670618936	-0.033832645	-0.0133950947	0.051177111399999996	0.059388776799999994	0.07291152990000001	0.045707618600000006	-0.030990765400000002	-0.0014046579999999998	0.0651488838	0.0896382436	0.14800457039999998	-0.0338754997	0.0210062027	-0.0746944273	-0.0512238726	-0.0258992618	0.044843084400000004	0.0716721572	-0.1471957043	0.0626216875	-0.1100667286	0.0004746996	0.06114751	0.1429669825	-0.0371059686	-0.06307497320000001	0.20449984300000001	0.0812954112	0.035356261	0.0266215127	-0.0077068889	0.0301547211	-0.0339232997	-0.0671902737	0.05209263099999999	0.1172844325	-0.0361836367	0.0521080638	-0.044774044900000004	0.1363515028	0.0242841042	0.0300675312	-0.10048047630000001	-0.0954883856	-0.0501127145	-0.0287126312	0.012786571200000001	0.10707822189999999	0.0415606361	-0.134184937	-0.0310554331	-0.0612365133	-0.1377563302	-0.0057351177	-0.0268114133	-0.1183363414	-0.0677459441	0.0111129551	0.09642571529999999	0.0723791213	-0.15766541609999998	-0.1206740719	-0.029951753799999998	-0.1281599649	0.0080391756	-0.0053612512	0.044564922	-0.07270437219999999	-0.10395628859999999	-0.0122163259	0.0336585	0.024586620000000003	0.00113289462225	0.0006045018830244001	0.00587043	0.02167053	0.0004696118704809	3.4461948384900005e-05	-0.022446200000000003	0.016468200000000002	0.0005038318944400001	0.00027120161124	-0.00120408	-0.00029002	1.4498086464e-06	8.411160039999999e-08	-5.02658e-05	-0.0003464558	1.2003162135364001e-07	2.5266506496399998e-09	0.000188247	0.0	3.5436933009e-08	0.0
525.8657048009882	0.6992278929968734	0.4889196463448471	276534.73948584	758.7218724219751	-0.0897249457094631	575658.8796915079	0.008050565882566101	444.9559997021878	0.7139790985917784	0.5097661532259284	197985.8416709733	444.8576747837149	753.1901479455307	1.135812	39.418842	0.1188034945	0.0593185	0.0827183431	0.0696004383	-0.09809303550000001	0.0427829736	0.0748577129	-0.0074107789000000006	-0.0682884319	0.0930828443	0.0556405432	-0.021731484900000004	-0.0764977712	0.0083087233	0.0671018728	-0.0019297032000000001	-0.042411557999999995	0.0412799096	0.031625234599999996	0.0254542317	0.12759382449999998	-0.0988662867	-0.0712697733	-0.0831391113	0.0751168623	0.1644602322	0.03329908	0.1242768224	-0.0155125414	0.1086423045	0.0470302925	-0.0133787745	-0.04560409309999999	-0.10576682	-0.0304179647	-0.0409706522	-0.0225914389	0.0805868253	-0.013587647900000001	-0.09110186890000001	0.011288521599999999	-0.0535084074	0.1612666257	0.0165682183	-0.0347593071	0.0233633025	-0.028794905	0.0102526341	-0.1095540197	0.033915851000000004	-0.0011187852	0.008990249	-0.18491208609999998	0.0887390729	-0.0877085351	0.0453838558	-0.0395282564	0.0046095051	-0.0265185325	-0.179412118	0.0983623162	0.0751936588	0.008257816	-0.0018250807	0.09727013289999999	-0.0332992411	-0.0401385834	-0.0780766906	0.0095117015	-0.0005335617	-0.1506870907	-0.058862687300000015	0.0182204745	0.024172124399999998	0.09544566550000001	-0.100167282	-0.0091390567	0.1238346009	-0.1282489816	0.04409864	-0.1479808705	0.0709455141	0.0058217679	-0.08977115289999997	0.0537941433	0.08592695339999999	0.1018319342	0.0987736502	0.0474181937	0.047172038	-0.013110926699999999	0.055095184400000004	0.0871731529	-0.0142546125	-0.1718485821	-0.0417758091	0.1249192701	-0.10624116119999999	-0.0419315501	-0.1278153897	-0.007133643100000002	-0.024302168399999997	0.0609189959	-0.008795279599999999	-0.0828228653	0.0313964814	-0.0264366813	-0.0280360188	-0.0391284137	-0.0140666219	-0.0184430015	0.042646104000000004	0.11460304369999999	-0.043391749199999996	-0.0737729074	0.1231907479	0.0036965776	0.0390229063	0.0817454342	-0.07014913889999999	-0.0222854703	-0.062058828600000004	-0.184713848	0.0455801167	-0.0554304449	0.076761854	-0.0582460435	0.020881743	-0.0782116533	-0.1926361961	0.0409946823	0.050835102300000004	-0.0830486346	0.0081462249	0.0526571938	-0.0602552353	-0.012490694299999999	-0.0331601091	-0.0671893718	-0.132847286	0.05195072110000002	-0.0051247446	-0.023143181800000003	0.1166639321	0.0862025441	0.0612209848	0.0385341791	0.1110420376	0.083939141	0.0716155076	-0.1218175928	0.0067308672	-0.0274462652	-0.088123991	0.1034451039	0.17365568969999998	-0.0361520922	-0.040901843199999996	0.0934164682	0.007245976199999999	-0.1357172764	-0.0655324388	0.07924756570000001	-0.0557903358	-0.0043942747	-0.1910159052	0.07465151889999999	-0.04632013559999999	-0.0364059363	0.047439214	0.0982369134	-0.043973967999999995	-0.0358645594	0.013194339499999999	0.0598144121	0.0192771219	-0.0804541454	-0.0347264822	-0.0015914332999999998	-0.10793472650000001	-0.043618698	0.003826047	-0.025111502200000003	0.17519049890000002	0.1082359093	0.0227944965	-0.0581223557	-0.0618393308	0.1092507756	0.0426948575	-0.07569553700000001	-0.1019349164	-0.0040797138	-0.016976400000000003	-0.0506349	0.00028819815696000015	0.0025638930980100005	-0.013350799999999998	-0.01922123	0.0003694556827129	0.00017824386063999993	-0.0332847	-0.010838499999999996	0.0011078712540899998	0.00011747308224999995	-0.0007366219999999999	0.000467458	5.426119708839999e-07	2.1851698176399998e-07	6.374979999999999e-05	0.0001140156	1.2999557043359997e-08	4.064037000039999e-09	7.54331e-06	-0.00018070368999999997	5.6901525756099994e-11	3.26538235796161e-08
525.9109449098283	0.045240108840175715	0.002046667447870944	276582.3219759485	759.6677265601606	0.9458541381854956	577095.054777083	0.8946400507226268	445.1525674348577	0.19656773266990515	0.038638873526987284	198160.80829384553	445.0888244099965	753.6795552987134	1.112038	38.593758	0.0429081595	0.0188974	0.08600032349999999	0.0525584282	0.1107698635	-0.0030994862	0.13550890880000002	0.0798127774	0.051051451100000006	-0.0029785746999999997	-0.1607587228	-0.0338147695	0.0349745026	-0.1171963229	0.0077023205	0.027270835400000002	0.1568964402	-0.040911059300000004	0.029771063599999998	0.1938704255	-0.0491248385	-0.1107414315	-0.0343824375	0.0704701328	-0.0724897888	0.19584929780000002	-0.0870842486	0.01367579	-0.0344074985	0.0559663669	0.0377247422	0.036314206200000004	0.08644594130000001	-0.0663944104	-0.052588374199999996	0.0653863638	-0.12080116490000001	0.038900544	-0.038184441	-0.0909571725	0.0164938117	0.058640565199999994	0.1931490294	-0.023681477000000003	0.0023844589	-0.1721460378	0.0002678488	0.10927375630000001	0.0333262052	-0.0157490153	-0.0717766638	-0.0428361668	-0.09413065550000001	-0.0472758588	0.0747384005	-0.1213520285	-0.0410524122	-0.1481355686	-0.0107541254	-0.060626830199999995	0.039170977	-0.11951641560000001	0.0656569045	-0.1587877512	0.11963246150000001	-0.0341750278	-0.0291050213	-0.0382939464	-0.093584976	-0.1073815487	0.12965956380000002	-0.0838382447	0.0574482359	0.09998425179999999	-0.0214509271	0.0008648886000000001	-0.1840712684	0.0925279606	0.0215731879	-0.032287412599999996	0.0998770072	0.045630034800000004	0.1081516916	0.09171983539999999	0.017677361000000003	-0.005379844399999999	-0.0309188259	0.0209027202	0.0325330684	0.0137425719	0.056267685899999996	0.1048475384	0.0430952194	-0.0217549273	-0.14829397019999999	0.042939711	-0.0635271918	0.0136101872	-0.046306521399999995	0.0004175583	-0.0218469287	-0.0820382566	-0.1024372467	0.1315550366	0.007275510799999998	-0.0254337952	0.08228666	-0.1048600051	-0.1438035352	0.09414961470000001	-0.025697801	-0.11687806640000001	0.0347893454	-0.18625630899999998	0.0007649034	0.0456691271	0.0899014498	0.0053363740000000005	-0.0684831779	0.0718201482	-0.060723374800000014	0.0105933954	-0.08230424480000001	-0.06279146299999999	0.0764516682	-0.11282063810000001	-0.1105253224	-0.1494493215	-0.021357855099999996	-0.0571252913	-0.0137000482	-0.2102186264	-0.0014361753	0.011075847199999999	0.070067273	-0.0817582635	-0.024389257200000004	-0.028132574599999998	-0.07833147830000001	-0.0676005704	-0.0536995965	0.1303410483	-0.0171175733	-0.13450711810000002	-0.0408541892	0.0084895684	0.1545323227	0.0060209642	0.1317686534	0.04739917900000001	0.0801726518	0.1075431219	-0.0989941602	0.0160548112	-0.0387151067	-0.0699715351	-0.0125161283	0.029268228700000006	-0.0355318314	0.11346680949999999	-0.0589910064	-0.102968503	-0.0632860299	0.0246360829	-0.0339237035	-0.1100068486	-0.0758863985	0.1333422081	-0.082619047	0.0174934959	-0.05212335059999999	-0.0398374197	0.10072400810000001	0.028569385200000002	0.1483445644	-0.1141564985	-0.0648086866	0.06632412559999999	-0.025915424300000003	-0.055554157199999996	-0.0814080483	0.0874817877	0.05668720980000001	0.072399045	-0.2107470768	0.0792420435	-0.0064580398	0.051578730700000006	0.0826580037	0.0408098635	-0.07858083469999999	-0.0995928192	0.0040797138	-0.007654829999999999	0.009321570000000005	5.859642232889997e-05	8.689166726490009e-05	-0.0191917	-0.0058409	3.411611281000001e-05	0.00036832134889	-0.0477795	-0.014494800000000004	0.0022828806202500004	0.00021009922704000005	-0.000635272	0.00010134999999999994	4.03570513984e-07	1.0271822499999987e-08	0.000163485	9.97352e-05	9.947110119040002e-09	2.6727345225e-08	7.14759e-05	6.393259e-05	5.10880428081e-09	4.0873760641081e-09
525.6384722629047	-0.27247264692368844	0.07424134332160097	276295.80352288036	758.5705991572758	-1.097127402884894	575429.3539058283	1.203688538160952	445.20780925374083	0.05524181888313251	0.0030516585535168158	198209.99342051533	445.09085056511003	756.0716749609073	1.053159	36.550339	0.061716135	0.0333795	0.086168381	0.0193457874	-0.054259798600000006	-0.11043992820000001	0.0314500557	0.0102439457	-0.1010111344	0.002158886	0.0244535969	0.04665990230000002	0.1771871764	0.0802814975	-0.037249963500000004	0.040401076800000005	0.0150006896	-0.0102131631	-0.0886505151	0.0047136202	-0.0211346066	0.0712069524	0.1154822324	0.0242529836	0.037950578	-0.1911918652	-0.1036241374	0.0327068524	-0.1651825596	0.1241550614	-0.0800810038	-0.0757767712	-0.13434906970000002	0.0543867651	0.1110652689	0.0362028594	-0.1272982488	0.0052967961	-0.010754923700000002	-0.1542204417	-0.0260228835	-0.142840621	0.039632236800000005	0.042049033799999996	-0.2025479527	0.0490802516	0.0012066200999999999	0.1075877351	-0.012213313799999998	0.0111933857	0.0263228126	-0.1443172607	-0.1079965329	-0.0392031937	0.021304933300000002	-0.033463768	-0.0925457785	-0.0414778524	0.01747841	-0.0325293551	-0.0758353576	-0.008461484699999999	-0.1960661007	-0.0407714914	-0.0862669588	-0.0665794502	0.029755753	0.034610262200000005	-0.0445583295	-0.004637792	0.0378561003	0.089915755	0.09050989699999999	0.0920354766	-0.1596708232	0.0299122805	0.001416155	-0.10916265380000001	0.005724638000000001	-0.0705100796	0.1265728434	-0.1570226167	0.1499475095	-0.0139721621	-0.0093444653	0.055174027699999996	-0.0545466774	-0.053252464400000005	-0.19870771620000002	0.0318253275	-0.09404773289999999	-0.0766664663	-0.0008368552	0.0035260858000000007	-0.1657924831	0.032985194100000004	0.0022872536999999997	0.0179062047	-0.0302852011	0.0397215561	-0.0871464648	0.0428355997	0.018561316	0.0221668361	-0.10354694060000001	-0.12075589210000001	-0.0462890188	0.0997586794	0.0855493471	0.0135013036	0.1406458149	0.0602338695	0.0042754466	0.1430068534	-0.0434917725	0.051065530899999996	-0.0442570886	0.0582292347	0.1441654395	-0.0252655164	0.044403087300000005	0.1149676526	-0.1289284883	-0.0567078429	0.037962375699999995	-0.0277750371	-0.0979860892	0.0011538263	0.05632258740000001	0.0087092854	-0.0673080955	0.0361430717	0.0406587446	0.17819828129999998	-0.096982778	-0.0096526723	0.0671047184	-0.0016134147	0.0553851476	0.0589110667	-0.0068067514	-0.08566990099999999	-0.1178492137	-0.1524996876	-0.0134115784	-0.0594457288	0.0019101321	-0.08431990460000001	-0.0264899658	0.09387299	0.1837463457	0.085414765	0.0367815871	-0.081153991	-0.1455013262	0.0123784706	0.053582455099999995	0.0034229158	-0.0710579497	-0.18479492179999998	-0.0603822987	0.041883316000000004	-0.10733322460000001	0.0223425544	-0.0799050303	-0.1292443187	-0.006575664300000001	0.0037726108000000003	0.050267130199999996	-0.0838028104	0.0287514044	0.07826519629999999	-0.048009809	-0.10675215619999999	-0.0019300207999999998	-0.032459519	0.0871576858	0.0024158888	0.0761073977	0.0323751018	-0.09072013050000001	-0.0172614731	-0.1257430022	-0.0412626411	0.24544286489999997	-0.0344038161	0.0166402267	-0.0652066488	0.0588807564	0.0389105992	-0.08135623	-0.09693736609999999	0.0122163259	0.016375299999999995	0.024030129999999997	0.0002681504500899999	0.0005774471478168997	-0.0159311	0.003260599999999999	1.0631512359999993e-05	0.00025379994720999997	-0.047795099999999986	-1.5599999999990618e-05	0.0022843715840099995	2.433599999997074e-10	-0.00108011	-0.000444838	1.1666376121e-06	1.97880846244e-07	0.000290072	0.000126587	1.6024268569e-08	8.414176518400001e-08	0.000188247	0.0001167711	3.5436933009e-08	1.363548979521e-08
524.117001055289	-1.5214712076156047	2.3148746356032865	274698.6307951899	757.1921457469895	-1.3784534102862835	573339.9455809301	1.9001338043298848	444.7078285316536	-0.4999807220872299	0.2499807224588678	197765.05275733862	444.6377719435717	746.6924722920979	1.0761969999999998	37.349895	0.024612955	0.0146996	0.054943379400000006	0.0966073872	-0.0243084244	0.0901103309	0.0133690149	-0.039263276800000003	0.057217186600000004	0.0912847489	0.0164851746	0.0380952186	0.0954823301	0.047509864900000004	0.0334618161	0.0182670506	-0.0594322271	0.0179762327	-0.0749388283	0.047019393099999994	-0.060641386100000014	0.027216349900000002	0.0035755403999999996	0.0327573086	-0.167679352	0.0829377347	-0.12560002509999998	0.05207594	0.13946302300000002	-0.0295946389	-0.06052032650000001	0.0243260216	0.0568605775	-0.0867564503	0.0505615311	-0.1090798481	0.0711900319	-0.010018840400000001	-0.0875855475	0.0987254213	0.0422163195	0.0524168551	-0.044038487599999995	-0.0206962973	0.0465651327	-0.0250878447	0.06602556379999999	0.02167482	0.1136453182	0.1030737159	0.0218958548	0.0116141996	-0.0503312727	-0.0213706111	0.0415175168	-0.0242173809	-0.0605267767	0.10830999919999999	0.1432650489	0.06398248940000001	-0.0531045222	-0.0735537124	-0.0058118907	-0.014281701899999999	0.0082871982	-0.062315532300000004	0.0699322099	0.0845117252	-0.13473491710000002	-0.0905212172	-0.0360626213	-0.0965535505	0.07393839990000001	-0.061198608700000004	0.2020727272	0.0524150649	0.04298378	0.0865843175	-0.1013898634	-0.0485680306	-0.0533504044	0.04290212559999999	-0.051011783899999996	-0.0042824361	0.0736492494	-0.018236675600000002	-0.1612857906	0.025514186499999997	-0.0149477871	-0.0027023889000000003	0.0055400603	0.0069050859	0.0338582334	0.0010230684	-0.0230236531	-0.015192706299999999	0.0049847873	0.0341260633	-0.1049336251	0.1538636326	-0.11286241279999999	0.07362832400000001	0.14037804439999998	0.0829995911	-0.0283922391	-0.0320219126	-0.06996079059999999	0.020370092700000002	0.0238467542	0.0456188225	-0.0070330788	0.09176768029999999	-0.1338055751	-0.0587979788	-0.0779731888	9.257e-06	-0.0477778323	0.12470575910000001	-0.0855954883	-0.0862984408	-0.0652773562	0.0019687807999999997	-0.0230423305	-0.0263500604	0.049646980099999995	-0.0161271848	-0.0070049983	0.14142346449999998	0.11671232039999999	0.0430962973	-0.0027264386	-0.1070523473	0.0613649783	0.0098975474	0.0348392455	-0.0468828666	0.07264645019999999	0.1419249226	-0.09621543140000001	-0.08865349089999999	-0.0641441038	0.0284615036	0.1149343987	0.027497558199999998	0.0837642854	0.134375399	-0.037399833	-0.034526446	0.1079943074	-0.0051598555	-0.0117386157	-0.1136151074	0.0297979421	0.0252278988	-0.0234461624	-0.033955088700000004	-0.0704910976	0.143561317	0.0256591209	-0.0490982756	-0.018322926200000002	0.0087502551	-0.0219343154	0.0119434849	-0.0438980263	-0.0031788110999999997	-0.011997377	-0.0566907187	-0.023828261	0.0393844057	0.10841716800000001	0.18396420940000002	-0.0436833647	0.0363018756	0.0925978819	-0.1022828457	-0.0518833344	-0.09557642529999999	0.0168362147	0.09432120640000001	0.0404105441	0.09510134529999999	-0.1436763143	0.0083164634	0.0411186575	0.0633807493	0.15004450130000002	-0.0836759995	-0.028870453900000002	0.0369977288	-0.0840178413	-0.0939769123	0.0202846193	0.0147223	-0.0016529999999999965	0.00021674611729	2.7324089999999885e-06	-0.0185445	-0.0026133999999999984	6.829859559999993e-06	0.00034389848025	-0.0478037	-8.600000000004437e-06	0.0022851937336900003	7.396000000007633e-11	-0.000835825	0.000244285	6.98603430625e-07	5.967516122500001e-08	0.000307666	1.7594000000000005e-05	3.0954883600000027e-10	9.465836755599999e-08	4.3366899999999986e-05	-0.00014488010000000002	1.8806880156099994e-09	2.0990243376010005e-08
523.6666250481921	-0.4503760070969065	0.2028385477685528	274226.7341893639	760.886893977524	3.6947482305345143	578948.8654267638	13.651164487037928	444.26934764380167	-0.438480887851938	0.1922654890114238	197375.2532558491	444.2694830377605	738.0064926972979	1.078817	37.440796	0.03637622	0.021517	-0.0136594028	0.11975786769999999	0.11007430900000001	-0.0276582689	0.0106550081	-0.0320134089	0.0686928327	-0.0146438881	-0.1132698224	-0.0216996613	-0.081027088	0.16547680609999998	0.0113145219	-0.0551645569	0.0105934703	0.051906189500000005	-0.0670360723	-0.0015857414000000002	0.0141279354	0.029370160699999998	-0.1013033613	-0.017377444	0.0692219868	-0.05728078900000001	0.0330390906	0.0061863123999999995	-0.0419852136	-0.0271445171	0.026250893799999998	-0.0154836105	0.0090360074	-0.1025837248	-0.0002104947	-0.0753946516	0.04743996650000002	0.0901646448	-0.1552475881	-0.023517762	0.0514566938	0.051712803499999994	-0.056953351799999996	-0.13171241179999998	0.0254080361	-0.0147472519	0.022089384500000003	0.0421231863	0.0799179402	0.0030237951	-0.044780903399999995	0.052566713099999995	0.1301848639	-0.0864268772	-0.0201371906	0.0928216182	-0.0449982732	0.028365688700000002	-0.012677299	-0.0094388096	-0.0075248886	-0.1356356024	-0.0440211261	-0.0041922641	0.0439027036	0.0466519346	-0.0584354553	0.051110441900000005	0.0519880935	-0.1023866513	-0.036669957	-0.0208021422	-0.063171056	0.0388903277	0.010959159	-0.005261200400000001	0.0208618083	-0.053648231399999996	-0.0843210143	-0.12723388900000002	0.045313697699999995	-0.1140137699	0.009059553199999999	-0.0166325492	-0.0250850332	-0.043602142	-0.0706055691	-0.0124727318	0.1530111399	-0.0496963904	0.0248083734	0.0517694301	-0.0802446374	0.0035023843	0.0653565774	-0.10662828740000001	0.0968821411	0.0378139797	-0.06677372	0.1136040774	0.061161592800000004	-0.1290742709	0.0529422992	-0.0469198205	0.02380106	0.024108891099999998	0.017655455100000002	-0.0068541726	-0.10297869289999999	-0.1313638394	-0.1129576383	0.0045961486	-0.11497674029999999	-0.0642691769	0.0223001139	0.0361404345	-0.2285281109	-0.0856112331	-0.038236148500000004	0.0594750801	-0.0482325431	0.013688479299999999	0.16423911730000001	-0.0552346008	-0.0325288288	0.0913731233	-0.0162328752	0.038749728399999996	-0.0271769871	-0.0032305014000000003	-0.026903591400000003	-0.05612460019999999	0.11394034789999999	0.0331912702	0.0441402378	-0.024514202000000002	-0.0561994142	-0.0017466477999999999	0.0698685152	-0.057740172699999995	-0.11271586869999999	0.0454108384	-0.0418091441	0.0662483622	-0.0095377362	-0.06071856730000001	0.0019223917	-0.0512662977	0.031694464500000005	0.0403178934	0.017736437	-0.058419642199999997	0.09897511949999999	-0.0162919758	-0.12002813529999999	-0.0816688092	0.0125869776	-0.0297632608	0.0691590746	0.0679892108	0.0703769443	-0.0613598895	0.0018375085	-0.1071105016	0.0150277044	0.12362546529999999	-0.0013559057000000002	-0.10891391460000001	-0.1760199827	0.1020505828	0.1018539942	-0.0620931575	-0.0386566668	-0.0481206914	-0.036778517999999996	0.0185760868	-0.010694809199999999	-0.0059466981999999995	0.1400378045	-0.0677392036	0.09364954449999999	0.1115666084	0.0695578581	-0.011598663899999999	0.0046546577	0.08670906769999999	0.06454166900000001	0.0795672284	-0.1335128302	0.035071921	-0.0865619461	-0.0907207723	0.028239472999999998	0.016130000000000002	0.0014077000000000028	0.0002601769000000001	1.9816192900000086e-06	-0.000359535	0.018184965	0.00033069295205122485	1.2926541622500002e-07	-0.047805400000000005	-1.7000000000072513e-06	0.0022853562691600004	2.8900000000246543e-12	-0.000748376	8.744899999999998e-05	5.600666373760001e-07	7.647327600999994e-09	0.000204358	-0.000103308	1.0672542864000002e-08	4.1762192164e-08	0.000188247	0.00014488010000000002	3.5436933009e-08	2.0990243376010005e-08
524.9744842213424	1.307859173150291	1.7104956167933631	275598.2090834645	758.1177479347205	-2.769146042803527	574742.5197336123	7.668169806374433	444.1090237835877	-0.16032386021396405	0.025703740153906685	197232.8250060113	444.053995482156	744.0561595462192	1.115775	38.723473	0.100532465	0.0484966	0.0191388525	0.0311665973	-0.0778788071	-0.08530040929999999	0.015337406699999999	-0.0387524314	-0.043428672800000005	-0.0711570459	0.0142050675	-0.0099778722	-0.0977022175	0.048099181500000004	0.0424189226	-0.0357728725	0.08702615550000001	-0.0067495986	-0.0284752872	-0.0653506252	-0.0629798655	-0.0329909417	-0.12195676050000001	0.1168794862	-0.072815799	0.024300756099999998	0.0501071397	0.0388032235	-0.0444619443	0.0494960738	-0.07452847	0.0516341947	0.0480004717	-0.06418143059999999	0.0490600451	-0.06722953799999999	-0.0015474884	0.0023541434	0.0904251949	0.0607895538	0.0599545627	0.0839872199	-0.0325046269	-0.0353632997	0.10401994789999999	-0.059319068600000004	0.0216294046	-0.07064401099999999	-0.12755912519999998	-0.13964094359999998	0.07236614820000001	-0.0814864949	-0.0939467788	0.0314336248	-0.0793405556	0.08780653599999999	-0.0035722472	-0.014261798999999999	0.0939776883	-0.051378311399999994	0.10639703130000001	0.0153862306	-0.0472641012	0.033845115	-0.0616291284	-0.05870108	-0.012763938300000001	-0.0275184229	0.00043010849999999996	0.11043207619999999	-0.1481274846	-0.005052469600000001	-0.0432644857	-0.06338474150000001	-0.0086510206	0.1479972291	0.0038513119	-0.025047843599999998	0.0003654293	0.021759660400000002	0.0530030513	-0.1272922595	-0.0522072558	0.0500259271	-0.0800172926	-0.0034092881	-0.0818673082	0.0497377941	0.0854741418	-0.21069994579999998	-0.0306946394	-0.04065351	0.0630775116	0.0696431255	-0.0283694929	0.08091286339999999	0.06137055740000001	-0.1431043851	0.0810169162	0.0088842982	0.027005039100000003	0.0146879825	-0.0235343007	0.10950750460000001	0.1560404655	0.1011992374	0.026557457599999997	0.0085215845	-0.033212366	0.0342941327	-0.0463307401	0.0337303139	0.099437501	0.043283034299999995	-0.035452916699999996	0.0152779219	0.17263052010000002	-0.0659648796	0.0319939586	0.036768448100000004	0.1548233659	0.0070062843	-0.1228219933	0.005869339	-0.06991476719999999	0.1015035576	0.0082502072	-0.0280634958	0.0712651113	-0.0798323227	0.0941040304	0.0569885799	0.0569808775	-0.0032403783	-0.0578960061	-0.038131525	0.0036131821999999996	-0.0152262644	0.0064525862	-0.0688467754	0.11555441179999999	-0.1319540182	-0.0069450002	0.053876971100000004	-0.079222935	0.0594205631	-0.1141758532	-0.016943163600000002	0.0009260847999999999	-0.052695916399999994	0.0919750725	-0.0732256097	0.0709233067	0.1007075011	-0.12454182130000001	-0.055682124900000005	0.0325495652	0.0845626066	0.0944829623	0.0076608265000000005	0.101586875	0.060971590199999995	0.06318110639999999	0.014087903899999999	0.0048711291	-0.11514789560000001	-0.0520067712	-0.025532251699999998	0.0127071771	0.08547772210000001	-0.0485444445	-0.0949969481	0.1434691797	0.10835270539999999	0.1031836981	0.097767405	0.020171833	-0.022223486400000002	-0.0629429059	-0.0967986923	0.0385274492	-0.0453249348	0.0678935238	0.0162701731	0.0011878576	-0.0636501069	-0.077842656	0.0566397219	0.1394667653	0.033133849300000004	-0.0889849861	-0.08717919119999999	0.0360364	0.014700200000000004	-0.0014298000000000002	0.00021609588004000004	2.0443280400000006e-06	-0.0151502	-0.014790665	0.00021876377114222505	0.00022952856004000005	-0.016128999999999998	0.031676400000000014	0.0002601446409999999	0.0010033943169600005	-0.00138746	-0.000639084	1.9250452516e-06	4.084283590560001e-07	-7.05127e-05	-0.0002748707	7.555390171849001e-08	4.97204086129e-09	4.94897e-05	-0.0001387573	2.4492304060899998e-09	1.9253588303290003e-08
524.977781219707	0.0032969983645898533	1.087019821610817e-05	275601.6707743666	759.4475086119571	1.3297606772366637	576760.5183369087	1.76826345872491	444.28585469860815	0.1768309150204459	0.03126917250696816	197389.92068527272	444.2629657527295	747.9503787020731	1.128749	39.173737	0.06960335999999999	0.0302967	0.0528967209	0.0282560158	0.007374758	0.0956178398	0.11286628039999999	0.0235332491	-0.0115240698	0.0658825633	-0.0156398902	-0.0170498592	-0.0405219983	-0.1831277641	-0.0925618711	0.00887781	-0.019645790700000002	0.0534822817	0.0495738072	0.0669479952	-0.0178924875	0.09000840880000001	-0.1616288768	0.1465886335	0.0960715958	0.0414571182	0.075451776	-0.0328941866	0.0828234094	0.06636653990000001	-0.0410265082	-0.1194371365	0.0356781809	0.08974562539999999	-0.0993259326	-0.046526229599999996	-0.021383132599999997	-0.0328368683	0.0152017954	-0.0597685753	0.0732815015	-0.0903934806	-0.1172467423	-0.08015899309999999	0.08649869	-0.029597236699999998	0.12424254259999999	0.0357958071	-0.029339337400000002	-0.0158471669	-0.0767139517	0.11619383609999999	-0.13285482839999999	-0.0156630455	0.0275393546	-0.0438773899	0.0507800379	0.064754486	0.0424807358	-0.0529342475	-0.0031755185999999998	0.051771304000000004	0.0529132178	0.0261758167	0.0004045316	0.0961053174	-0.0783202735	-0.0057213178	0.0307513281	-0.09243695710000001	0.0249290275	0.0635721898	0.0639920155	-0.0795071502	-0.024014313500000002	-0.1252444476	-0.0108275104	0.1048429998	-0.0037318544	0.1700490882	0.021512911000000003	-0.0832574009	0.026049330699999998	-0.11678927119999999	0.1674159302	-0.15852496630000001	-0.0901987027	-0.053383016799999995	-0.0916487815	-0.0112558711	0.233291599	-0.0298711594	-0.0191459158	0.10170781029999999	0.0352455647	0.0631318409	0.1656806327	-0.1211893543	0.0003413888	0.040686082900000003	-0.1035795815	-0.0125982849	-0.037930146	0.0576206471	-0.0561585721	0.030600232400000007	-0.0313715844	0.0199321407	-0.0554445789	0.012371251599999999	-0.13659568490000001	-0.0824061217	0.11661003810000001	0.0075958979000000015	-0.048763180700000006	0.0097019737	-0.12363340630000001	-0.0286999073	0.0232721384	0.0156846522	-0.0739749978	-0.1491623782	-0.098645032	-0.0391411361	0.0340671415	-0.0269004742	0.055659745999999996	0.049217994400000006	0.0393146111	-0.0492998788	-0.0039565280999999996	0.024651165200000002	-0.05930884	-0.028837417599999998	0.0349662794	0.045367284699999996	-0.0932897744	-0.007653876899999999	0.014811840900000001	0.0498338949	-0.0349935668	-0.009512869	0.0956072909	-0.040692579	0.13422750220000002	-0.0390814218	0.014515209	0.2162064943	0.0856607002	-0.096991405	-0.043997444100000005	-0.0374898698	-0.046629219699999995	-0.2062265934	-0.0712904375	-0.0180884647	-0.0079138265	0.0081402261	-0.1735368265	-0.002325399	0.19394112309999997	-0.012463143000000001	0.11466955029999999	0.14628988939999998	0.0372520631	-0.0608475837	-0.0695373881	-0.1466129678	-0.0150805421	0.0068377743	0.073226811	0.044810719699999994	0.042917295700000004	-0.094999333	0.0466252086	-0.020498143700000002	-0.015903072600000002	-0.067283489	-0.0364833287	-0.09482759869999999	-0.0388310526	0.0607310344	0.1185039586	0.12849295730000002	0.0232272673	-0.021742474300000002	0.0220297999	0.0012781445	-0.11062372349999999	0.0311841915	-0.0912835726	-0.0833633121	0.043631796900000006	0.0041243	-0.010575900000000004	1.700985049e-05	0.00011184966081000005	-0.0237565	-0.008606299999999999	7.406839968999998e-05	0.00056437129225	-0.0369247	-0.0207957	0.0013634334700899993	0.00043246113849	-0.00110007	0.00028739	1.2101540049e-06	8.25930121e-08	0.000166667	0.0002371797	5.6254210092090014e-08	2.7777888888999998e-08	-1.84498e-05	-6.79395e-05	3.4039512004000003e-10	4.61577566025e-09
524.0465232977426	-0.9312579219644022	0.8672413172214566	274624.7585804515	760.2113593519272	0.7638507399700529	577921.310887705	0.5834679529527974	444.60944111139725	0.3235864127890977	0.10470816654171634	197677.55512538907	444.55351314549455	742.6956158573931	1.0851130000000002	37.659302	0.05242672	0.0276106	0.0045270133	0.0324233088	0.0792868882	-0.0892352409	0.05685800940000001	0.0474941065	0.0016151553	-0.124430314	-0.0801975957	-0.057113488399999995	0.0488022314	0.06770600780000001	-0.0695575823	0.022242218900000003	-0.0148925342	0.1942732378	-0.0249152409	0.0390826066	-0.08624912039999999	0.051199621699999996	-0.024461095099999997	0.0887158576	0.0310604419	0.1037362358	-0.0194184284	0.0460259429	0.0768210036	0.08863509650000001	0.0409287526	0.016525348999999998	0.112785335	0.0819241849	-0.06944997139999999	-0.0560243504	0.012601260100000001	-0.0734466741	-0.0628860818	-0.0050207451	-0.0854121341	-0.025014015	-0.062499962199999995	0.1165113592	-0.023104320600000002	0.0362349487	-0.0674537467	-0.0370744805	-0.0079930415	-0.032350658500000004	-0.063038706	-0.0078925161	0.0518116796	-0.0378288527	0.0864374134	0.09443868	-0.0170151423	0.1001347777	0.0133012194	-0.0651143071	-0.0008012809	0.09233009730000001	0.11310974210000001	0.008690526700000001	0.059578104800000004	0.0679007697	0.0700407351	-0.1062956958	-0.0410860938	-0.0179915109	-0.0015658907000000001	0.043655457	-0.010793933899999998	0.05646306070000001	-0.0047713892	-0.0704335112	0.0763692723	0.0094832187	-0.05929160150000001	-0.0875374431	0.0394499402	-0.0553660843	0.0088321834	0.00020827919999999998	0.0827947481	-0.07763141259999999	0.0758702622	-0.1815261104	-0.0282486867	0.08796978949999999	0.0256182846	-0.1015365835	-0.0620859786	-0.0289566138	-0.0662635062	0.0427111899	0.0242385054	0.0440316133	-0.1356009921	0.11382956470000001	-0.0855689226	0.2201379311	-0.0512949996	-0.012745480600000001	0.013467413400000001	-0.0440442488	0.0287205455	-0.06996926190000001	0.0093179313	0.0222540687	0.0916623396	-0.0744565611	0.0756451359	-0.040866703500000004	0.1564140377	0.0586659181	-0.045524162199999996	0.0170762351	0.0634278067	0.08566308130000001	-0.017903798500000002	0.0323536086	0.0647662517	-0.0303671763	0.0682362454	0.0759665789	0.013479689	0.08042004629999999	-0.0024618965	-0.0574208441	0.023228659500000002	-0.0168777991	-0.1209844833	-0.118872955	0.0365282324	0.11474232	0.0443808509	-0.0655255545	-0.0592813342	0.0212650036	-0.0805856046	0.0056511958	-0.0905723533	0.0058663421	0.0782254353	-0.015175931	-0.0161124466	0.0069383475	0.0351342376	0.0624134732	0.0499347153	-0.0231349667	0.0012433608999999999	-0.0170033181	-0.0470994636	0.0102573742	0.0402039154	-0.1592002052	-0.0948729718	0.0027011034000000004	0.0299479177	0.025335510099999996	-0.10336474119999996	0.141272023	0.011344236399999999	-0.0459279967	-0.0418723901	-0.0818348664	-0.0230210919	-0.068769234	-0.030825165800000002	0.28037815039999997	-0.11677342140000001	0.0342117938	-0.008537102900000001	-0.0247727928	-0.038326984700000004	0.0090485751	0.058990818	-0.0245584356	-0.1006365252	-0.08021929400000001	0.0508379556	-0.0491875626	-0.049013838600000005	0.0793383386	-0.0158572678	-0.040535524100000005	0.0114223637	0.0292236292	-0.0934544907	-0.0792851412	0.0509831871	0.0195834	0.015459100000000002	0.0003835095555600001	0.00023898377281	-0.00515123	0.01860527	0.0003461560717729	2.65351705129e-05	-0.028247700000000008	0.008676999999999994	0.0007979325552900003	7.52903289999999e-05	-0.000964354	0.00013571600000000014	9.299786373159999e-07	1.8418832656000035e-08	0.000164726	-1.941000000000014e-06	3.767481000000055e-12	2.7134655076e-08	-7.44998e-05	-5.605e-05	5.550220200039999e-09	3.1416024999999987e-09
524.1192044578738	0.07268116013119652	0.005282551038016631	274700.9404815545	760.1354585637021	-0.07590078822511259	577805.9153658496	0.005760929653193391	444.91879865564835	0.3093575442510996	0.09570209018507106	197952.73739718532	444.8966593083059	742.6377486613256	1.090489	37.845905	0.0369521	0.01966	-0.0235799348	-0.0403548127	-0.0978839081	0.0420491987	-0.046527254000000004	-0.012771088100000001	-0.032183985299999995	0.0571356848	0.0154660231	0.0966088984	-0.0609459967	0.128729507	0.0126413894	-0.0073990387	0.0324964546	0.0836193591	-0.013369811	-0.0027665854	0.09458642699999999	-0.0508313497	0.0008727171000000001	0.0117042576	0.0075630567	0.0005570798	0.026018084500000004	0.0561903213	-0.0185211087	-0.0911199304	-0.0289963684	0.0797363352	-0.0525042301	0.1336062176	-0.036695627	-0.029784539	-0.0017509932	-0.1058649858	0.0205410172	-0.099344246	-0.0704402028	-0.1441130229	0.059917735599999994	-0.0066402006999999996	0.10294850300000001	0.0383040965	-0.1019500511	-0.059281667999999996	0.0173294076	0.0312819427	0.1110078456	0.043028133600000004	-0.0085932152	0.013060476699999999	-0.056101795499999996	0.0197910354	-0.05038948150000001	0.0221451371	-0.0768038514	-0.06701878480000001	0.0702535093	-0.0692279794	0.09753439800000001	0.0025510135	0.00027044259999999996	0.031678813300000004	0.0980440201	-0.0162170525	0.05427738730000002	0.1265663702	-0.0572272181	-0.0036993631	-0.0750646934	-0.1003949667	-0.0554989144	0.0657428615	0.0403606904	0.0596458175	-0.0417585562	-0.15856637839999999	-0.0417697027	-0.0683847556	-0.0310103647	-0.022187139300000002	0.0838456848	0.0955050861	0.0733530909	-0.024257043	-0.028651316800000007	0.0028287226000000003	-0.0612270588	-0.0278462121	0.0728078216	-0.0319657659	0.061606532199999994	0.0107182482	-0.0019161982	-0.0720758547	-0.062318976	0.10137647849999999	-0.0124406203	0.0271515708	0.046084063	-0.0227512925	0.0018140284	-0.05176645	-0.0343543354	0.0105022274	-0.0546037059	-0.0247096469	0.17267917359999999	-0.0241344955	0.0354255354	0.029637357799999996	-0.11463097970000001	-0.10059795099999999	0.0489959127	0.0009511576	-0.0099339251	-0.09132153529999999	0.054533144299999996	-0.0244892654	0.0426589475	-0.0018952452	-0.0468953388	0.0317029481	-0.0678697277	0.016129266200000002	-0.1142451396	-0.0835109616	0.040775773599999995	-0.1018889297	0.0350445319	-0.0895982301	0.0168675337	0.07194853309999999	0.054073047400000004	-0.04785505809999999	0.0206756743	0.0007209003	0.124759284	-0.0888516292	-0.0006636996000000001	0.0533439179	-0.012281193700000002	-0.08648237130000001	-0.086910512	-0.12240642019999999	0.0788769894	-0.03791305	0.0344873429	-0.08565600109999999	0.0287600825	0.0171285197	-0.0186924078	0.1090756318	-0.030348842999999997	-0.0660222642	0.0404908598	-0.0561954135	-0.0518577105	0.0662289362	0.041167975600000004	0.0453806351	0.0732478751	0.0242857348	-0.0365272305	0.0197283762	-0.0281525518	0.1002848038	-0.0037698006	0.0928623707	-0.0332128432	0.0217410695	-0.0123700745	0.0263252349	0.0075547465	-0.0346736217	0.0286487444	-0.0038635764	-0.0626349884	-0.0313359071	-0.1597999233	-0.019184026599999997	-0.0258370402	-0.1106967471	0.0703688709	0.0893368826	0.0734517591	0.027252848	-0.0954947043	-0.0749575099	0.05804945860000001	0.00960001	-0.00998339	9.216019200010002e-05	9.96680758921e-05	-0.00738735	-0.0022361200000000003	5.000232654400001e-06	5.45729400225e-05	-0.0208866	0.007361100000000006	0.00043625005956	5.4185793210000094e-05	-0.00103811	-7.375600000000014e-05	1.0776723721e-06	5.4399475360000195e-09	0.00017565299999999998	1.0926999999999984e-05	1.1939932899999968e-10	3.0853976408999995e-08	0.000188247	0.0002627468	3.5436933009e-08	6.903588091024e-08
523.9897850327417	-0.12941942513214144	0.016749387601533963	274565.29481865885	760.5771271875279	0.4416686238258761	578477.5664008331	0.19507117327224335	445.0413113408136	0.1225126851652476	0.015009358026399081	198061.76879995095	445.0141763048911	736.4958671125647	1.0887460000000002	37.7854	0.10359986	0.0438603	-0.0780957455	-0.0824327164	0.1001628109	0.0640297249	-0.0395827912	0.0476265735	0.0774132743	0.0335479697	-0.1029910875	-0.010450049599999999	-0.05967777320000001	0.045292283499999995	-0.0611125295	0.0442151249	-0.0114006917	-0.0499984817	0.029695616600000002	-0.044071120899999996	-0.10950005300000001	-0.0731176503	-0.0441219059	-0.006506869300000001	0.0175335772	-0.0274247938	0.0481250598	-0.011421291699999999	0.0655494145	-0.0356400818	0.1417461317	-0.2053992056	-0.0977200558	0.0504508088	-0.0081493675	-0.022903367	-0.0245912704	-0.13500068810000002	-0.11490560539999999	-0.0425452867	-0.0024948389	0.021884218100000002	-0.0684818011	0.0019304634	-0.19141712	-0.005937535	-0.1132410525	-0.0531538808	-0.0120916221	-0.012947209099999999	-0.08744148730000001	-0.038172081000000004	-0.062897263	-0.0129414292	-0.0353453892	-0.0813706259	-0.047132119900000005	-0.020994149	-0.08447243970000001	-0.001761059	0.0440464994	-0.1240654372	0.0154772097	0.11881109849999999	0.0457539513	-0.0233742067	0.008076654	-0.0964794158	0.10283477949999999	-0.1104438964	0.0465788158	-0.0237250445	-0.0983496989	0.0197599262	-0.100691305	0.009052537	-0.0289718966	-0.0070787106	0.0725844861	-0.0385415675	0.0517551718	0.047784361	0.05502417019999999	-0.1447360671	-0.1061758208	0.0416730481	0.0943579365	0.029959742799999998	0.0685386385	0.024110459700000003	-0.029996548900000006	0.0152518342	-0.11899096599999999	0.0717406472	0.0736250287	-0.0784738934	0.0502076382	0.0701769614	-0.0792150524	0.1627088668	-0.0467257542	-0.1330837987	-0.024762175499999997	-2.7632399999999997e-05	0.023239448700000002	0.08634938660000001	0.1126152708	-0.0043709452	0.1245728306	-0.2687057298	0.0813853781	-0.037924053799999996	0.019618675	0.0024443773000000003	0.0279365921	-0.050322323700000005	0.028326581	0.0597872141	-0.009638941	0.06486524610000001	-0.0622991478	0.0079857035	-0.067910844	-0.0095749802	-0.0374533156	-0.07047000070000001	-0.0845393623	-0.023725714900000004	-0.08438432359999999	-0.0062380239	0.0187765495	0.0025303157000000002	0.1683397165	-0.0604496343	0.0576267387	0.037970176099999996	0.049395357	-0.11119730359999999	0.0258310025	-0.0389252796	-0.0842763859	0.059947327	-0.001141899	0.0031657218	-0.1099935299	-0.1067377989	0.02615956	-0.0186404007	-0.044730304299999996	-0.044920145300000006	0.0470598162	0.1493456685	0.1383714432	-0.0984290259	0.051919975800000004	0.0513462478	0.0310240965	-0.0232141329	0.0769013207	0.059443633600000004	0.0018043774	-0.0516382758	-0.0045035007	-0.0659371357	0.0006053525	0.1334434243	-0.086621635	-0.11760571619999999	-0.1186384391	-0.008104991	-0.0232332558	0.0344224913	0.07387142049999999	-0.1476141816	0.0062241477	0.11677929039999999	-0.07010214740000001	-0.021987954900000002	0.19814509170000005	0.0878894368	0.0062680272999999995	-0.1076293665	-0.0094568512	-0.0969571636	-0.11934738519999999	-0.0315891013	0.0316065077	0.0103011331	0.1174399581	0.0252725372	-0.0974013599	-0.07039403450000001	0.06479109400000001	-0.0120508	-0.02165081	0.00014522178063999997	0.0004687575736561	-0.0216401	-0.014252749999999996	0.00020314088256249995	0.00046829392801	-0.0486958	-0.02780920000000001	0.0023712809376400003	0.0007733516046400003	-0.000626601	0.00041150900000000017	3.9262881320100004e-07	1.693396570810001e-07	-0.00021058	-0.00038623300000000004	1.4917593028900001e-07	4.43439364e-08	0.000188247	0.0	3.5436933009e-08	0.0
523.7575186470224	-0.23226638571929925	0.0539476739351063	274321.938339286	759.2858452161548	-1.2912819713731096	576514.9947456106	1.6674091295932243	444.6466645479737	-0.3946467928398647	0.1557460910987911	197710.65629363828	444.5967991865565	733.6736337115341	1.075668	37.33152000000001	0.109789735	0.0463899	-0.0799251262	-0.0734655402	-0.08540414550000001	-0.0321877841	0.0008964597	0.0692459515	-0.075651491	-0.0308477463	0.037152074199999996	0.0192135493	-0.021167448999999998	0.0716460599	-0.0717993932	0.0210772156	0.11462145480000001	-0.1351747461	0.1220846007	-0.0294478971	0.0022803607999999998	-0.004366866	0.036884684	-0.0084845502	0.017261123	0.025004343	-0.1517114311	-0.20601885350000002	0.0803637904	0.0126825642	-0.017377853500000002	-0.0625127399	-0.0128618003	0.0056530836	-0.09424780630000001	-0.0268675782	-0.0799818467	0.1038328465	0.05606281269999999	-0.0292266548	-0.1181769166	0.0469777801	-0.0374856495	0.0116778151	-0.0387459172	-0.028663855800000002	0.0994175055	0.0781524571	0.1063691159	-0.0532239388	0.1180135653	-0.0007476417	-0.0521796151	0.0008889	0.0770775647	-0.0008739091	0.0674458354	0.0334856642	0.08723930710000001	0.013231345700000001	0.12951139890000002	-0.028634843700000006	0.04845659150000002	-0.010100560500000001	-0.1072352841	-0.0789284193	0.0582412194	0.0048607038	0.0322164496	0.0083535428	0.0184280894	0.1063871108	-0.0373463679	0.0469462955	-0.0369877132	-0.10528194699999999	0.0294306298	0.07476237349999999	0.11202398779999999	-0.0563969016	0.0076170169	0.0494694907	0.0841514077	0.0887161524	0.0326348129	0.0619221037	-0.1724102531	-0.0560860766	-0.0553088003	0.0153481654	-0.029968767	-0.0952699054	-0.0324454265	0.025000194	-0.0787057387	0.09835408550000001	0.0061691159	-0.023133902799999998	0.0934942098	0.0592053098	-0.0497789249	-0.15546493449999998	0.050426616900000006	0.0680395394	-0.0913812006	-0.0284153165	0.10688637349999999	0.15618498390000002	0.0103063291	-0.12518393449999998	0.0317595446	0.0272938508	0.0477208925	-0.0556699286	-0.0024800601999999997	-0.1118450766	0.049954225899999996	0.08867865789999999	-0.056278465199999995	-0.044265962199999995	0.1183540826	-0.035196140699999996	-0.0323744448	-0.0223379415	0.08904396099999999	-0.0159406091	0.0691107432	-0.0403467536	0.0553428617	-0.0428502142	0.1285222305	-0.0552527189	0.0196812334	-0.069554725	-0.11001897779999999	0.0157915709	0.11216347539999999	-0.0101570927	0.0172832675	0.0673650791	0.0014992383999999999	0.0074002766	-0.09852510269999999	0.0182931988	0.0881317918	-0.0892134367	0.0501720906	0.0097065877	0.0035038047	-0.083940376	-0.0038223739000000003	0.1064589009	-0.054152805199999994	0.0407567286	-0.0656043872	-0.08836816199999999	-0.0679069717	0.1076618431	-0.046476027	-0.061612078	-0.010830795800000001	0.0639103102	-0.0833228396	0.0495410967	-0.080560139	-0.0088265006	-0.057380096	-0.034486454	0.12402533869999999	0.0849256043	0.118396246	-0.0679429936	0.0537433779	-0.2114331272	0.09720434619999999	0.0308499912	0.0336100098	0.0011173895	0.10904832619999999	0.0294126712	0.016018609399999998	-0.0395597643	-0.06293736330000001	-0.0190377594	-0.1089855088	-0.0793448943	0.0543717496	-0.0640819344	0.0158101398	0.023283389100000003	-0.0991717909	-0.06560907349999999	0.07117039139999999	0.0184126	0.0304634	0.00033902383875999986	0.00092801873956	-0.0073789	0.014261199999999996	0.00020338182543999994	5.444816521e-05	-0.0322733	0.01642250000000001	0.00104156589289	0.0002696985062500002	-0.000907432	-0.00028083100000000005	8.23432834624e-07	7.886605056100003e-08	0.000280642	0.0004912219999999999	2.41299053284e-07	7.8759932164e-08	-1.25527e-05	-0.0002007997	1.5757027729e-10	4.0320519520090005e-08
524.5090715154404	0.7515528684180026	0.5648317140273276	275109.76610198943	758.465465118829	-0.8203800973258241	575269.8617779216	0.6730235040883283	444.3976425560319	-0.24902199194184504	0.06201195247068434	197489.26470935871	444.3752873408818	738.6137578607339	1.100834	38.204903	0.04600641	0.0265059	-0.0030541257000000002	-0.0061031076	0.0486626349	0.10951164699999999	0.0846404844	0.0967105391	0.0611207034	0.0436668062	-0.0327984172	-0.09066378929999999	0.0615378248	-0.1145744593	-0.0742087275	-0.127907944	0.0680133888	0.0676822016	-0.0660490832	-0.0209838037	-0.0814953131	-0.026803421	0.1021561929	0.0736388632	-0.0047594912	-0.07744694519999999	0.011275799	0.0305011947	-0.0322061407	-0.1421438166	0.0265049971	-0.0744734623	0.0003941652	0.0632994152	0.0640021534	-0.011039823899999999	-0.017423598000000002	0.05952064360000001	0.0568902777	-0.0460632621	0.057800558499999995	0.003970758	0.0665970282	0.0910376062	0.14730253029999998	0.0051087234	-0.0250378397	0.052285797	-0.1001177567	0.0317859698	-0.0767287844	0.0754261629	-0.036207356	-0.0568372919	0.1459055802	0.019627916000000002	0.048013386500000005	-0.0278247342	0.1121664839	-0.09511412150000001	-0.1047771208	-0.0706700982	-0.017457858200000002	0.0132683104	0.0071890059	-0.0964857932	-0.0230799975	-0.0033108803999999997	0.0702666707	-0.012752055600000001	0.1361159403	0.0377274308	-0.151792655	0.06345252259999999	0.038902285099999996	-0.0749756972	0.0425261546	-0.1674230227	0.0341983217	0.041924676699999996	-0.060135484	0.060013771500000014	-0.0304630488	0.0774168283	0.1380534689	-0.1197573198	0.030579539500000006	-0.0642935821	-0.0485831082	-0.0612923282	-0.0806051339	-0.0046401681	0.0278632067	-0.030825363300000002	-0.044065375899999995	0.0320926577	0.0249054867	0.0361601032	0.024866620099999997	-0.11050732619999999	-0.08460412880000001	0.0284808173	-0.1036535372	-0.0848464853	0.1115403594	0.1241368425	-0.019905721499999997	-0.0283597412	0.162402656	-0.0598864026	0.0458736016	0.0015572507	0.0017345512	0.0875792936	-3.1563400000000003e-05	0.0067111921	-0.1082281932	0.0183723064	-0.0413627112	0.0277335888	-0.0997519696	-0.0505550746	0.0018366656	-0.087864094	0.14626264	0.0210175731	0.044799655599999995	-0.0115192426	0.1107600214	-0.0829706311	-0.1091630306	0.0012341974	0.0596661451	0.0016175757999999998	-0.0322529815	-0.054238147	0.0821133912	-0.10345977449999999	0.0150362294	0.1266253564	-0.0669912512	0.1155991641	-0.056251310199999995	0.091901607	-0.0715377797	-0.032433287400000003	0.0449854858	-0.022689995	-0.1203563082	0.0153711253	-0.0714020866	-0.084784204	-0.17472971539999999	0.024805152	0.0756217639	-0.056405920899999996	-0.0160748145	-0.0344028266	-0.0220304921	-0.11273742460000001	0.08480066439999999	-0.0207693885	-0.0048525143	0.0265392444	-0.030259191	-0.09408082890000001	0.0526713693	-0.0135205787	-0.0393126789	-0.1219720048	-0.0334155918	0.0169923025	0.0823098388	0.048319090099999996	-0.09361215630000001	0.15619939019999998	-0.101563524	-0.018189891399999998	0.0326003728	0.10688804980000001	0.0290133676	-0.0648219025	0.0712097801	-0.0223832933	0.0797778349	0.0069106866	0.0910573689	-0.0011650375	-0.012931806499999999	0.0212860992	-0.1008035212	-0.0606176821	0.077151675	0.00954873	-0.008863869999999998	9.11782446129e-05	7.856819137689996e-05	-0.0292063	-0.0218274	0.0004764353907599999	0.0008530079596899997	-0.034467000000000005	-0.0021937000000000068	0.0011879740890000006	4.812319690000029e-06	-0.00109785	-0.00019041800000000006	1.2052746225e-06	3.625901472400002e-08	0.000307618	2.697600000000001e-05	7.277045760000002e-10	9.4628833924e-08	3.24821e-05	4.50348e-05	1.05508682041e-09	2.02813321104e-09
525.8808685942332	1.371797078792838	1.881827225384564	276550.6879534252	758.373891081991	-0.09157403683798293	575130.9586748396	0.008385804222804254	444.3775027177159	-0.020139838315969882	0.00040561308739340857	197471.3649216336	444.3265241799808	753.8644547680524	1.122513	38.957302	0.067108065	0.0335471	0.0740058563	-0.0318100259	-0.0044257831	-0.1326266213	0.0281031463	0.0300030094	-0.020420028899999998	-0.145322869	-0.003838829	-0.0802528659	0.1309935367	0.1214409291	-0.0522599958	-0.0018151928	-0.054780149199999996	0.010670756100000001	-0.10509116140000001	0.0399358012	-0.10470425189999999	0.0392209793	0.057530604699999995	-0.0391982035	-0.1207211134	-0.040009075299999995	0.1331287586	0.0838839721	0.028445674	0.0321051637	0.0600307946	0.0121564969	-0.0251015971	0.061533471	0.005266953100000001	0.0460738319	0.003064586	0.0377027357	0.1097904619	-0.025952775299999998	0.110577254	0.09201419429999999	-0.04646809440000002	0.0254898666	0.0235064235	0.025007259599999998	0.037461632	-0.10897934210000004	0.1493585935	-0.046354063	0.0645302183	-0.09500194	0.0720281378	-0.07556933519999999	0.0606562854	0.011658725	0.032403002	0.1380031342	0.0829796	-0.1076566974	-0.1347314121	0.0163888965	-0.063591173	-0.0075558217000000006	-0.0537612472	0.0223228149	-0.1378853625	0.0028841814	0.051879436900000006	-0.018084566599999997	0.0532961318	-0.0388822577	-0.022102706899999998	0.006471337299999999	-0.0983719215	-0.022481183199999998	-0.062158491399999995	0.08497160880000001	0.1010039703	-0.040770976699999996	0.1207347058	0.052271776	0.0159721032	0.1112828385	-0.0526998134	0.026190539	-0.0084026602	-0.051160721500000006	0.0048255113	0.030129126699999998	0.0147392953	0.0134971677	0.005870199699999999	-0.0727290368	0.019747400800000002	0.0765500234	-0.0479418945	-0.1110099918	0.0263419116	-0.0015740654	0.0743777855	0.0709063826	-0.0437733009	-0.0171222437	-0.0682468699	-0.0641778845	-0.0099679121	-0.185608679	0.0247505988	-0.010125444499999999	-0.0432919517	0.1581703794	-0.0891232325	-0.0057740112	-0.1448426824	-0.028685696299999997	-0.051993902300000006	-0.1437014084	-0.0499471765	0.031174082000000002	0.10594162439999999	0.11874985060000001	0.0563424173	-0.0730366317	0.0535220437	0.0003340726	0.0870158744	0.1417408897	0.0743930398	-0.08632529039999999	-0.1284808805	0.0878459761	0.0176711801	0.0471710887	-0.042046937	-0.0040631218	-0.09391073900000001	-0.0568120603	0.0402615935	-0.013821048700000001	0.005577189200000001	0.0803812084	0.010923306899999999	-0.0570640716	0.006386900300000001	-0.1121376042	0.059516391200000004	0.0046059113	0.0373365092	-0.0772480926	0.1161639373	0.0983332489	-0.0323989498	0.1303384331	0.011223927600000001	-0.0756431509	0.0011284674	0.0105862577	-0.0009960285	0.0661151805	-0.0694006144	0.0170508181	0.0022537228	0.09467818970000001	0.057865865499999995	-0.0494649717	0.0029033069	0.0525168317	0.059560704900000004	0.045959429100000004	-0.1268449622	-0.0039645919	-0.140955435	-0.0089570361	-0.010945273899999998	-0.0757423054	-0.11132946490000001	0.0579816808	0.0070284762	0.0901496366	0.14388702039999998	-0.015506566000000001	-0.0767398524	0.1434564309	0.0556431162	-0.0862123389	0.031588166099999995	0.1299086788	-0.1157541088	0.019281366100000003	-0.1022942687	-0.055435565	0.0827014951	0.016974699999999995	0.007425969999999995	0.00028814044008999986	5.5145030440899924e-05	-0.0208178	0.008388499999999997	7.036693224999994e-05	0.00043338079684	-0.041126300000000005	-0.0066593	0.0016913725516900006	4.434627649e-05	-0.00164555	-0.0005476999999999999	2.7078348025e-06	2.999752899999999e-07	0.000118397	-0.000189221	3.5804586841000004e-08	1.4017849609000003e-08	0.000188247	0.0001557649	3.5436933009e-08	2.4262704072009998e-08
526.6130784670344	0.7322098728011497	0.5361312978274758	277321.3344125269	759.1850257236746	0.8111346416835659	576361.9032830565	0.6579394069391268	444.6329338577598	0.2554311400438678	0.06524506730410999	197698.445870959	444.6208909293102	765.0808355515593	1.13724	39.468418	0.02138785	0.0117666	0.1370237515	-0.0392986284	-0.030993544900000006	0.08420691960000001	0.0444866943	-0.1035726979	0.0114927851	0.0457240765	0.0154619619	-0.033626522799999996	-0.006614949300000001	-0.049590368200000005	0.0536241876	-0.0697942681	-0.0161414436	0.0702646116	0.054408269800000006	0.0641351854	-0.0094349763	-0.0549506623	0.042697915	-0.114887411	-0.0124555296	0.042584551	0.0610127321	0.1243835425	0.048695918399999996	0.13136128390000001	0.0748171962	0.0701866974	0.0391012181	-0.06243597980000001	-0.0616366858	-0.0370894669	0.0168787877	-0.0186750447	0.085906303	0.0234167056	-0.009265325999999999	-0.011860595600000001	0.006674776800000001	0.0520186255	0.0546588541	0.0533106218	0.0451719527	-0.0677993186	0.0840085141	0.0806784089	0.0285164379	0.09325069679999999	-0.11751858119999999	-0.0331208754	-0.1505905554	-0.0056142427	-0.0217994031	0.04924168860000002	-0.1311107328	-0.0858240507	-0.0201278638	0.006109891	-0.17964282260000006	-0.1394872899	-0.1245045544	-0.005593475200000001	-0.06303824969999999	-0.0653340422	-0.1042965715	0.0724437664	0.0957193555	-0.05753626150000001	0.1076492963	0.0497346783	0.035372527200000003	-0.096439489	0.0420330658	-0.038172657799999996	-0.062290628	-0.0145405636	-0.021343536200000002	0.1906716934	-0.0879992871	-0.0640807454	0.019315332	0.0251449215	-0.055589586600000004	-0.027732964900000004	-0.0264726517	-0.0009200874	0.006848215	-0.0283480452	0.1250632437	-0.0159963778	0.0251687002	0.0326270956	-0.1403785201	-0.020801015	0.080851067	-0.0230892178	0.0679822503	0.0005218739	0.0312466006	-0.0480919029	-0.0579385135	-0.1533663793	0.08393962699999999	-0.0233549284	0.0070913496	-0.0286485786	0.014978456499999999	0.024257998700000002	-0.1017077893	0.0566173811	-0.052057346500000004	0.0070481525	-0.1327264497	0.07506995309999999	0.0068874829	-0.1062717999	-0.0484531728	-0.0930228842	-0.0736966861	-0.050552380099999995	-0.1302683905	0.0117275397	-0.011164318000000001	0.0754419982	-0.1276024842	-0.0690007337	-0.0403332646	0.007864781999999999	-0.0282207829	0.2362976959	-0.1529753799	0.0397092959	-0.021022037900000002	0.0205820914	-0.08686347800000001	0.042369730300000005	0.0728952512	0.14025747660000001	-0.022114586600000003	-0.0747750191	0.0912201984	0.0338307701	0.0349769806	0.0171895611	0.0017411157000000001	0.1355993966	-0.0618191968	-0.0509470486	0.0362856947	-0.021072859	0.15899249599999998	-0.0770300203	-0.11510249539999999	0.06871690309999999	0.007099641600000001	-0.0029156737	-0.0105632828	0.108493774	0.009568155200000001	0.013239665900000001	0.0397094525	0.0037687515	-0.0128305959	0.13052315609999998	0.07525333969999999	0.011147323700000001	-0.0203450445	-0.042552052400000005	-0.0702926303	-0.0079346739	-0.0511631995	-0.024616255299999997	0.0495717265	0.1672395509	0.0747657874	0.0759307521	0.0036678906	0.044039371699999996	-0.037143419500000004	-0.038438221	0.0790084808	-0.0050085892	0.1079083665	0.0341269771	0.0677168533	0.0172698908	-0.1036419483	-0.0500790271	0.087788815	0.0120997	-0.004874999999999994	0.00014640274009000004	2.3765624999999946e-05	-0.0170903	0.0037275000000000016	1.3894256250000012e-05	0.00029207835409	-0.0376992	0.003427100000000009	0.0014212296806399994	1.1745014410000066e-05	-0.00164099	4.560000000000023e-06	2.6928481801e-06	2.0793600000000217e-11	0.00030100200000000003	0.000182605	3.3344586025000004e-08	9.0602204004e-08	0.000188247	0.0	3.5436933009e-08	0.0
525.8058595308414	-0.8072189361929532	0.6516024109484829	276471.8019169669	759.7378159191251	0.5527901954504841	577201.5489375624	0.30557700018618444	444.6125141439808	-0.020419713779006088	0.0004169647108165311	197680.2877334315	444.53000649566115	758.2416623948358	1.143967	39.701855	0.13978865	0.060186	0.06558258809999999	-0.0714206543	0.09632415679999999	-0.0832797802	0.0794809841	0.0369507145	0.0399646852	-0.0742489071	-0.0906934715	0.0584422234	0.0867827752	-0.07953602580000001	-0.11059548109999999	0.074245107	0.10647214140000001	3.9226999999999996e-05	-0.0491334564	-0.0269816479	-0.015197851200000001	-0.0722752035	-0.0791809394	0.0051197251	-0.0759564789	0.0277344352	0.020302204299999998	-0.0082950054	-0.006875750600000001	0.0417078563	0.0369144614	0.0279052881	-0.077934645	-0.0990217784	-0.028745242	-0.0583222052	-0.08700266470000001	-0.0404598924	0.020145917	-0.0427931111	0.0118385724	-0.08228465530000001	-0.057280646	-0.17857571649999998	0.0026262484000000004	-0.0082644696	-0.0008132511999999999	-0.0356801039	0.0634137354	-0.0004904165	-0.11034751429999999	-0.0834464753	-0.029574830299999997	0.0112424803	-0.0167290257	0.1092202446	0.0923291166	0.1076226599	-0.16230681619999998	-0.014492258700000003	0.0418678603	0.049730230099999995	0.0705996295	-0.1428506243	-0.1545039408	0.0470554431	0.09863744890000001	0.0221835935	-0.0205884046	0.08531412710000001	-0.0754138167	-0.0174559689	-0.1611895451	0.0112886098	-0.1154819457	0.0714760314	-0.04587674480000002	-0.036621845800000004	0.0582017158	-0.00151336	-0.0950823262	-0.049024697400000004	0.038658879199999996	0.0326355004	0.049937576399999996	0.1290855417	0.009351921800000001	0.0878005368	-0.0072192698	0.1595592686	0.09472686699999999	0.0435968785	-0.1614366616	0.0480063529	0.0902122049	-0.0627906791	-0.0643695358	0.1189261203	0.0920519317	-0.09681804710000001	0.08916549539999999	-0.047417968399999996	0.0055266568999999995	-0.0725283863	0.0374444903	-0.029120669	0.021771342200000002	0.04483390599999999	-0.017740011200000003	0.2334877061	0.012232261299999998	-0.0212593713	0.0419856662	-0.015336012	-0.0917306548	-0.0036487836	-0.042902714	-0.0163862139	0.0269270517	0.0959063547	-0.0582275189	0.0690559637	-0.0612889425	0.0209616026	-0.00396409	0.0823236194	0.1038524102	0.0477036942	-0.2066809563	-0.020006005	0.042887415400000004	-0.1023409134	-0.1154728925	-0.017872524	-0.1681207835	0.1040130068	0.0318478485	0.0571706705	0.024420276299999998	-0.0729665639	0.09535308140000001	-0.0645184664	-0.0601530821	0.005285176999999999	-0.10618290529999999	-0.13277755970000002	-0.0414623618	-0.0385002355	-0.027087396200000002	-0.0706838122	-0.07635258639999999	-0.021339476899999998	-0.0436800873	-0.025984297799999997	-0.0560814449	0.08784860859999999	0.006702468499999999	0.0143160895	-0.1693706729	0.1145177975	-0.120175307	-0.09779289	-0.10403579369999999	-0.0793913897	0.0224590435	0.1535405453	0.034197828300000004	-0.007929861600000001	0.032997458	-0.035647235299999996	-0.04463715150000002	-0.09790827199999999	0.0631881917	0.0421540237	-0.0689387984	-0.018890558999999998	0.0933202805	0.09141669720000001	-0.2390901975	-0.0029008483000000002	-0.0437225612	0.0372983883	-0.0639567492	0.0393045391	-0.007245141899999998	-0.0433737929	0.050841354500000005	-0.025605981200000003	-0.0541483485	0.0152523765	-0.1048446753	-0.044564922	0.0923851842	-0.0202604	-0.0323601	0.00041048380816	0.00104717607201	-0.0236699	-0.0065796000000000006	4.329113616000002e-05	0.00056026416601	-0.07442369999999998	-0.03672449999999999	0.005538887121689998	0.0013486889002499991	-0.000909665	0.0007313249999999999	8.274904122250002e-07	5.348362556249998e-07	-0.000112363	-0.000413365	1.70870623225e-07	1.2625443768999998e-08	5.0448e-05	-0.000137799	2.5450007039999998e-09	1.8988564400999997e-08
524.9805250978818	-0.8253344329596075	0.6811769262287569	275604.5517320477	760.4686471746585	0.7308312555334169	578312.5633356553	0.5341143240645505	444.67405316078094	0.06153901680016816	0.003787050588731378	197735.01355443703	444.6199157744428	751.8603208775862	1.086101	37.693615	0.05938007500000001	0.0331386	0.0353770214	-0.0641443467	-0.0781045103	0.0433301152	0.0885992692	0.0657254257	-0.047601736	0.0842796417	0.014886933400000003	0.046623493099999996	-0.027753642599999996	-0.0356969283	-0.1093598899	0.056014083799999996	-0.1199011423	0.0795120971	-0.0588411821	-0.0246920809	0.0762816811	-0.012889568700000001	0.061848701299999996	-0.061227286299999996	-0.032650122000000004	0.059068618899999994	-0.0091530661	-0.0636685756	0.0256908057	0.14586786599999998	0.0784841756	-0.0648288028	-0.0251887974	0.016003484199999998	-0.12514167	0.0422826574	-0.00037816269999999994	0.0393158065	0.0906779216	0.052141518899999996	-0.1404823953	-0.1300358444	0.05792032690000001	0.0363104287	-0.0785540363	-0.048224925	0.0018233982	0.1561950661	-0.09223592609999999	0.0479056685	0.0601599699	0.0056163548	-0.05936140230000001	0.012039685	0.0625850467	-0.09976796619999999	-0.0451389504	0.0711317521	-0.095944531	-0.0180783033	-0.0818485546	-0.0091309802	0.0348580641	-0.09952436529999999	-0.0310297048	0.0622124255	0.0742075675	-0.044683451500000006	0.025014073199999997	-0.0493060933	-0.0006313239	0.04214466309999999	-0.0063460525	0.0260688831	-0.0175238613	-0.0487797797	0.10519970029999999	-0.0190910474	-0.1215098992	0.0629695194	-0.058038621900000004	0.0624510553	0.0417810581	-0.0193903186	-0.1003785373	0.1116125419	0.1051905832	-0.0040761378999999995	-0.040960905	-0.1813333336	-0.0346450888	0.046580547199999996	-0.2045565185	0.0722630186	0.0419452938	0.16911864640000002	0.030316137200000006	0.0977652944	0.0392791698	-0.1183340351	-8.275610000000001e-05	-0.0200018775	0.03535443	-0.0395562811	0.0235969327	0.1131386234	0.0018906259	0.0399761773	-0.0467273835	-0.0176174311	0.0136764417	0.08707036900000001	0.0177546485	0.1336085539	0.1389620097	0.043008441200000004	0.09184896449999999	0.0007587830000000001	-0.0828724225	-0.07577280019999999	0.016404498400000002	-0.0165906104	-0.038119294	0.0020353386	0.0833555432	-0.10895149960000004	-0.057257605999999996	0.0828489791	-0.1084614473	0.0031571528999999997	-0.0726528709	-0.078010171	-0.0426569465	0.0009960459	-0.034025024300000005	0.0905990863	0.008454815899999999	-0.0408718629	0.055841716900000005	-0.0111968924	-0.047174753099999994	-0.0010382225999999999	-0.0142633332	-0.00303779	-0.0412576827	0.0450332262	-0.0866298079	0.0824791139	-0.05009224	0.1575813317	-0.0552673079	0.0996434901	0.0262003033	0.0614191122	0.010051364	0.1915459068	-0.0632918158	-0.0023135597	0.0879449177	-0.0296384361	0.12498704570000001	-0.0199684494	-0.11458559980000001	0.0248335659	-0.1083628366	0.07703287589999999	-0.0997090439	-0.0288845269	0.0331081841	-0.1238158984	0.05246699	-0.1393825173	0.013912715400000001	0.024724973100000002	-0.061133129	0.0718270924	-0.0240808781	-0.0401193812	-0.06671803	-0.061439497999999995	0.1039694181	-0.0966943209	0.0734232346	-0.1142155453	0.0647395513	-0.0038929696000000002	0.0263469744	-0.0187393672	0.022986914700000003	0.0132295288	-0.1059007676	-0.0389105992	0.09646489789999999	0.0101082	0.030368600000000006	0.00010217570724000002	0.00092225186596	-0.0183105	0.005359399999999999	2.8723168360000006e-05	0.00033527441025000003	-0.0867388	-0.012315100000000023	0.00752361942544	0.00015166168801000057	-0.000909665	0.0	8.274904122250002e-07	0.0	-2.34225e-05	8.894049999999999e-05	7.910412540249997e-09	5.486135062500001e-10	0.000188247	0.000137799	3.5436933009e-08	1.8988564400999997e-08
524.8106912619778	-0.1698338359040008	0.028843531817867075	275426.261662875	760.4097404144233	-0.058906760235231566	578222.9733171306	0.003470006401411058	444.4257364550058	-0.24831670577515294	0.06166118636702389	197514.23522357424	444.45435614805314	751.7836184765248	1.065539	36.97997700000001	0.130811425	0.0691682	0.0260511298	-0.039958969500000004	0.09074080150000001	-0.0207187981	0.10338756880000001	-0.04268678309999999	0.027232775499999997	0.0016234882	-0.08757052439999999	0.0420814258	-0.007755168499999999	-0.0030681263	-0.0329114791	0.0036315084000000004	0.0889952718	-0.027455080299999997	0.06682336400000001	-0.0410449054	0.0857167382	0.0145756502	0.0797808349	0.0055525873	-0.0679810652	0.0786805456	-0.0652261074	0.010185190799999999	-0.0644859909	0.0034585759	-0.035362024900000004	-0.0459392263	0.09314486710000001	0.021265947799999997	-0.0320274984	-0.09210156929999999	0.0032420621999999996	0.0028630892999999998	-0.0737851949	0.12239396779999999	0.057788628099999996	-0.0893054971	-0.0655988183	0.1359698476	0.09267959529999999	0.0741000982	-0.0157599409	-0.0246367111	-0.21182319100000002	-0.0600464246	-0.0685455844	0.0347838219	0.0467862712	-0.0464906639	-0.0191265415	-0.0345464273	-0.1166101312	0.0363753292	0.0412541767	-0.21080299449999998	0.025428629900000003	-0.053780074299999994	0.0545138617	-0.029557681000000002	0.0908585217	-0.0035085838	-0.0128719392	-0.028219839	0.1495573404	-0.0642965601	-0.0960709408	-0.1098036449	0.1304932019	0.0776799179	0.0568377706	0.0575065872	0.05049075980000002	0.0184902501	-0.093525574	-0.0484249871	-0.06536178769999999	-0.09602125339999999	-0.0139789709	0.00275931	-0.0658083953	0.0045197695000000005	-0.0091253598	0.0345619781	-0.0543825151	0.12485818119999999	-0.1450820967	0.0580850101	0.0071848083	0.0974045999	-0.0759343548	0.1377897504	-0.0887000349	0.022654992000000002	0.0595867928	0.0072127276	-0.0661817309	0.0705856751	0.07797072990000001	-0.038874416	0.0628844149	0.1115356748	0.0767360604	0.1317648467	-0.017986443600000002	-0.0014773357999999998	-0.052261168	0.0878587957	-0.0026414967	0.028902309100000002	0.0036908792	0.0155004551	-0.0015844985000000001	0.054046604299999995	-0.0719374643	0.10179376289999999	-0.024455518500000002	-0.0234073527	0.058016918	-0.0496832196	-0.024762913900000003	-0.0116688937	-0.10760226199999999	0.0433240442	0.0045602277	-0.2252824913	-0.0227012964	-0.058619368099999986	0.0298532889	-0.0485812053	0.0830398331	-0.0648507508	-0.034519382200000004	-0.0619790684	0.0900493725	-0.1400491626	0.0024139272	0.046004330999999996	-0.006451024200000001	-0.0022357675	0.0842887555	0.1418864028	-0.019743306699999998	-0.039028371400000005	0.0287079574	0.0592026015	-0.0344943427	-0.015358182199999999	0.09700295240000001	0.0161910392	-0.0135791279	0.0264592931	0.1122453752	-0.0480599992	-0.0018258476999999998	-0.1691382108	-0.1129482384	-0.0692690292	-0.062478862	0.023185472999999998	-0.0806826449	0.0222543933	-0.11428882259999999	0.038885740499999995	0.1485053717	-0.0243957156	0.10589510490000001	0.019782430900000002	0.0338281523	0.0183296339	0.0691373704	0.141053362	0.0820976357	0.0204861135	-0.056015372	-0.007047199000000001	0.12718583890000001	0.012238576000000001	0.0339642698	-0.0129785592	0.0340053596	0.026162927599999997	0.0919136493	0.0529286632	0.0559325242	0.011202055	-0.1068087481	-0.033133849300000004	0.1000051409	0.0345575	0.0244493	0.00119422080625	0.0005977682704899997	-0.0236363	-0.0053257999999999995	2.8364145639999987e-05	0.0005586746776899999	-0.0383139	0.048424900000000014	0.0014679549332099998	0.0023449709400100013	-0.00187822	-0.000968555	3.5277103684000008e-06	9.38098788025e-07	-0.000107096	-8.36735e-05	7.001254602250001e-09	1.1469553216000003e-08	0.000188247	0.0	3.5436933009e-08	0.0
524.5926539417738	-0.21803732020396185	0.04754027300172498	275197.4525696737	759.6948465633783	-0.7148938510449625	577136.259894955	0.511073218261897	444.13104438501495	-0.29469206999084463	0.08684341611548888	197252.3845865241	444.1038800711546	751.2186433731835	1.07477	37.300373	0.10268655	0.054357	0.046482746500000005	-0.0097692373	-0.1005975434	-0.0259811494	0.0298638507	-0.0919539368	-0.0328299114	-0.0029023127	0.045019265	0.0564277991	-0.023221003100000002	0.0712844654	-0.0669906285	0.0167964923	0.0283807081	-0.0587055733	0.1261109033	-0.0933452017	0.0209132169	-0.1309479675	0.0055421627000000005	-0.043309151100000005	-0.051019675800000004	0.0784506746	0.0102226425	-0.015206153899999996	0.0416452228	-0.0430051637	-0.0208183648	-0.0908163892	0.159629735	0.027339498900000002	0.023757228199999997	0.0121192991	0.046837730099999995	0.060477928499999986	-0.0755111361	0.0782339029	0.0092879498	-0.0105912479	-0.05062225730000002	-0.0602652984	-0.088050929	0.1160714787	-0.12906165890000001	0.0123919027	-0.1218272447	0.031243396800000007	0.1153835578	0.059360763899999995	0.0071689621	-0.022149232999999997	-0.0887242383	0.09426737439999999	0.04798921	-0.0790869443	-0.064835904	-0.0210299304	0.046774977	0.0024968361999999997	-0.0389737893	-0.010080628000000001	-0.0782472773	-0.0824601549	0.0033343164	0.08719864960000001	-0.0034338759999999998	-0.0247623177	-0.0526332492	-0.0509978779	-0.11547619710000001	0.051307022300000005	0.0416793247	0.1013555624	0.0115324323	0.0579659032	0.015425836299999999	-0.042984570199999995	-0.069463434	-0.0419616668	0.0346282132	0.060757020700000004	0.011843382900000001	-0.0195729958	-0.0996456501	0.20500514	0.0103120209	-0.0909005657	0.0679690005	0.011331736799999999	-0.0597609704	0.054607520199999995	-0.0817247809	-0.0091477851	-0.09281882820000001	0.1031319468	0.0838275055	0.0120503524	-0.0595961283	0.0864967745	0.0578744058	-0.0115340393	-0.0436122188	0.0242200226	-0.0806320517	0.0220151953	-0.0616817771	-0.1721084466	0.0313246535	-0.1969570761	-0.0751841835	0.0408210546	0.049869588799999996	-0.0236279214	-0.0865638273	0.0221049963	-0.0160296287	-0.0989064572	0.0556240382	-0.035113752799999995	0.060141261200000004	-0.023487997000000004	-0.0765253605	0.09957381400000001	0.0231908796	-0.10778528720000001	-0.0774888168	-0.029140647000000002	-0.0120147843	0.0087234545	0.021231557400000003	0.0135220049	-0.0812333967	-0.09427578619999999	0.0487060199	0.0942738304	0.060357138899999996	-0.0974145014	-0.0020309348	0.0076774117	-0.0666199881	0.063255885	-0.089551776	0.0199412004	-0.0713078171	-0.0669255708	0.079296508	-0.0396229823	-0.054646529400000005	-0.0344713136	-0.0245227371	-0.024046684300000003	-0.0705525051	0.04468523940000002	0.08635008970000001	0.2121117398	0.026550159	0.08979823390000001	0.0413479472	-0.0773595277	-0.065698045	-0.0800468984	-0.08669966550000001	0.0027931554	-0.0111967643	0.0216943888	0.1408982475	-0.0477668281	0.0546089339	0.0370323678	-0.0353984347	0.0124264805	-0.0157534342	0.053102666900000005	-0.0720326239	-0.0581584916	0.1271044546	-0.0140973282	-0.0514886976	0.10150587130000001	0.0497662711	-0.1357060968	-0.07429690139999999	-0.0577023141	0.0557592897	0.07885164780000001	-0.052059174900000005	0.0091706641	-0.1075673469	-0.027252848	0.10298611449999999	0.006654600000000001	-0.0279029	4.428370116000001e-05	0.0007785718284099999	-0.0237173	-8.100000000000121e-05	6.561000000000196e-09	0.0005625103192899999	-0.0557812	-0.0174673	0.0031115422734400004	0.0003051065692900001	-0.00100198	0.0008762400000000001	1.0039639204e-06	7.677965376000003e-07	5.56682e-05	0.0001627642	2.649218480164e-08	3.09894849124e-09	8.25442e-05	-0.0001057028	6.81354495364e-09	1.117308192784e-08
525.0795446353502	0.4868906935763562	0.23706254749126515	275708.5281944667	758.8426797090344	-0.8521668543438636	575842.2125479882	0.7261883476423157	444.5189797642526	0.3879353792376605	0.1504938584642675	197597.12337065203	444.44490256336564	746.9171331709475	1.102557	38.264717	0.0594928	0.028479200000000007	0.0449261288	0.0042843288	0.0830920708	0.0713060576	0.1505663026	-0.023601510099999997	0.0357610789	0.09430736210000001	-0.0170484485	-0.0672990101	-0.1075801997	-0.05739301	0.0919805422	0.029792316800000006	-0.0055418948	0.0328179433	0.0876972401	-0.0093223591	-0.0523471875	-0.08402070980000001	0.0738477962	-0.0401318458	-0.0476328797	-0.0205288848	0.0116976315	-0.050028476100000004	0.0359855256	0.0080750764	-0.0131077718	0.0509180029	0.06814313179999999	0.0766923501	0.0597464716	0.0276136043	-0.0314931377	-0.0689847765	0.0901423001	-0.0969011682	0.10632994230000001	-0.025339220699999998	-0.0252514675	-0.028888531800000002	-0.1448833333	0.1076298284	-0.0183005272	-0.08484094240000001	-0.046786878399999995	-0.09334262880000001	-0.1397255231	0.0837762706	-0.0707114831	0.054771598	-0.051224049199999996	0.0482421867	0.0876346788	-0.047788463600000004	-0.122457422	-0.0025825801	0.1385792984	0.0728299254	-0.004541611	0.0690934262	-0.043971127199999994	-0.0897307557	-0.1408832392	0.0311415425	-0.0571974033	-0.0032366705	-0.07622731860000001	0.030921031600000006	-0.0543072108	-0.0055398515	-0.0236945244	0.098802112	0.0262756027	-0.0267831181	0.0733993518	-0.004961612	0.0852327773	0.11834124539999999	-0.089559291	-0.0556539084	0.0626793781	-0.049984634400000005	-0.0681238316	0.048721534000000004	-0.1850434403	-0.0128315447	-0.0280874931	0.036898324100000005	-0.0994133542	-0.1571040096	-0.0377801018	0.004572655399999999	0.1060870325	0.15173507039999998	-0.125986626	-0.0670284883	0.053850048600000006	0.0445070213	0.0408908355	-0.020982100099999998	-0.0411075891	-0.045051805	-0.0278336511	-0.21726906140000002	-0.1032928128	-0.0874858257	0.1340755276	-0.032052546099999996	-0.011032880200000001	-0.0276004949	-0.0531898292	-0.062073467199999996	0.047594153300000004	-0.0094836721	-0.0859655204	0.11115428720000001	-0.0726674257	-0.14059313439999999	-0.0703538363	0.046001713099999994	-0.0465543254	0.0395917986	0.0461378299	-0.10893503310000001	-0.1184019268	-0.0184880055	0.117320665	0.1231217658	-0.012388753999999998	-0.0257180305	-0.0776317096	-0.11137980980000001	-0.061201494400000014	0.0061833188	-0.016762952	-0.0158315583	-0.0087744271	-0.07056775929999999	-0.04926461309999999	0.0099843724	-0.021766817799999998	-0.0333285267	-0.027514547799999997	-0.07003084820000001	-0.0020357182000000002	-0.0613156854	0.1172253439	-0.0268216328	-0.0085084384	-0.0532803292	0.17549690350000002	0.0320397387	-0.0374368788	0.1502879795	-0.0520726021	-0.0842749907	0.0413787191	-0.0317617562	-0.0640457203	0.0726888873	-0.1035495365	0.0418802073	0.1646639346	-0.022810094500000003	-0.1318873387	-0.0675097213	-0.0002260473	-0.0293996163	-0.1275917021	0.09852864630000001	-0.0336296456	-0.100785408	-0.20488003870000002	0.0275703655	0.0541606087	-0.051356649500000004	-0.0924125563	-0.0213753413	-0.0933872874	-0.0504003628	-0.0874412258	-0.0717980875	-0.022885346	0.0863303043	0.023285970099999997	0.0071360664	-0.108175503	-0.0212860992	0.105391148	0.00890458	0.0022499799999999995	7.929154497640001e-05	5.0624100003999985e-06	-0.01784	0.005877299999999999	3.4542655289999985e-05	0.00031826560000000007	-0.078932	-0.0231508	0.006230260624000001	0.0005359595406399999	-0.000688621	0.00031335899999999987	4.741988816410001e-07	9.819386288099996e-08	-2.99189e-05	-8.558709999999999e-05	7.32515168641e-09	8.951405772099998e-10	-8.280409999999998e-05	-0.00016534830000000002	6.856518976809996e-09	2.7340060312889998e-08
526.2360985262928	1.1565538909426325	1.337616902654542	276924.43139217416	759.0906340241647	0.2479543151303005	576218.5906632084	0.061481342391736374	444.93252934586235	0.4135495816097432	0.17102325644959365	197964.95567010663	444.8832563464051	755.1761274215444	1.14687	39.802635	0.13529062	0.0686041	0.0784950116	-0.0253683045	0.046970293200000006	-0.15479756390000002	0.13799976560000002	0.06284287969999999	-0.023058452099999998	-0.1317112118	-0.0415196148	-0.0832148422	0.0920127808	-0.0154233267	0.0508960657	0.0275455851	0.0880331001	-0.012358791599999999	0.016426553700000002	0.0460981896	0.0468449762	-0.06170210440000001	-0.06497176240000001	-0.0145936452	0.0428963762	-0.0385206841	0.0142432551	-0.0732555791	-0.0707573492	0.0547458037	-0.07788881339999999	0.1243220652	-0.0681937641	-0.0129353478	-0.050671538099999996	-0.058613658799999996	0.0345623091	-0.0392865746	-0.040056572400000004	0.0245527561	0.1574988412	0.0645830043	-0.0787948787	-0.1266569849	0.015290963500000001	-0.08919430910000001	-0.0948921476	-0.044095960499999996	-0.0127563868	-0.0197125045	-0.0171109186	-0.1217088288	0.005071365	0.0366243369	0.0700154009	0.0072729105	0.0744762235	0.0413434636	-0.082425599	-0.1167619322	0.042993194400000004	0.0029647953	0.0022064181	0.07513258269999999	-0.0118532867	0.0629227088	-0.041964831699999997	0.0570929927	-0.0393054915	-0.0059958539000000005	0.019996568899999997	-0.0017534304999999998	0.1391019583	-0.0619633596	-0.07095089339999999	0.047352909900000004	-0.1492689788	-0.1514788181	0.0812099663	0.0492794325	-0.10274175869999999	-0.11946109740000001	0.010673061499999999	-0.09334665269999999	0.0791046894	0.057874463099999995	-0.0132401953	-0.2005349835	-0.0121963223	0.0008311916	-0.06488543690000001	-0.1185305973	0.0390409323	-0.070850107	0.2004856787	-0.10968681220000001	-0.037559779	0.0621081871	0.09112281109999999	-0.0418696485	-0.0600040587	-0.14215302330000001	0.0473568297	0.048600190999999994	0.0578800197	0.1133732643	-0.1187406208	0.0147700911	0.0102326026	0.0751703772	-0.030728496400000006	0.0443316202	-0.0339918439	0.0794438703	0.049011435	0.0643968176	-0.0385912387	0.0329347953	-0.0334566883	0.0432871968	0.0297122053	0.0994981182	-0.0558180738	0.0208375293	0.0717992766	-0.0035005875	0.0716908258	2.4413200000000002e-05	-0.0824259541	-0.1002187366	0.0158192047	0.08705171710000001	0.0187235093	0.0046150235999999996	0.0111149179	0.0031047636999999998	-0.0839151898	0.0392438497	-0.0150038432	0.0490911812	0.026419592000000002	-0.0806692597	0.1067349928	-0.1428490934	-0.014441914699999999	-0.046782332999999995	0.1102703775	-0.10049273449999999	-0.1124368093	-0.04657225190000002	-0.048320544900000005	-0.07350859530000001	0.043476013200000004	-0.1153749265	-0.0941727609	-0.0457923703	-0.11932187050000001	-0.17871640879999998	-0.0637590754	-0.1224955373	0.0508751604	0.1464789317	0.012923768600000001	-0.0892197526	0.0111957316	0.1692808184	0.12057833789999994	0.0519199805	0.0425836805	0.0008650416000000001	0.013264328300000001	-0.0345820852	0.1849777511	-0.0034604959000000004	-0.033035293	-0.0481656229	-0.0262629853	-0.1043609018	-0.055513429100000004	0.023403847000000002	0.0410280193	-0.0670469096	0.0677953638	-0.0122579074	0.0725099515	0.08623421449999999	0.1341263522	0.0920742111	0.054339567199999994	0.0050989734	-0.1086323659	-0.0152523765	0.1072067914	0.00956065	0.0006560699999999999	9.14060284225e-05	4.304278448999999e-07	-0.0455542	-0.027714199999999998	0.0007680768816399996	0.0020751851376399994	-0.0550735	0.0238585	0.003033090402250001	0.0005692280222499999	-0.0017991699999999997	-0.0011105489999999995	3.2370126888999987e-06	1.2333190814009994e-06	0.000249717	0.0002796359	7.819623656881001e-08	6.2358580089e-08	0.000188248	0.0002710521	3.5437309503999993e-08	7.346924091440998e-08
527.2860451471754	1.0499466208825652	1.1023879067027171	278030.5734069491	759.74750163456	0.6568676103952384	577216.2662399557	0.4314750575863507	445.37097105114935	0.4384417052870049	0.19223112893497685	198355.3018550437	445.35562136421134	762.6592960123731	1.076048	37.344711	0.06272235	0.0322913	0.1359646481	-0.0295923566	-0.1126664459	-0.010850773999999999	0.08885232800000001	-0.0200982242	-0.0314537116	0.0660605064	0.026057987	-0.058424918	0.0234350669	0.0878637835	-0.0331481944	0.0196229235	0.0897620263	0.0701733051	-0.008238152700000001	0.1041138149	0.0302151779	-0.021571300499999998	0.0110265201	-0.1620217507	-0.1518186861	-0.0781361083	-0.064913888	0.0258413126	0.0120715208	-0.0660087338	-0.0520107192	-0.0187549457	-0.0199857233	0.0966443158	-0.06246986650000001	-0.0179317128	0.0619583418	-0.0852630187	-0.0029056871	-0.0032422579	0.013688473100000001	0.04711858360000002	0.023397292099999998	0.114689234	0.043054805999999994	-0.1300835233	0.0678124237	0.0531319297	-0.0203947843	0.10002608789999999	0.09220396869999999	-0.0146453894	0.0406677985	-0.0157327804	-0.027568767400000003	-0.051873668899999996	0.08876664869999999	0.0357180987	0.0269975436	-0.0514298427	0.0280256644	-0.1458283742	0.069246033	-0.0017422278	0.18518931440000005	0.081925243	-0.048145144400000006	0.1314973243	0.019180163400000002	-0.09252253369999999	0.09610407619999999	0.050014509400000004	-0.1020374673	-0.0950146441	-0.1075711276	-0.0058022581999999994	0.10916294970000001	-0.024140669700000002	0.0377672848	0.0746766938	0.054050242400000004	-0.036592051699999996	-0.082813228	0.0312231991	-0.0250859011	0.1485492645	-0.062064733399999995	0.018847381	-0.017704332	0.0151665111	-0.024188681099999998	-0.1007316361	0.0768310262	0.0066923697999999995	0.0459792912	-0.0039782908	0.1160576441	-0.09620192279999999	-0.1667273667	-0.007423982900000002	0.09179978949999999	-0.072666303	-0.1199860967	0.0394373632	-0.0346091699	0.0770639734	-0.1370770012	0.08156491219999999	0.1428957605	-0.0841315474	0.071962648	-0.0168515758	-0.0594444261	0.052375255999999995	-0.0073702620999999986	-0.098920497	-0.0344216997	0.050115552300000005	-0.10172132060000001	-0.1249238669	0.0072801049	0.0456191479	0.053605726500000006	-0.0161556794	-0.0103356769	-0.0638632854	0.0788675694	-0.0046397092	-0.0096603684	-0.08805900900000001	0.0119422626	-0.1242420017	0.10036552210000001	-0.04341518269999999	0.1698539521	-0.0551498944	-0.0704569087	0.0043854288	0.0532227355	0.1237188352	-0.1448638726	0.0164256978	0.0434923475	-0.0347873449	-0.0173632003	-0.160775991	-0.0935329547	0.041278210600000004	-0.07909950860000001	-0.1147531046	0.0370596628	-0.0770091431	0.0230901464	0.0682047408	-0.024255206	0.0748267931	-0.0417340183	0.051014900099999996	-0.014913068400000003	-0.0267497011	-0.0919304423	0.1144816962	0.11734548	0.034745720099999995	0.0237143586	-0.065051539	0.0306948589	-0.0416750924	-0.1071546349	-0.048469945	-0.0828379555	-0.1266884086	-0.0393816574	-0.1087111653	-0.0275288877	0.0651627909	0.04479589849999999	-0.222905661	0.043099079000000005	0.0655202533	-0.08630429210000001	-0.0370982541	-0.0699311304	-0.0884900344	0.0111277641	-0.0034591833000000003	-0.0226297033	-0.06666980389999999	-0.0919693765	0.0030600974	-0.1089372966	-0.0091706641	0.108422891	0.0283582	0.01879755	0.0008041875072399999	0.0003533478860025	-0.0288376	0.016716599999999998	0.00027944471555999993	0.0008316071737599999	-0.0531891	0.0018844000000000085	0.00282908035881	3.5509633600000322e-06	-0.00145488	0.0003442899999999997	2.1166758144e-06	1.1853560409999981e-07	0.000411903	0.00016218600000000004	2.630429859600001e-08	1.6966408140900006e-07	0.000188248	0.0	3.5437309503999993e-08	0.0
527.0748624969904	-0.21118265018503732	0.044598111739175855	277807.9106762213	757.9690281768173	-1.778473457742621	574517.0476753089	3.162967839894993	445.6980279196794	0.3270568685300645	0.10696619525269192	198646.7320914913	445.68242284793837	768.3801572388222	1.101329	38.222092	0.06815005	0.0383198	0.15783275060000002	-0.0278030673	0.0657539531	0.060146294	0.0046899717	-0.18474579510000005	0.1199428927	0.1019219405	0.0139786415	0.0392325904	0.1054054796	0.10044871050000001	0.11921708210000001	0.0110547263	-0.0009542079	0.0043421613	0.0227357292	0.0048627526	-0.025681150299999997	0.0502261217	0.2142191817	-0.0209244233	-0.09657143779999999	-0.0389245437	0.0196099822	0.1249981068	-0.0224492494	-0.082746912	0.0203086845	0.0187232209	0.0074356273	-0.0050490492	0.0710527612	0.0212364884	-0.0585940995	-0.0361929725	-0.0203094838	0.1196519684	-0.026674109799999998	-0.0128820381	-0.0178986218	0.0538631021	0.0384118953	0.0605736401	-0.0830179994	-0.0527236231	0.0041605369	0.19867970829999998	-0.10471024179999999	0.050971049000000004	0.07152717389999999	-0.052977454400000006	-0.1431556988	0.003987662800000001	0.0795063233	-0.09508654189999999	0.0230831731	-0.052279107000000005	0.07253129999999999	0.0775680429	-0.0478149976	0.004284748499999999	0.05724599480000001	0.013602429499999999	0.0448671449	0.036627966899999996	0.0766205264	0.0363286663	0.10440705869999999	0.007137780600000002	0.1105247463	0.1017935759	-0.008903719499999999	0.1452042929	-0.0286717433	0.0489376761	0.044960629800000006	0.1046826577	0.09008556570000001	-0.1100548382	-0.052136175300000004	-0.0829564317	0.1439818325	0.0380231145	-0.0856239501	0.0775512203	0.0054875139	0.0320972378	-0.0297759372	-0.0270024184	-0.17579302239999994	-0.0234677367	-0.070556628	-0.0209130773	-0.1320386223	-0.1120632551	-0.0207366348	-0.10690362380000001	0.0096493155	-0.055693220599999996	-0.0910104519	-0.06568021639999999	0.011331311299999999	-0.040488895899999995	0.1736480592	-0.0086378241	0.1161684182	0.1234261425	-0.06108030070000001	0.0636130182	-0.0589452582	0.031230260299999996	-0.0033543044	0.030255079900000002	0.08765009380000001	-0.0849052441	0.034431267	-0.07511245009999999	-0.2057688353	0.045698399800000004	0.084397979	-0.0147942378	-0.1491107961	0.0100040843	0.07302198480000001	-0.1157074176	0.030945446600000006	-0.0688128631	0.0418690185	0.06973634349999999	-0.049041763099999997	0.0429254367	0.0925839935	-0.039574381	0.0280033136	0.017809834899999998	0.1108363197	0.0727980037	0.0538670586	0.0281779596	-0.0274602964	-0.1495968262	-0.0679951554	0.14925859519999998	-0.0060355012	0.06806288690000001	0.0465144755	-0.1025314258	0.0836621299	-0.0832794772	0.0029173674	-0.1306338734	-0.0528174229	0.0056224739	-0.029012938	0.049798905899999996	0.005912168299999999	0.018864887099999998	-0.1089109249	-0.097735009	-0.1710429075	0.0733699886	0.14035517349999999	-0.021731278399999998	0.0668834916	0.04682981519999999	-0.0001737734	-0.055980030300000004	-0.065638981	-0.0833442655	0.0404132085	-0.1150513919	-0.033219061099999996	0.0773197634	0.038360124	0.135108507	-0.08707001029999999	0.0968168084	0.058602465	0.0548799772	-0.0032938528	0.0164446653	0.0642195807	0.0350221115	-0.15490358880000002	-0.09913890880000001	-0.0374657967	0.0010201514	-0.1090898686	-0.0030600974	0.1090326458	0.014311099999999997	-0.014047100000000002	0.00020480758320999995	0.00019732101841000004	-0.0236901	0.005147499999999999	2.6496756249999992e-05	0.0005612208380099999	-0.047555300000000016	0.0056337999999999866	0.0022615065580900012	3.173970243999986e-05	-0.00164036	-0.00018548	2.6907809296e-06	3.4402830400000006e-08	-0.000269049	-0.0006809520000000001	4.636956263040001e-07	7.238736440099999e-08	0.000188247	-9.999999999886402e-10	3.5436933009e-08	9.999999999772805e-19
525.6347949538822	-1.4400675431081709	2.0737945287136035	276291.93766620976	758.0623632528253	0.09333507600797476	574658.5465804585	0.008711436413414424	445.27262281345793	-0.42540510622148986	0.18096950439931708	198267.708627176	445.1776826885319	754.4900202296287	1.200081	41.649334	0.08831584	0.0492134	0.0278310492	-0.0554365666	0.1129751246	-0.0841133498	-0.044370041799999996	-0.0912420291	0.0126042085	-0.0593278218	-0.0348590571	0.1854357548	0.08663249449999999	-0.08851128949999999	0.0157510928	-0.0091851087	-0.13745354880000002	-0.0971422208	0.0453955021	-0.0108446428	0.059892588499999996	-0.0395336757	-0.0591216882	-0.0268903966	-0.0309746781	0.0793701973	-0.0672716146	0.00175927	-0.0255978783	-0.021901394100000002	-0.0417082342	0.032683606000000004	-0.0915751382	0.1565080919	-0.025691611899999998	0.1465637693	0.1551401003	-0.0707289288	0.0030070004	0.0522760152	-0.0359443489	-0.0005567322000000001	0.0330512326	-0.021592837799999997	0.10474263519999999	-0.0043024319	0.018267145800000002	-0.0215666815	-0.049593228899999994	0.0255518185	-0.11316732130000001	-0.07261854599999999	0.031422512799999996	0.033222832599999995	-0.0340652989	-0.008654277	0.169084281	0.09898219220000001	-0.1127300814	0.09246284310000001	0.1197216772	-0.1181077159	-0.0027413516999999997	-0.0817079276	0.1172493693	0.07235699129999999	0.015644776200000002	-0.0742982134	-0.1204081089	0.0470126229	0.0006920283999999999	-0.0492337428	-0.0650518412	-0.0017889484	-0.0307318687	-0.0757036462	0.0878917506	0.071380191	-0.0583818651	-0.0916638907	-0.01078357	0.0233164248	0.0392325065	-0.0615146418	-0.0263698603	-0.14138689769999999	0.0396884238	0.0143070295	-0.08789544269999999	-0.1150989018	0.0226773355	-0.046467170599999996	0.1130336851	-0.15808587429999998	0.07046217490000001	-0.0019257042000000002	-0.08894889550000001	-0.0825323199	0.022150305800000002	-0.0841692869	0.0110184876	0.2164541271	-0.0130454472	-0.0130625184	-0.011198660800000001	0.0140960352	0.0502980529	0.0614170307	-0.0112777153	-0.0299069598	-0.0102638268	0.0240251456	0.0804318078	-0.0159648576	-0.0657707125	0.0063407188	0.1018741654	0.10574526960000001	0.009908379	0.0638111879	-0.0786399849	0.0741927387	-0.0217732538	0.06742434309999999	-0.0369418793	-0.0344477118	0.1553916433	0.0092040874	-0.15978859269999998	0.043981541	0.1292847951	-0.1559921835	0.025866380699999997	0.0604626893	0.0676373092	0.06019369190000001	-0.0343210502	-0.0170783325	-0.1429495991	0.0004378844	-0.012066006200000002	0.0621863118	-0.0701858854	0.034559727799999995	0.0096478172	-0.0570554789	-0.0943776706	-0.0094407363	0.026214251600000002	0.08127283889999999	-0.0042073455	0.0332600212	-0.0365158521	-0.0440395802	0.023186958599999998	-0.0105097608	0.0530827059	0.0021422636	0.1102563926	-0.051533815	0.09954631	0.0780927414	0.1483207819	0.1249613672	0.07240605509999999	0.0039320874	0.1362277369	0.1372647087	0.0915960881	-0.0680940387	0.0113168059	0.1197717735	-0.12218531640000001	0.09138322980000001	0.0436979825	0.0728389504	0.0448294401	0.0331370071	-0.0043464836	-0.046872448	0.0279969748	-0.0012423659	-0.0019532734	0.09421537320000001	-0.07051927820000001	-0.06100025150000001	0.0147441318	-0.0974676859	0.0120976643	-0.0010201514	-0.1090898686	0.0030600974	0.1090326458	0.00664957	-0.007661529999999999	4.42167811849e-05	5.869904194089997e-05	-0.0237711	-8.100000000000121e-05	6.561000000000196e-09	0.00056506519521	-0.0743588	-0.026803499999999997	0.005529231137439999	0.0007184276122499997	-0.000817088	0.000823272	6.67632799744e-07	6.77776785984e-07	-1.69258e-05	0.0002521232	6.356610797824e-08	2.8648270564e-10	0.000188248	9.999999999886402e-10	3.5437309503999993e-08	9.999999999772805e-19
524.4413181828381	-1.193476771044061	1.424386803021758	275038.6962173529	759.1303454574472	1.0679822046218987	576278.8813943431	1.140585989389051	444.97393971936486	-0.2986830940930645	0.08921159069700642	198001.80702937293	444.9948682385151	744.3834901225174	1.18457	41.111027	0.01951773	0.011244100000000002	-0.058465624699999996	-0.13519006960000002	-0.114143064	0.0062350331000000005	-0.0551611379	0.0004206182	-0.0719976958	0.0511897385	0.1017663201	0.132431824	-0.0960739139	-0.1095013972	-0.0381238826	0.0908566799	0.0199048431	0.0534743952	-0.0686565111	0.10126966849999999	0.06831767059999999	-0.0796281244	0.1571036356	-0.0236888077	0.0497778096	0.008181390699999999	0.0664668393	0.0700489994	-0.0615831777	0.08549026800000001	-0.2420813634	0.017448533500000002	-0.1036662507	0.1267779309	0.1004324597	0.0432208806	0.1722795157	0.030159302000000002	-0.013625077	-0.0007847587	-0.0295844506	0.11624464890000001	0.09446642279999999	-0.0200079097	0.0043406421	-0.0352174063	-0.0514825414	-0.006411127900000001	0.0229297215	-0.0010908568	0.13634552619999998	-0.0794686309	-0.0175664591	0.0237916295	0.049803502300000003	0.0161945644	0.016177526799999998	-0.11511151300000001	-0.042100247300000004	0.1424592164	0.062949899	0.0219858435	0.030570633700000002	0.034306073900000005	0.014041711299999999	0.1264332376	0.051488457800000005	0.0388005004	0.1609627172	-0.0733092384	0.0640558832	-0.0087987524	0.078861939	0.022369920499999998	0.0668588102	0.002488226	0.0333405821	0.0094753949	-0.012297014299999999	0.020060761200000003	0.0788343727	-0.0396940705	0.0052978153000000005	-0.0300981277	0.0031857278999999996	0.2315383114	0.0688742967	-0.0712554769	-0.0279865713	-0.0307752255	0.045588726100000004	-0.0675425298	0.1988059335	-0.2085846352	0.0676414198	-0.0721234188	-0.015894542	0.01166103	0.054123308700000004	0.0950657343	-0.102004817	0.09532988029999999	0.13514693490000002	-0.007874193100000001	-0.02224346	0.0080968627	0.14238368	-0.0889885168	0.2214240113	0.0005599586	0.0097518525	0.0392317212	0.0215667818	-0.1004122329	-0.0022303518	0.08869817349999999	0.0206189275	-0.09819655070000001	-0.0276872751	-0.0967273121	0.10797057199999999	0.04569024730000002	-0.0358906796	0.013592028300000001	0.0571863913	-0.0078156167	-0.0095519383	-0.1275141615	-0.0146133083	0.1203572663	0.0520436949	-0.023779297	-0.018484099599999998	-0.0400091874	0.0784610808	0.09019560050000001	-0.004301794	-0.0176655339	0.1940771127	0.0355046782	-0.0602258459	0.0654838367	0.0561181318	-0.0071059206	0.046131839800000005	0.0707002559	0.0313775128	-0.0019845918	-0.031169477200000007	-0.018719499299999998	0.1051066569	0.0357093638	0.1062137984	0.02405319	-0.0692580916	0.1328226236	-0.20261926079999998	-0.0578747994	-0.0369804964	0.0240359496	-0.037359426800000005	0.1298380042	0.136609195	-0.047459074299999994	-0.0527623375	0.0478096395	0.108803864	0.11513845710000001	0.05402787690000002	0.1211829934	0.0802938624	0.2209501752	-0.017129038	0.0161186524	0.0075618093999999985	0.0761643721	-0.0653035803	0.1316399716	0.0151559347	0.1734702943	-0.053881362	-0.089966067	-0.0490072954	0.1262464529	0.0118057525	0.1270275341	-0.14474168029999998	-0.0075193859999999986	-0.040284033399999995	-0.0030600974	-0.1089372966	0.0091706641	0.108422891	0.0014982	-0.00515137	2.2446032400000004e-06	2.65366128769e-05	-0.0237654	5.699999999997374e-06	3.2489999999970056e-11	0.0005647942371600003	-0.0807491	-0.006390300000000002	0.0065204171508100005	4.083593409000002e-05	-0.000949009	-0.0001319209999999999	9.006180820809998e-07	1.7403150240999973e-08	-4.4412e-05	-2.7486199999999998e-05	7.554911904400001e-10	1.9724257440000002e-09	0.000188248	0.0	3.5437309503999993e-08	0.0
524.304007554717	-0.1373106281210994	0.018854208595010854	274894.6923379368	760.1966546748581	1.0663092174108897	577898.9537788455	1.137015347135424	444.89273665253563	-0.08120306682923227	0.0065939380624727645	197929.54712618238	444.8267677919429	739.3800362436157	1.106682	38.407875	0.09912062	0.0486432	-0.084867601	-0.1364944654	0.0440052171	0.1537357288	0.0014295424	-0.052796406	0.028760155099999997	0.023140201200000002	0.0001848495	-0.05961436360000001	-0.0712752057	-0.0637934388	-0.1748900547	-0.1200014731	0.1097602683	0.0254150992	-0.10806528119999999	-0.1615712971	0.0369272078	0.18265857719999998	0.1425986539	0.061866343	0.0072736925	0.041033179700000005	0.0535249795	0.073319262	0.067562838	-0.0411878414	-0.0347825762	0.0706322211	-0.0505531354	0.1176953391	-0.0092118362	-0.0662149364	-0.009405631999999999	-0.015341375	-0.2203517146	0.039649538	0.0341117686	-0.0038677083	0.0350177301	-0.23106123899999997	0.0611631971	0.0429555154	0.027167347400000003	0.1677069888	0.0145442517	0.0367399617	-0.1203859974	0.0432955298	-0.011914501000000001	-0.013781793700000001	-0.0626027881	-0.0871677801	0.0618787246	0.1000239793	0.10273992679999999	-0.0015310598999999999	0.0099616303	0.0478085958	-0.0040537983000000005	0.0946829418	-0.18032679899999998	0.015701556499999998	0.030879257400000002	0.0262591268	-0.004543703499999999	0.1870548114	0.0743870507	0.049273513899999996	0.095005974	0.1365378552	0.0859270356	-0.0773986524	0.0350887621	0.07394900559999999	-0.1346123888	-0.07557574	-0.0504255454	-0.14714701289999998	-0.09317980039999996	-0.06355852440000001	-0.1299222116	0.011847966000000001	0.0571769394	-0.0319855335	0.0928277581	-0.1545473158	0.058640566	-0.0139509489	0.0317872535	-0.0387990168	-0.011608335400000001	-0.0701057861	0.09014614	0.1445538868	0.0208320454	0.1271303699	-0.0869937507	0.05284394	-0.0502948028	-0.011558036	-0.0067183684	0.1177670288	-0.010144689	0.07131105110000001	-0.0991942814	-0.012986534199999998	0.10504743150000001	-0.029872419100000002	0.0220030469	-0.0436040375	0.0862038306	-0.0105611771	0.0368931255	0.030088097299999998	-0.1029447866	0.0270893163	-0.1240715141	-0.0478531037	-0.0320992677	0.0060981499	-0.059502070899999995	-0.09577641869999999	0.09425626179999999	0.0745159012	0.0976154097	-0.0071076259	0.0287171931	0.08958552859999999	0.024293267799999997	-0.0660571879	-0.1467111197	0.0770851451	0.0500963787	0.0682358434	0.045393769900000006	0.1474869817	0.1030495801	0.054080925499999995	-0.1315966737	0.0030428898	0.0852989342	0.0796596614	-0.016208468	0.0172856687	0.14677460050000002	0.0918459933	-0.043343699000000006	-0.0729603917	0.1941054292	0.054189990300000004	-0.0895756199	0.0395039538	0.018853956499999998	-0.1260842017	0.0967056666	0.0510016769	0.1538100252	0.0050078528	0.04841824769999999	-0.1134683625	-0.1482530124	0.0234094605	0.0332824963	0.015623678700000001	-0.0190300596	0.0066839425	-0.0158917111	0.16239958210000002	0.0353548058	-0.024169362200000002	0.0406038598	0.0572591951	-0.0184835717	-0.0793406125	-0.037707553	-0.1436718267	-0.0444095995	-0.0071317141	-0.0167146426	-0.055478832400000004	-0.10589152210000001	0.0666277995	-0.0171176824	-0.0823784199	-0.0635607576	-0.0050989734	-0.1086323659	0.0152523765	0.1072067914	0.038289599999999986	0.0367914	0.0014660934681599994	0.0013536071139599994	-0.00513873	0.01862667	0.00034695283528890004	2.64065460129e-05	-0.055734800000000015	0.0250143	0.0031063679310400012	0.0006257152044899997	-0.00105498	-0.00010597100000000015	1.1129828004e-06	1.1229852841000036e-08	0.000223382	0.000267794	7.171362643600001e-08	4.9899517924000004e-08	0.000188248	0.0	3.5437309503999993e-08	0.0
524.5578608662017	0.2538533114847041	0.06444150375175021	275160.94939652545	760.3280281969371	0.1313735220790022	578098.7104618425	0.017259002303442083	444.71466309045945	-0.17807356207617886	0.031710193510498724	197771.13156766086	444.72887307830223	748.1671780710927	1.130459	39.233067	0.098731275	0.0458302	-0.06436262400000001	-0.1410799673	0.0913743343	-0.011711001399999999	-0.1400656421	-0.1180074264	0.0179934039	-0.0383560242	-0.06573132179999999	0.027802855	-0.0340577415	0.1454643357	-0.0449964643	-0.0172472246	0.1090153685	0.055197616399999996	0.0731902089	-0.10021012380000001	0.0639188188	-0.044631699500000004	-0.0473225929	0.0468716062	0.06289989900000001	0.042189632000000005	-0.10149978189999999	0.1359189217	-0.0990084812	0.0322904768	-0.08227078360000001	-0.0587687825	0.0696550359	-0.044697121900000004	0.0886392532	0.11632192599999999	0.0649541135	-0.0465313008	0.011928070800000001	-0.0608992618	0.0368427021	0.1941782548	-0.0718540688	0.0151191725	-0.1915614954	-0.1069772608	0.0954794281	0.08432134150000001	-0.0034856992999999998	-0.048555742199999995	-0.1100603356	0.0209788865	0.17070552809999998	0.0409884422	-0.0592512483	0.1036236257	0.068491569	0.056830105	-0.0662028628	-0.0504817962	-0.047066787400000004	0.12100104730000001	-0.1131168033	-0.0503387159	0.1359261873	0.09203360990000001	0.0666888991	-0.1057683398	-0.011489717	0.135764815	-0.051202032800000005	0.027060029	-0.09957190960000001	0.1370808235	0.1354449194	-0.0187517731	0.09950609099999999	-0.13076813199999998	0.0917328592	-0.0979014064	0.025153050899999998	-0.0358517632	-0.0834295525	0.011814743700000001	-0.0398200171	0.0121361297	-0.1670555818	0.10352440800000001	0.1034902425	0.0075712903	0.013700717900000001	0.0873062167	0.013665533300000001	-0.0022629095	-0.034049503599999996	0.0068903565	0.0427052667	-0.0854281926	0.11879886880000001	0.039316305	-0.0669531442	-0.054707733099999996	-0.0633002812	0.0893742651	-0.0312730696	-0.0401972889	-0.1400714815	-0.06613473480000001	0.0321739365	0.0531086993	-0.0275659881	0.087797687	0.1208226878	-0.0306586415	-0.0770302665	0.0043718861	-0.0080018675	-0.11533862789999999	0.0241148742	0.1159644533	-0.0408079029	0.017360138100000002	0.1316199484	0.0867240698	-0.0602846647	0.07702355030000001	0.08907840289999999	0.0252455123	-0.07661062769999999	-0.0505362588	-0.0345488844	0.0543506571	-0.1413964523	0.1093309769	0.0998672423	0.107757601	0.0473080388	-0.0586424216	-0.0218619408	0.0830898634	-0.009314545300000001	-0.00411023	-0.21824773670000008	0.1457573136	0.0089940538	0.0938338851	-0.027184125099999998	-0.0652917071	-0.12179428119999999	0.0003416699	0.0311773847	-0.1057391192	0.1094165888	0.0654996733	-0.0693707647	-0.0972939193	0.0392703329	0.1122244682	0.0500002918	0.1042233474	-0.029104056899999998	-0.137393555	0.058083128	0.0324317011	-0.0280065898	-0.060941665599999986	0.053669413	-0.04605587269999999	0.10244719050000001	0.09940562300000001	-0.044837523600000005	-0.0415938779	0.1009643857	-0.026296671	-0.001736371	-0.1293458825	-0.012692418799999999	-0.0717533663	-0.031375170699999996	0.0015005046	-0.023903175	-0.05795690570000001	-0.026817868199999997	0.17887199420000002	0.05668850650000001	-0.0310016285	-0.0396773934	0.0743314342	0.0419783905	-0.0071360664	-0.108175503	0.0212860992	0.105391148	0.0147762	-0.023513399999999997	0.00021833608644	0.0005528799795599997	-0.0248717	-0.01973297	0.0003893901050209	0.00061860146089	-0.0367709	0.01896390000000001	0.0013520990868100002	0.00035962950321000023	-0.00161418	-0.0005591999999999999	2.6055770724e-06	3.1270463999999993e-07	5.2161899999999986e-05	-0.00017122009999999998	2.9316322644010002e-08	2.7208638116099994e-09	0.000188248	0.0	3.5437309503999993e-08	0.0
524.5475632985888	-0.010297567612951752	0.00010603989874331284	275150.146162487	760.0201985500281	-0.3078296469089992	577630.7022040242	0.0947590915161191	444.65688000237253	-0.05778308808692145	0.0033388852688609237	197719.74093344432	444.62777660617996	740.987950038656	1.21806	42.273293	0.173550195	0.096198	-0.0372041886	-0.0362177782	-0.0136072533	-0.0775714293	-0.0238331852	-0.0229186861	-0.0442688008	-0.0589078567	0.015605444599999999	0.0300480676	-0.0564917453	0.0365170531	-0.0072702343	0.0451982953	0.0224636712	-0.0018587498	0.23486566690000002	0.1457975294	-0.18386077620000002	-0.09939290619999999	-0.029920262200000002	0.0892481825	-0.12637116550000002	0.025868568300000002	0.1240352064	-0.019341438	0.0766843673	-0.0363095663	0.0620255815	-0.048536820300000005	0.0378292198	-0.10321822859999999	0.0096090634	0.1256958848	-0.0379842088	0.0880878263	-0.0115954383	0.0602677074	-0.0104414282	-0.110893615	0.0542176578	0.0808789958	0.096023155	0.029200561	0.058596	0.09160924720000001	0.0653084532	-0.0975523244	0.0604138638	-0.0532504233	-0.0114576348	0.17347891489999998	-0.028882010899999998	-0.09577833699999999	-0.1785462116	-0.0368371848	0.19028758829999998	-0.0857399922	0.07795788299999999	0.2507936808	0.12352288789999999	-0.0945939452	0.2767071051	-0.00026916040000000003	-0.1251079004	0.1853181236	-0.09132822800000001	0.1103470712	0.018283486	0.12921321560000001	-0.0079737998	-0.1115290273	-0.033454049300000004	0.061276835	-0.0346953348	0.0559355511	-0.0536703479	-0.08593978210000001	0.0806352996	0.0526061098	-0.0086639966	0.19160698690000005	-0.0047149453000000004	-0.023198948100000002	0.0295868865	0.0394505375	-0.1694594555	-0.07977306599999999	-0.010734583700000001	-0.048687564	0.037912743	0.0726129592	0.0663933164	-0.0262535225	-0.062990277	0.034324379	0.06219386070000001	0.0158472706	-0.0698899155	-0.0623672371	0.0441969884	-0.059405563499999994	-0.0378173921	-0.0551131349	0.0780941195	-0.0209560011	0.0350351323	-0.005730678	0.0053226077	-0.027247150699999997	-0.043900935999999995	-0.1437180147	0.1341335651	-0.022848947	-0.1492845481	-0.07758501200000001	0.0110178036	0.0207881381	0.1128162911	-0.0011223152	-0.0753250835	0.1580430048	-0.021384754300000003	-0.0623558076	-0.16684423	0.0223147118	0.1921351028	-0.1326073554	0.071590885	-0.030108708900000006	-0.3025162234	-0.0717874721	0.2197677084	-0.20790172640000001	-0.13174541439999998	0.027825464100000002	-0.0299134234	0.1453997336	0.005433125400000001	-0.1495310509	0.0178293956	-0.0019721064	-0.0430248584	-0.08418024660000001	-0.0564617478	-0.08394339390000001	0.1570443592	0.0504440231	0.0555898473	0.0054688478	-0.1083492399	0.14532759550000002	0.054236654100000004	0.0106358582	0.0628199425	0.0994659528	-0.0475359148	-0.0021190038000000002	0.0815266689	0.1184044226	-0.0019082918	-0.08411692220000001	-0.0184350198	0.0026480978999999997	-0.0371345435	0.034511032000000004	0.059430667	-0.0017785470000000001	0.049928265599999994	0.0189723844	0.033169548	-0.0344511182	-0.0466565277	-0.054515771	0.014320351799999999	0.1254053892	0.0306055973	0.0655557351	0.0171240942	-0.0034592765000000004	-0.0046944442999999995	-0.0250703651	-0.06343363440000001	0.129794683	-0.033156633	-0.0367702019	-0.17015720609999999	-0.0091706641	-0.1075673469	0.027252848	0.10298611449999999	0.088619	0.0738428	0.007853327161	0.00545275911184	-0.0131049	0.0117668	0.00013845758223999998	0.00017173840401000002	-0.0444274	-0.007656499999999997	0.00197379387076	5.862199224999995e-05	-0.000494593	0.001119587	2.4462223564899996e-07	1.253475050569e-06	-0.00026905	-0.0003212119	1.0317708470161e-07	7.23879025e-08	0.000353131	0.00016488299999999995	1.2470150316099994e-07	2.7186403688999994e-08
526.3017492888888	1.754185990300016	3.077168488564848	276993.5313045444	759.3259969092302	-0.6942016407979281	576575.9695821962	0.4819159180865356	445.32645965751686	0.6695796551443323	0.4483369145832029	198315.655671098	445.2243330138866	747.3074044537808	1.114171	38.667774	0.17063216500000006	0.0999961	0.025030680299999997	-0.0012105694	-0.09367116660000001	-0.052093613	-0.0086988046	0.0897241551	-0.1513275113	0.0247167519	0.11275329279999999	-0.059788670700000004	0.018326872	-0.1631332845	-0.0904595795	0.1115510073	-0.0471376384	-0.15553358650000002	0.2129464832	-0.052084501	-0.0346429313	0.0539805411	0.0375754702	0.0257649431	0.09895505210000001	-0.022208435099999996	0.0183203506	-0.0275395092	0.0170806745	-0.06345696519999999	-0.026898545299999996	0.1261077695	0.1028768784	-0.034710982200000004	0.0778963892	-0.037800786600000004	0.0959079531	0.1107476438	0.055670859	-0.1589616009	0.0449734089	-0.0391306901	-0.0318074482	0.0902368365	0.0186752006	-0.0239640953	-0.0389539683	0.0064627083	-0.0776633161	-0.0138543827	-0.0194183488	-0.1153360192	-0.053944056799999994	0.18615264280000002	0.0163588797	-0.0556054007	0.0599397923	-0.0167227602	-0.0715816826	0.0667343178	0.0356305404	0.20376288039999998	0.16355636640000001	0.0431548795	-0.023873453700000002	-0.0427583426	-0.08914050300000001	-0.010520155500000001	0.0442999686	-0.1175287705	0.058031703399999995	-0.1301383456	0.1009755465	-0.134324203	0.009454044200000001	-0.0242846267	0.0891669825	-0.0753747148	-0.135258073	-0.050521030099999996	-0.0787815631	0.0035159716	-0.0074444804	0.109010811	-0.0646029031	-0.1834489241	0.0399709792	-0.040969885899999996	0.21076938309999999	-0.030588128	-0.0232211032	-0.0411231922	-0.16928292190000002	-0.1588138149	-0.04530277940000002	-0.1056430317	-0.0675968463	-0.1586517801	-0.0362045306	-0.0582309776	0.10217689640000001	-0.056691211100000014	-0.0404818057	0.0610148323	-0.0170204571	-0.003349001	0.06208152	0.08649918699999999	-0.06391566629999999	-0.0484401246	-0.1015865397	0.10452699630000001	0.0106565577	0.0976772775	-0.0664066178	-0.0799975019	-0.152475942	0.0661732901	0.023911550400000002	0.0012720391	0.0365097044	0.050949664299999996	-0.14301701279999998	0.18526554280000002	0.025011944700000004	-0.0527307743	0.0344642	-0.0548593167	-0.0680130112	0.07269001809999999	0.055612444000000004	0.1518150089	-0.132560228	-0.17887017670000002	-0.0201176689	-0.0678117152	-0.0627115211	-0.053731057	0.0174217748	-0.07696721620000001	-0.0570209321	0.0843787803	0.2189192871	-0.0587940275	0.0379812805	0.014238963	-0.0665310745	-0.0035800315	-0.0556234772	0.1520875615	-0.0960250283	-0.0157035683	-0.0290532491	0.11067946099999999	-0.0413607632	-0.1425895956	0.0506966839	-0.1114980599	0.1622070619	0.0658591776	0.0440846413	-0.0583921929	-0.13816984029999999	0.0537516417	0.21434030199999998	-0.0008934183	0.1862485884	-0.0252373122	-0.04761342440000002	0.0547025255	-0.0098173647	-0.0457280946	-0.058285393399999996	-0.10222963369999999	0.1132166744	0.08926182949999999	0.0568876993	-0.0140842118	0.0656956558	-0.0092014447	0.1305649348	0.0043550004	0.04290914269999999	0.014713352399999999	0.0446514717	-0.11674030099999999	0.16428740390000002	-0.0063939871	-0.0263591984	-0.011202055	-0.1068087481	0.033133849300000004	0.1000051409	-0.00201995	-0.09063895	4.0801980025e-06	0.008215419257102502	-0.0299022	-0.016797299999999998	0.00028214928729000004	0.0008941415648400002	-0.0562903	-0.011862900000000004	0.0031685978740900005	0.00014072839641000005	4.49203e-05	0.0005395133	2.01783335209e-09	2.9107460087689005e-07	-0.000400935	-0.000131885	1.7393653224999998e-08	1.60748874225e-07	0.000708393	0.00035526199999999996	5.01820642449e-07	1.2621108864400004e-07
526.5380690794218	0.23631979053300256	0.055847043397562204	277242.33818988595	756.4342825401973	-2.8917143690329112	572192.8238021029	8.362011992071407	445.32825645798926	0.0017968004723911692	3.228491937585128e-06	198317.25599991265	445.24003842478	755.1739553755292	1.159093	40.226818	0.196042015	0.09723490000000004	0.054589096600000005	-0.0570828998	-0.0720450876	0.0309136694	-0.0829893172	0.0345486688	0.0345048698	0.072007073	0.10457926320000001	-0.12242991199999999	0.1152107873	-0.0846819763	0.0627662891	0.09662942210000001	0.1194148036	-0.108586518	0.0245586091	-0.09232869710000001	0.0666358942	0.1311407978	-0.1307756697	0.025074245800000002	0.20309710350000001	-0.090570173	-0.0303748184	0.0283163967	0.0800964269	0.0012936309	-0.0665091871	0.021456563900000003	0.1129317611	-0.10699182480000001	0.0435359024	0.0262303389	-0.07689359700000001	-0.055870815899999995	-0.1133873974	0.0796387629	-0.029656476400000006	0.0900035282	0.05633112570000001	-0.1305910046	0.11617564279999999	0.0656047592	-0.0127129726	0.038507051800000004	-0.0150208976	0.1345748156	0.026325191499999998	-0.0831842083	0.0651485715	-0.017769982900000002	0.0103849788	0.0503433747	-0.06693812610000001	-0.0724652951	-0.1926482998	0.2012967093	0.009639134399999999	0.0421100075	-0.0309160792	0.21159654320000001	-0.1325788182	0.0718803144	-0.051545773200000006	0.0355826894	0.11708406439999999	-0.0123859359	0.0115033932	-0.0518439558	-0.0392704821	-0.12946831720000002	-0.0929646305	0.0109463438	-0.0446044466	0.0413109005	-0.18587156059999999	-0.0776063441	0.0144054335	0.0954236908	-0.0365326489	-0.058775647	0.11135887970000001	0.06895063629999999	-0.0663412555	0.0503135947	0.1422292728	0.047129440300000006	-0.0537660425	-0.1122095957	0.0484500707	0.0374104216	-0.17163281760000001	0.0869067624	-0.10935275779999999	0.0414605792	-0.023512568199999997	-0.0420589126	0.11858830320000001	0.0489004276	-0.08460788820000001	0.17955713269999998	-0.0697090707	-0.0763632208	-0.0694317156	0.0273404725	0.0525296284	0.0037099882	-0.1177088117	-0.031065055699999997	0.0701733041	-0.0549474626	0.11038068570000001	-0.0779249242	0.0818681531	-0.023823867999999998	0.005853638100000001	-0.10316901380000001	-0.0507190646	0.1230669178	0.0427616429	0.0030940301000000003	-0.0114822048	0.0404244653	-0.0758875693	-0.070110251	-0.1179512526	0.26095274760000003	0.054358102199999994	0.2098309344	0.0797884019	-0.05278071559999999	-0.0525546162	0.0941438476	-0.0266523296	0.009825436600000001	0.1365911277	-0.0480230546	0.019299824099999998	0.0106240924	0.1393770943	0.0519450531	-0.002876975	-0.1361709132	-0.0539138051	-0.0076880034999999985	0.1556095511	0.08268844809999999	-0.0073844116000000015	-0.1347610061	-0.038300641	-0.1035172032	0.0623168749	-0.0724672292	-0.0720126994	-0.0086866108	0.0798174648	0.08831696060000001	-0.1655805269	0.0801335791	-0.105615452	0.0459864046	-0.060756878099999995	-0.1200240041	-0.048732789699999994	0.0311732871	0.08440868609999999	-0.020834709099999998	-0.0402332209	-0.09583122820000001	-0.09489038289999999	0.0263465471	0.1268983715	-0.0548255141	0.0785426522	-0.1115219633	0.0239192121	0.0792503731	-0.059797157300000015	-0.0350102761	0.1492022367	0.0569280129	-0.0717592158	0.032921488900000004	-0.0413950856	-0.012453288799999998	0.042611324900000004	-0.0132295288	-0.1059007676	0.0389105992	0.09646489789999999	-0.0224944	-0.02047445	0.00050599803136	0.0004192031028025001	-0.0568952	-0.026993	0.000728622049	0.00323706378304	-0.101294	-0.045003700000000015	0.010260474436000002	0.0020253330136900008	-0.00126778	-0.0013127003	1.6072661284e-06	1.7231820776200901e-06	-0.000859685	-0.00045875	2.104515625e-07	7.39058299225e-07	0.000408426	-0.000299967	1.66811797476e-07	8.998020108899998e-08
525.3027837494142	-1.2352853300076276	1.5259298465320534	275943.0146148838	758.6701859223367	2.2359033821394405	575580.451007433	4.999263934262588	445.2130429248985	-0.11521353309075265	0.013274158207253958	198214.6535904475	445.1974404096524	747.8873731583436	1.1217180000000002	38.929699	0.14988459999999998	0.082875	0.0239637867	-0.016692038500000003	-0.0687537734	0.0400837633	-0.1965479224	0.11491923279999999	0.132924315	0.1218220295	0.052702232800000005	0.016976046499999998	0.0510167146	0.0128266683	0.17320032920000006	0.1267475311	0.1656925405	0.0588377474	-0.0075645314	0.039339522599999996	0.11939583029999999	0.120860125	-0.0796947079	0.0052114446	0.0087996077	-0.0500454492	0.041581569900000004	-0.0340443446	0.0366781073	-0.0032025179999999997	0.0830040462	0.07844675940000001	-0.0664175374	-0.0173191869	-0.08807472640000001	0.0297668939	0.1758463889	-0.02124154	0.0837487699	-0.025524634900000003	-0.17843179280000002	0.0499038759	-0.06607889900000001	-0.0483177489	-0.1019361883	-0.05798211740000001	-0.014635766299999999	-0.0430897749	0.0873899323	0.10230391679999999	0.07872585160000001	-0.0987255593	0.04837897360000002	0.0532871988	0.1445961905	-0.060685178799999996	-0.061807214299999996	-0.0495552601	0.0456169774	0.17510417420000002	0.061529752800000004	-0.028125538199999998	-6.82262e-05	-0.1498562326	0.0006258276999999999	0.023607091400000002	0.0724171692	-0.0072974967	0.0562508358	0.0835914874	-0.0603525256	-0.0517834109	0.013081208700000001	0.0432830733	-0.0007858324	-0.0655123807	0.07710367950000001	-0.0997938119	-0.0670185657	0.1694695084	0.0406074518	-0.0234383476	-0.0128782379	0.0491830245	0.1798317641	-0.02670007	0.1866756091	0.010410093	0.0793323717	0.022208110099999998	4.80875e-05	-0.0332614374	0.1308444386	0.0560478368	0.0253591582	-0.0308563022	0.0971544975	0.1350314797	-0.0214093167	-0.07694177769999999	-0.0581371535	-0.0668564767	-0.010683336699999999	0.0186660897	0.0407990041	-0.1328185973	-0.12192869890000001	-0.0710815479	-0.1270652464	-0.0851561723	-0.0961966533	-0.1726982234	-0.09186179369999999	0.0139662426	-0.11308081310000001	0.0125576589	0.1334048223	0.0909877341	0.0988657	-0.1102877215	-0.0124440266	0.1162317299	0.0205188139	0.0459953802	0.12612415359999998	-0.06236336820000001	-0.07299302490000001	-0.0401565174	0.0632230673	0.1422599134	0.1252108989	-0.1311464499	-0.0526981325	0.0506201445	-0.0142801775	0.0074934829	0.0233930189	0.0083383028	0.0581894728	-0.0411677413	0.09585082980000001	0.0347181671	-0.04866393	0.026223143100000002	0.039704205	0.0616019328	-0.0495051726	0.1061511136	-0.1591773114	0.0207728893	0.0122682201	-0.1773490168	-0.169607537	-0.023279334	0.0662732789	0.050212206399999994	0.022726593399999998	-0.173266155	-0.047658102699999996	0.0287399337	-0.0631794078	0.09775043300000001	0.1025866348	-0.1243135757	-0.0667908333	-0.0302880498	-0.0695763908	-0.0280065874	-0.1110573649	-0.0628476174	0.0339825655	-0.0334739009	0.0524876777	0.0910188968	-0.0873611227	-0.141318299	-0.0669629777	-0.0378382561	0.1111062499	-0.043627913399999996	-0.0317411719	0.2351634366	0.0987475952	-0.0093089577	-0.0402017854	-0.1462482092	0.0168455608	0.0268825	0.1125850125	-0.0152523765	-0.1048446753	0.044564922	0.0923851842	0.0446795	0.06717390000000001	0.00199625772025	0.004512332841210001	-0.0523479	0.004547299999999997	2.0677937289999973e-05	0.00274030263441	-0.09523450000000004	0.006059499999999968	0.009069609990250008	3.671754024999961e-05	-0.000448622	0.0008191580000000001	2.01261698884e-07	6.71019828964e-07	-0.000301969	0.000557716	3.11047136656e-07	9.1185276961e-08	0.00047363	6.520400000000002e-05	2.243253769e-07	4.251561616000003e-09
523.6728786133858	-1.6299051360283556	2.6565907524516126	274233.28379522986	758.2797635383567	-0.39042238397996704	574988.1997917864	0.15242963791260078	445.00022562284795	-0.21281730205055285	0.04529120405207624	198025.2008043856	444.9216286904403	741.5979221549617	1.106319	38.395283	0.035234650000000006	0.0205577	-0.0077942277000000015	0.07999397330000001	0.0494309805	0.11215045609999999	-0.2391952628	0.08523399470000001	0.1569168944	0.10663855929999999	-0.0395796564	0.005638821600000001	0.0838651671	0.0218979908	0.0188187829	-0.0072320149	-0.1580441686	-0.1752362066	0.10958871869999999	0.0222481512	0.0621712927	-0.035048442799999996	-0.09262963199999999	-0.11727386990000001	0.0046066939	0.0376682151	-0.0905485328	0.0526621025	-0.051223990700000006	0.0421178379	0.12316631310000001	0.19177243079999998	-0.1525895478	0.0647112098	-0.015643343799999997	0.0687231673	0.0073266016000000005	0.11488832660000001	-0.0124322899	0.0187536152	-0.030691962799999997	-0.0210916286	-0.0973690046	-0.0886422561	-0.059208659299999994	0.057352908499999994	-0.009719488299999999	-0.0809899554	-0.0534365889	0.1567423168	-0.039608124700000004	0.0002151693	-0.022923714900000003	0.11430677310000001	0.0197974089	0.0964934533	-0.1935495913	0.0087970472	-0.06999096169999999	0.1467737482	-0.08300196209999999	-0.014599188300000001	-0.0208992051	0.1205582243	0.0114840946	0.0825020598	0.0584249851	-0.0152829811	0.0756741796	-0.000235369	0.0489745908	0.0316711867	-0.0718249344	0.0414587041	-0.035388570099999996	0.09861292890000001	-0.1576544224	0.059706033600000014	0.015870116899999998	0.08711860369999999	0.0348723206	0.0713537822	-0.0046340656	0.0654288584	-0.1746241381	-0.1207408007	0.0063621471999999995	-0.0583732601	0.050363214	-0.10828134789999999	-0.06942565049999999	0.0283135896	0.10310252119999999	0.09232448929999999	0.048364278499999996	0.0204036456	-0.0062535149	-0.0588701451	0.0259867757	0.0269581618	-0.0143754703	-0.0318449505	-0.0643636718	0.0015613512	0.0564893708	0.0087909611	0.101174048	0.1453449273	-0.09828104900000001	0.1049825159	0.1233624383	0.024037729900000002	-0.0844841773	0.0400890346	-0.0722514743	0.2169491659	-0.003449197	-0.129853481	0.2333680852	-0.0805020768	-0.12573893630000002	0.0460292467	-0.0026539773999999998	0.09234630220000001	0.0319012157	0.1234450205	-0.1813941191	0.0872033703	-0.0389454521	0.1707975624	-0.0304828145	0.055370782199999996	0.0759276955	-0.0308448629	0.0728592137	0.0890955354	0.0131143805	-0.005889888100000001	0.0906396646	0.015152404099999999	-0.0092132747	-0.0389608987	0.0302837186	-0.0050023863	-0.18921164699999998	0.0388236253	0.0476947545	0.054648196399999995	0.047865033	-0.0363763148	-0.010874368899999999	0.1098397003	-0.043380639400000004	0.11316598230000001	0.0734745946	-0.1342816001	0.0145782033	-0.0328123173	0.0774015832	-0.024332748900000003	0.0968562657	0.0341050299	0.0886607035	-0.025171821	0.0265193448	-0.0396345728	-0.1015491342	0.062124770499999996	-0.0068506598	-0.0273210875	-0.038401063900000004	0.0237683325	0.1458120727	-0.0248439724	0.044101607599999995	0.0513188362	0.12162685570000001	0.07608217519999999	-0.0769829221	-0.17033541359999999	-0.0110764501	0.0393643105	-0.1660449084	-0.048338743200000006	0.1727564417	0.0618920033	-0.17632444809999998	0.051633867400000005	0.0600200949	-0.0172698908	-0.1036419483	0.0500790271	0.087788815	0.0446865	7.0000000000000626e-06	0.0019968832822500004	4.9000000000000865e-11	-0.0512256	0.0011223000000000066	1.2595572900000149e-06	0.00262406209536	-0.113627	-0.01839249999999995	0.012911095128999996	0.0003382840562499982	-0.000232215	0.000216407	5.3923806225e-08	4.683198964899999e-08	-0.000233207	6.876200000000003e-05	4.728212644000003e-09	5.438550484900001e-08	0.000444542	-2.908800000000003e-05	1.97617589764e-07	8.461117440000018e-10
521.0930417509087	-2.5798368624771233	6.655558236995804	271537.95816121425	760.0562118010538	1.7764482626970448	577685.4450973683	3.1557684300393487	444.40760612251404	-0.5926195003339103	0.3511978721760135	197498.1203795436	444.404520316798	726.3278065078982	1.117792	38.793453	0.097022715	0.0472711	-0.1206352035	0.1386611634	0.0951029592	0.0096684773	-0.2585334558	0.10996031140000001	0.1276346169	-0.0512351187	-0.11955892970000001	0.1766147312	-0.2211176043	0.042066923	0.06190464070000001	-0.0674689355	-0.10130590980000001	-0.11219993019999999	-0.0743638454	0.0077868235	0.1445673451	-0.0185471903	-0.041422077	0.0289105315	-0.047402800300000006	-0.2167088599	-0.097706888	0.0795692564	0.1478641789	-0.0939831822	-0.1138106581	-0.0637786605	-0.0065282678	-0.1267545851	-0.06326311700000001	-0.0729001174	0.0374254769	-0.1113848214	0.0358769357	-0.13411045859999998	-0.14557295539999998	-0.0852722237	0.0239318286	-0.0358704171	-0.0204702685	0.0526482215	0.1267284957	-0.0089450999	0.0744867025	0.0626839849	-0.036184306299999996	0.0171865434	0.0879283994	0.1547022219	0.0431299238	0.1566012732	-0.0718422883	0.037709437799999995	-0.0362616988	0.0801998096	-0.170059483	-0.0060571106	0.0978551388	-0.062021065300000004	0.1088160049	0.0539534843	0.0741453055	-0.1234526502	-0.0743260741	-0.0360060431	-0.13869098470000002	0.018302395	-0.019066938500000002	0.0718402042	0.0351226873	0.0434285143	0.0053510617000000005	-0.0641218771	-0.0394970594	-0.0011302779	-0.0454344058	-0.0681986712	-0.0250057011	0.0832004535	-0.036212022999999996	-0.0662688825	0.06261917780000001	-0.0330536017	-0.28728068170000004	0.1048464533	0.13834715720000001	0.0981721906	0.164410372	0.0416763429	-0.0028705157	-0.033182485	-0.0983595966	-0.0135517188	0.039605365499999996	0.0026596562	0.0787166569	0.0027447464000000003	0.045138102199999995	0.0048459819	-0.0012085961	0.0894827201	0.0400865747	-0.09491782210000001	0.035220472999999995	-0.032558522299999997	-0.0392065686	0.0201422009	-0.0128685962	-0.017255833	0.1043405874	-0.055470367699999995	0.1432262311	-0.0416982701	-0.1022827153	0.0015456119	-0.0523930672	0.0278049132	0.0855824685	0.1621158709	0.0499655538	0.16113375800000002	-0.0604970491	0.0857221673	-0.0330445452	0.09588644619999999	-0.11025800890000001	-0.1253300646	-0.0743905641	-0.0550154472	0.084411141	0.079245491	-0.026397349700000003	-0.0558812925	-0.10395704970000001	-0.13185169759999998	-0.0506859621	-0.09741689	-0.0910312249	0.0292199429	-0.0244752362	0.1007804439	-0.0145602556	-0.0094599191	-0.019252479	0.0389195088	-0.052383579000000006	-0.0290007082	0.0184723724	0.0503011295	0.055565285	0.027435237999999997	0.1063393852	-0.0020803188	-0.3085023118	-0.13152248519999998	0.058672731799999996	-0.0194748722	0.1093122388	-0.06951809440000001	0.0373529655	-0.0384070402	-0.0168815834	0.1728590562	0.0230472013	0.0441384291	-0.016617583300000002	-0.0307996828	-0.0650746974	0.012606853500000001	0.0222163597	-0.0208727343	-0.0354360333	0.057783016	-0.0121509887	0.067577027	0.0458770708	-0.0838361906	0.08796137679999999	-0.0492234114	-0.07193185469999999	0.0128320717	-0.10177348289999999	0.05186715099999999	0.0396624292	-0.019281366100000003	-0.1022942687	0.055435565	0.0827014951	0.00900447	-0.03568203	8.108047998090001e-05	0.0012732072649209005	-0.0363838	0.014841799999999997	0.0002202790272399999	0.00132378090244	-0.0998629	0.0137641	0.009972598796409998	0.00018945044881000004	-1.65883e-05	0.00021562669999999998	2.7517169688999995e-10	4.649487375289e-08	-0.000611436	-0.000378229	1.43057176441e-07	3.73853982096e-07	0.000505382	6.083999999999999e-05	2.5541096592399996e-07	3.7015056e-09
521.0190831619686	-0.07395858894005869	0.005469872878004572	271460.8850189384	758.3904448501887	-1.6657669508650768	575156.0668400672	2.774779534594336	443.7445027855829	-0.6631033369311581	0.4397060354492371	196909.18375242414	443.66983322211314	715.6665942020685	1.097909	38.103413	0.07492754500000001	0.0344379	-0.1605455989	0.1336419523	-0.0850199802	0.0182037352	-0.18662804870000002	0.1820260674	-0.06250146549999999	0.0059359892	0.0520213932	-0.0314821697	-0.0519196104	0.1250924309	0.0687618775	0.048804281399999996	-0.1505510096	-0.1737982771	-0.1453063399	-0.1335066535	-0.014941263799999997	0.0850088573	-0.0091005365	0.07194733769999999	-0.05253408440000002	0.0109901668	-0.0798579134	-0.0906319593	-0.1091400526	-0.0251288231	-0.023774978500000002	0.0326314716	0.0692243075	0.117768279	-0.0944870572	0.021861821899999998	-0.1351920099	0.0800878952	0.2302880952	0.09803348769999999	0.1369463799	0.0892925208	0.1667426425	0.0318730058	0.08879788820000001	-0.0084255847	0.08021991440000001	-0.10702987359999999	0.090048505	0.0237875311	0.1049190883	0.0920031915	0.08429287869999999	0.1130489982	0.1916482336	0.2386965376	0.027946750099999997	-0.0678083045	0.0543612672	0.12260948529999999	-0.1150044181	0.0145878546	-0.0116950973	0.0876542102	0.1004066892	-0.1038473216	0.1080599651	-0.11144793189999999	-0.034323592	-0.0350467655	0.0482631589	-0.0372578977	0.0559593024	0.0061878388000000005	-0.05273569400000002	0.0655467237	0.006165856	-0.0586915877	-0.069578211	0.0515186571	-0.0906357505	-0.00110751	-0.009503629599999999	-0.0630930558	-0.0311028548	0.0225852863	-0.0537648772	-0.010953157600000001	0.0681777895	-0.0782179593	0.026735073300000002	-0.021975152400000003	-0.0028323601	-0.060799962199999995	-0.1761284941	0.0649831518	-0.0208674978	0.0358256503	-0.0540729172	0.0512453567	0.0663258532	-0.0912619016	0.0710663979	-0.0728238116	0.11860713519999999	0.0061188758	0.0667372761	-0.0647296772	-0.1656398679	-0.0108155741	-0.0672617576	-0.0329182239	-0.0390865505	0.060996908600000004	0.1091888811	0.027400054500000003	-0.1028397696	-0.06543681009999999	0.0167335798	-0.0723355398	0.070642419	-0.040657645	0.1380545795	0.09656214240000001	0.19039946219999998	0.24315586179999998	0.041780624700000005	-0.056260705700000004	0.0894180589	0.1711487661	-0.0572053203	0.0591677965	0.0339077365	-0.0329209639	0.0790696072	-0.0030275957	0.11677289980000001	-0.0802752954	-0.0941182348	-0.0472563388	-0.0246357424	-0.0085250751	0.019715292	-0.0934278982	-0.0793407728	0.0613134235	-0.0713533288	0.0369108742	-0.0440135397	0.0561854963	-0.1054107423	-0.012266285900000002	0.0705461008	-0.055188853200000006	-0.050975486699999996	-0.0221006091	-0.072022618	0.00357433	0.0678671109	0.042431994800000004	0.0030837640999999997	-0.0115810753	-0.1489455498	0.0412291895	-0.08094144389999999	-0.0654034234	-0.0435571894	0.12120101220000001	-0.1220427657	0.133964884	0.0404119655	0.0025485195	-0.0162809742	0.0539844043	-0.0135834872	-0.0130626019	-0.0165432692	0.08818826460000001	0.0523243055	-0.1352424258	0.0989366375	0.0010682455	0.09501364720000001	-0.0570363333	0.0338923722	-0.0078406172	-0.0064500164	-0.0138674692	-0.1288509797	-0.0212860992	-0.1008035212	0.0606176821	0.077151675	0.0304584	0.02145393	0.0009277141305599999	0.0004602711124449	-0.0403893	-0.004005500000000002	1.6044030250000016e-05	0.0016312955544900002	-0.08030099999999997	0.019561900000000017	0.006448250600999995	0.0003826679316100008	0.00015573	0.00017231830000000002	2.42518329e-08	2.969359651489e-08	-0.000261555	0.00034988099999999997	1.2241671416100002e-07	6.841101802500001e-08	0.000581307	7.592500000000003e-05	3.3791782824899995e-07	5.764605625000003e-09
524.1855931463501	3.1665099843814914	10.026785481187671	274770.5360621909	756.9569589658412	-1.4334858843475333	572983.8377268142	2.0548817806236293	443.86195532237747	0.11745253679458754	0.013795098399483943	197013.43538260425	443.831779357966	732.2194975324858	1.14592	39.769634	0.032829599999999994	0.0162813	-0.0485073859	0.1132222666	-0.024496796600000002	0.1181218233	-0.0111866504	0.1557911591	-0.0165587957	-0.0080588972	0.1011507566	-0.1857793291	0.018937329	0.057376286799999995	-0.09676585800000001	-0.11200288130000001	-0.35995292	-0.0440719995	-0.0329520682	-0.1299958875	-0.09846941990000001	0.1487166733	-0.0938377801	0.026469469	0.014640666100000001	-0.039073247799999995	0.1111945757	-0.0978453007	-0.0661814492	0.0976559023	-0.0577758125	0.0469876714	0.08925415960000001	-0.072723886	-0.056278489	0.030513076899999998	-0.1156414325	-0.0027467725	-0.011372988600000002	0.0060483130000000005	-0.1133978975	0.1085705416	-0.0227784919	0.0449308967	-0.0041891791	-0.1463084581	-0.0784601705	-0.041323786800000005	-0.0021933119	-0.0186861272	0.0196706199	0.1432450126	-0.051579512699999996	0.1114728545	0.1231967323	-0.0457561367	-0.0018240363000000001	0.0193791368	0.0508331872	-0.10310329509999999	-0.12041639650000001	0.0435681953	-0.1488505323	0.0608574472	-0.025060574199999998	0.0458903288	-0.0214896706	-0.0336311532	-0.1146771314	-0.0024023416	-0.0610578422	-0.0225058999	-0.0723435735	0.016513901299999998	-0.0071204271	-0.0713859817	0.0181036264	0.0085861943	0.0422020763	0.1247768049	-0.0450991382	-0.0543808856	0.059693532699999996	0.036806606400000004	-0.030120005	0.1365412232	0.0472540315	0.1290276814	0.0982987716	0.0302905927	-0.0852754773	0.11621762320000001	0.1145269299	0.036271399100000004	0.1622601802	0.15567268380000002	0.033982549199999997	0.0197183384	0.0244520595	0.1473273912	0.0622862282	-0.0350675063	-0.1233832391	-0.0096415744	0.079548986	-0.1172965275	-0.0304085402	-0.0695274275	0.004349885	-0.035787605800000004	-0.046056619699999995	0.0256192565	0.014807246100000001	-0.1318778011	-0.0599337183	-0.0690253438	0.028248063900000002	0.1539376676	0.0753951082	-0.0291914559	0.017401505600000002	-0.1505470316	-0.0052951574	0.0760899731	0.149349139	0.0073870361	-0.0041766421	0.0596011229	0.0650847839	-0.0758528841	-0.1377957761	0.16268871210000002	0.0360192583	0.12738189949999998	-0.0141744703	0.046411625199999994	-0.0538091541	0.0735033149	-0.1005758928	-0.0200247822	-0.012096561799999999	-0.0184624811	-0.0340256926	0.0401617657	-0.0421466283	-0.0318862744	0.0013781912	0.1285210936	-0.0950472074	-0.0042298699	-0.0096297565	0.010740453	-0.0242704264	0.0929030241	-0.09188105519999999	0.09968517310000001	0.028857461299999998	0.0289348283	0.0929025641	-0.0090411048	-0.1449431832	-0.0005999885	0.1509621507	0.0373387325	-0.0757160127	0.1453384084	-0.2116453409	0.0116404199	-0.022570223599999998	0.0882301299	-0.21807706629999998	0.0040574465999999995	0.0552223145	0.048866375499999996	-0.0517458066	-0.0681104208	0.0004227693	-0.0010820125	0.0766614749	0.0141091565	0.0222206886	0.0141129946	-0.0120031874	0.1604325366	-0.058415762300000014	-0.056652740599999994	0.0448136083	-0.103250566	0.1037648377	-0.023283389100000003	-0.0991717909	0.06560907349999999	0.07117039139999999	0.0377345	0.007276100000000005	0.0014238924902500005	5.294163121000006e-05	-0.0370225	0.003366800000000003	1.1335342240000019e-05	0.0013706655062500001	-0.0760406	0.004260399999999971	0.00578217284836	1.815100815999974e-05	-0.000104017	-0.000259747	1.0819536289e-08	6.7468504009e-08	-0.0003533	-9.174499999999997e-05	8.417145024999992e-09	1.2482088999999995e-07	0.000574273	-7.0339999999999465e-06	3.2978947852900003e-07	4.947715599999925e-11
525.9952305704476	1.809637424097445	3.274787606694038	276670.9825828583	758.2969336702638	1.339974704422616	575014.2396137244	1.7955322084924772	444.947961678891	1.086006356513508	1.1794098063877445	197978.68860219984	444.90274860870056	754.327829987654	1.1106280000000002	38.544807	0.07789514999999997	0.0394643	0.043070781600000003	0.0535045596	0.1039884855	0.0010706761999999999	-0.0047152226	0.055100343899999994	0.053121861900000004	-0.0532909446	-0.0103070768	-0.116750873	0.0337130743	0.0361007092	-0.006844978900000001	-0.054952082699999995	-0.015728638899999998	-0.07932081519999999	0.0368839685	0.0654803984	-0.0109046097	-0.0712444016	-0.0604637309	-0.0259379915	0.0084968104	0.0335898873	0.0651754495	0.1210937235	0.1735053893	0.0664534323	0.0624371415	-0.012940854	-0.047528293799999996	-0.0397079044	0.0331008925	-0.0215555887	-0.0081188134	0.1176592033	0.012002578	0.0398922941	0.18724771010000002	0.0307611812	0.0741665091	0.1391652509	0.010148964	-0.09402987310000001	0.0654689425	-0.061816057199999996	0.12480090869999999	-0.02407797	-0.10110159369999999	0.0358577209	0.0175437322	0.0798220058	0.1002069685	-0.06608480480000001	-0.1553373175	-0.2093328981	-0.08196534379999999	-0.10152778949999999	0.0269419069	0.0110190468	-0.08769754	0.0324825222	0.0169040859	-0.08425482599999999	-0.1050024041	-0.0034325891	0.0413969375	0.076709103	-0.12258306699999999	0.1129093883	0.0217292628	0.1281152825	0.1122705604	0.0346674273	-0.0482118719	-0.0108463239	0.0752744738	0.0822896143	0.008036840200000001	0.11389074460000001	0.0432780529	-0.071215257	-0.0246759208	-0.0433594514	-0.0504892608	-0.0988942688	-0.0346770337	0.0751772971	0.1642273222	-0.015426418	-0.0369234945	-0.0040250176	0.0921634702	0.042062767699999996	0.0701283487	-0.048719198600000006	0.0174450085	-0.038962347200000004	0.037590648399999996	-0.1153103841	-0.026614017400000002	-0.0109974844	-0.012817033899999998	-0.1096755032	-0.0513215849	0.0105479771	0.12028075560000001	-0.0110435068	0.0685821288	0.0170161047	0.0516471895	0.0195903474	-0.0208546847	0.0150000202	0.018731554299999998	-0.0667132693	-0.0698619473	0.085587951	-0.0549132568	-0.0197746896	0.0145717108	0.0648665991	0.0883460733	-0.0241363798	-0.2138160523	-0.14868684	-0.019280948899999997	-0.0794718039	-0.051237213499999996	0.1109544959	0.0033174319	0.0892332113	-0.0379985507	-0.1441161263	-0.0557633504	-0.0242402576	-0.0011552269	0.0295983644	0.0512863075	-0.0793061573	-0.0923669699	0.11546543960000001	-0.0014346243	0.1376805367	0.0868051907	0.0469236783	-0.0205250788	-0.025735752599999998	-0.0451082212	0.15254739	0.0444907943	-0.0793138594	0.0432660183	-0.0869230993	-0.08298383990000001	-0.0067379005	-0.1515776801	0.051872023899999994	0.051901652	0.0203615984	0.0712825366	0.1203144993	0.036147431	0.0579918756	0.0092392836	-0.0894595641	-0.0331672608	0.007524224300000002	-0.013700129699999999	-0.0824832901	0.0302476191	-0.0692052447	-0.0829032551	-0.0672489585	0.016779287099999998	0.034225131299999996	0.054178390300000004	0.073965689	-0.0862650337	-0.0753712664	-0.0610781284	0.0554574863	0.007147755200000001	-0.0389885367	0.041840482799999995	0.0096834423	-0.11915293980000001	-0.0252725372	-0.0974013599	0.07039403450000001	0.06479109400000001	0.0187873	-0.018947200000000004	0.00035296264129	0.0003589963878400002	-0.054884900000000014	-0.01786240000000001	0.00031906533376000026	0.0030123522480100012	-0.07847429999999997	-0.0024336999999999692	0.006158215760489996	5.92289568999985e-06	-0.000278091	-0.00017407400000000003	7.733460428100001e-08	3.0301757476e-08	-0.000930845	-0.0005775450000000001	3.335582270250001e-07	8.66472414025e-07	0.000552855	-2.1418000000000045e-05	3.05648651025e-07	4.5873072400000187e-10
525.3379428699418	-0.6572877005057762	0.43202712123617104	275979.95421882224	758.1921518396512	-0.10478183061263736	574855.3391112407	0.010979232026535423	445.43538159019965	0.4874199113086775	0.23757816994015896	198412.6791724068	445.3449705060477	754.0831182064136	1.073308	37.24963	0.059709799999999986	0.0353568	0.022037293599999997	0.0235085049	-0.031524436499999996	-0.0943396172	-0.0762233739	0.0199933023	-0.05658360000000001	-0.0793316998	0.1141011161	0.0299956604	0.0790242758	0.0246411855	0.0256692095	-0.003424807	0.045772638	0.0063850734999999995	-0.0358013173	-0.0517348521	-0.0379267982	0.1389477951	0.0634966871	-0.043119476600000005	0.09791004880000001	-0.0777949387	-0.0088802536	-0.1438250702	0.0303910192	-0.0451045126	0.13667206380000002	-0.045318633	-0.0988681276	0.0079374863	0.1090366649	-0.0182719616	-0.0731746261	-0.0499463542	-0.09601225029999999	0.042040433099999996	0.0424447755	0.1277256955	0.12135298509999999	-0.1609213803	0.0382878787	-0.016104975	0.1992083048	0.0611702026	-0.1183152802	-0.0259881787	-0.0299404933	-0.1451449698	0.0699082197	0.026447500899999997	-0.0115751629	-0.0908001715	-0.136173039	-0.0782325795	0.1481162098	0.1476399441	-0.0190128554	0.0146946315	-0.0171860288	0.0657949533	-0.0178091025	0.059255638	0.0705850801	0.0042565488	-0.07825690019999999	0.012375166299999999	0.0144895756	0.12464403460000001	-0.0212014523	-0.0285924013	-0.016784978	0.0618159515	0.078755874	0.0743488866	0.1532446221	0.1027840482	0.0209197257	-0.060195555199999994	0.06441549690000001	-0.0790469359	-0.1594649547	-0.024334141899999998	-0.011480336599999998	-0.0137981774	0.09395504789999999	0.10114157800000001	0.021844813199999997	-0.0061992001	-0.0105443848	0.0289031925	0.0061209947	0.054626218399999996	-0.0780055096	-0.1614432065	-0.0790207699	-0.1809223841	-0.0786674395	0.05861275360000001	0.048120447999999996	0.049729893899999995	-0.1119311209	0.047986372	-0.1233497764	-0.0749151229	-0.0651117114	0.0313814707	-0.0077189564	-0.0406943756	-0.037035419	-0.0613515631	0.022421684900000002	0.0178154323	-0.0764779437	0.076393293	-0.0203962318	0.0456454084	0.041977352300000007	0.1325490328	-0.0170167668	0.06411588530000001	-0.039657173999999996	-0.0897340433	-0.1281650227	-0.0078599998	0.1983480005	0.1272959234	0.0144218653	0.044691333099999994	0.0169669173	-0.0003556944	-0.00011246030000000001	0.0730811757	0.009550705999999999	0.0949086886	-0.058801077300000004	0.0905635598	-0.0524970138	-0.0830830495	-0.0187162002	0.0007052203	-0.0022961357999999998	0.0560535328	-0.09452031429999999	0.0592498708	-0.039493454	-0.1845305738	0.0010024585	0.1919933775	0.0388760066	-0.0112727478	-0.0682153309	-0.0126963441	0.0766180388	-0.0503274964	0.0406555981	0.0239883846	-0.11733664949999999	0.0026020468	0.0452901105	0.1291351239	0.1732084737	-0.0691478912	0.0338809886	0.045455400599999994	0.0754452122	-0.0859844858	0.1151891413	-0.0739147218	-0.025149374900000004	0.0249158698	-0.0317217547	-0.0596985034	-0.0888736634	-0.0964949932	-0.0886518445	-0.0699188251	-0.062463246500000014	0.07267453809999999	0.0302760729	-0.024443494700000002	-0.003294932	0.11764741349999999	0.0383105057	0.0022658998000000003	-0.00846815	-0.027252848	-0.0954947043	0.0749575099	0.05804945860000001	0.0240347	0.005247399999999999	0.00057766680409	2.7535206759999993e-05	-0.0454376	0.009447300000000013	8.925147729000025e-05	0.00206457549376	-0.07177689999999999	0.006697399999999978	0.005151923373609999	4.4855166759999706e-05	-0.000264568	1.3522999999999986e-05	6.999622662400001e-08	1.828715289999996e-10	-0.00027403	0.000656815	4.31405944225e-07	7.509244089999999e-08	0.000648871	9.601599999999997e-05	4.2103357464099996e-07	9.219072255999996e-09
524.1688335397557	-1.1691093301860749	1.3668166259281322	274752.9660544281	758.7098973556192	0.5177455159680449	575640.7083453742	0.268060419305017	445.10391388437307	-0.3314677058265829	0.10987084000593812	198117.4941551874	445.01397043886345	747.6820986006412	1.109414	38.502693	0.038965555000000006	0.0238749	-0.029776121699999998	0.0574495159	-0.0484183101	0.1121624151	-0.107614271	0.0266580183	0.0627267017	0.12249262179999999	0.044229860499999996	0.0315526794	0.038847221	0.0343744788	-0.0030110599	0.0702671874	-0.079134014	0.1239021564	-0.0606043666	0.04619769730000002	-0.0830130859	0.0641302157	-0.0817400513	0.013141256399999999	0.055745341600000005	0.058968146299999996	0.055337597999999995	0.0331011518	-0.099314739	-0.17050143969999998	-0.0458278055	-0.1928162562	-0.1076432974	-0.0404204396	-0.0616021712	-0.0520442526	0.0979920065	-0.0358151976	0.0080618693	0.0737019138	0.0188642004	0.0338299032	0.08493797089999999	-0.044775660099999996	0.0055426768	0.061523179299999994	-0.0742901367	-0.049248046100000005	0.0444649912	0.1240908498	-0.0070626179	0.0069752763	-0.012751988600000002	0.1606696949	-0.008841784	-0.11326255029999999	-0.148662471	0.0608655575	-0.0158806749	0.13061286390000001	-0.11020975289999999	-0.0711571374	-0.017619786499999998	0.0493209389	-0.046564630700000005	-0.1354660368	-0.0280135045	0.029753390499999997	-0.1111082177	0.030073039	-0.0061144674	-0.0997905976	0.0744166796	-0.004151259799999999	0.1367453879	-0.1152438707	-0.0226873	0.0982493154	0.20842774100000008	0.0645623142	0.028294566400000002	0.0864732742	0.0965783023	-0.1035105873	-0.0214629531	-0.054467116399999994	0.0009826382000000002	0.0389333871	0.0703478021	0.10011586	-0.0743136222	-0.10272944839999999	-0.0558793004	-0.0020074131	0.09292092490000001	-0.1685295089	0.0898632201	0.0381896811	0.0902432693	0.0136797783	-0.028815957599999997	0.0294861419	-0.0674042589	-0.0906454357	0.0606719783	0.0011293034	0.0664199251	-0.021352841299999998	0.0279761369	0.0103758839	-0.0658757073	-0.0538818641	0.019006489799999998	-0.08382058490000001	0.0301924637	-0.1784289873	0.0071757083	-0.0206132726	-0.0416014511	-0.09617969859999999	-0.09187856109999999	0.0038674778999999997	-0.023491946200000002	0.1573220358	0.0138993322	-0.0769965779	-0.1298061019	0.1369130848	0.0136746749	0.1585490108	-0.0637223578	0.0208226299	0.0851689505	0.0097398836	-0.0234828521	-0.0824702177	0.0464370275	0.1274108639	-0.1461092005	-0.0242884667	0.0854786748	0.0981538179	0.022004072599999997	0.0089004221	0.16268481769999998	0.033935492000000005	0.12213964890000001	0.0440914891	-0.0440379213	-0.1309212349	0.014699862099999999	0.1201216151	-0.0241271465	-0.1027995431	0.0442689821	-0.0821583627	0.0312535679	0.0210758971	0.054521315599999995	0.0232348332	-0.0626181572	0.0356311977	0.0256806859	-0.095842464	-0.0021366858	0.1069265231	0.10704525210000004	-0.16533964199999998	0.015830964	-0.0313082875	-0.0838203434	0.045182342199999996	0.0819190692	-0.0042182138000000004	-0.0781885475	0.024636825299999998	0.0006947025999999999	0.058089038600000004	-0.0220316795	0.056267881500000005	0.057487789500000004	0.0174758559	0.0276598971	-0.0378528525	-0.1839275681	-0.0496322596	-0.040446806200000004	0.0261708144	-0.040432396	-0.0292236292	-0.0934544907	0.0792851412	0.0509831871	0.0221012	-0.0019334999999999977	0.00048846304144	3.7384222499999916e-06	-0.0452773	0.00016029999999999517	2.5696089999998454e-08	0.0020500338952900003	-0.06537040000000001	0.006406499999999982	0.004273289196160001	4.1043242249999764e-05	-0.0006957710000000001	-0.0004312030000000001	4.840972844410001e-07	1.8593602720900008e-07	-9.76899e-05	0.00017634009999999996	3.1095830868009984e-08	9.543316562010001e-09	0.0006506330000000001	1.7620000000000957e-06	4.2332330068900007e-07	3.1046440000003383e-12
523.7844685042411	-0.38436503551463375	0.14773648052616567	274350.16944627033	759.4764777063031	0.7665803506838529	576804.5201891726	0.5876454340545789	444.4810566390188	-0.6228572453542824	0.3879511480903248	197563.40971093863	444.47867000941557	742.096455343266	1.066867	37.026081	0.055234405	0.0278851	-0.0798870718	0.047476991600000004	0.1163297916	0.046010228099999995	-0.0519688482	0.0407695885	0.0578359393	-0.024063332799999997	-0.045420109199999996	0.0116643024	-0.033744191800000004	0.0173477179	0.12467601029999999	0.055547077199999996	-0.031631855699999996	-0.0537735005	0.029627681200000002	-0.019857929399999998	-0.0183603907	0.1329583408	0.1396723273	0.00030749229999999997	0.056755233899999986	0.0763416667	-0.019240776799999998	-0.0025946142	-0.025826635	0.059424523300000004	-0.0224958179	-0.0264855265	0.0230773871	-0.0393048945	-0.0711182587	0.0308914292	0.0182558417	-0.0442543859	-0.0819092582	-0.0809014804	0.0621651689	0.08037690759999999	0.008126546	0.10994082289999996	0.0867518442	0.18685087670000008	-0.1532220594	-0.0435197301	-0.053223117	-0.0485391129	-0.0687208821	0.0514609232	0.09674778740000001	0.0260624873	-0.019431184299999998	-0.11954953310000001	-0.1206370643	-0.0825833219	0.0592686442	0.010423663	0.017746925	-0.0839790048	-0.11774901609999999	0.1144677766	0.0356161504	0.0879274542	-0.057879704500000004	-0.0162397013	-0.1597018515	-0.027612648700000002	0.0686957004	0.055583649699999994	0.0999931584	-0.0748356304	0.047340855599999995	-0.0358983756	0.0132941003	0.0807626	0.0128792144	-0.041863886	-0.0760755601	0.0518237428	0.0189838301	0.0966574236	0.0200270442	-0.0179672417	0.0261443613	0.13065616830000001	-0.041913238	-0.110641245	-0.0767184994	-0.0320846005	-0.10200416039999999	0.10694088759999999	-0.0032241581	-0.0799276525	-0.0038103163	0.1533995412	-0.051562756900000006	-0.05340364190000002	0.1499522512	0.1288396932	-0.0288718208	0.0578936892	0.00032534080000000003	0.0794088251	-0.1177707029	0.005989178	0.0279795669	-0.0436163716	-0.0173523651	0.08782560240000001	0.1625570334	-0.0273219962	-0.1792512303	0.1356863109	0.060721370499999996	0.011623346100000001	0.0087113612	0.0873838515	-0.044240647300000005	-0.0430306882	0.0895921203	0.0575630883	-0.0387761658	-0.10037969570000001	-0.1422691308	-0.043148732999999995	0.08872259060000001	0.0244054561	0.016150746100000002	0.04804270099999999	0.1281260178	0.0828001121	0.08332898	0.0548547984	-0.0802283407	0.077111882	-0.1299912358	0.0534312907	-0.050888185700000005	-0.0111963702	0.0269111577	-0.054156686600000004	0.0755378408	0.0254203964	-0.0010460473	-0.0628644228	0.10497702269999999	0.039676798799999996	-0.0689072001	0.012271311000000002	-0.1206650225	0.0308900093	0.0340878511	0.0924408576	0.0794862507	0.1108812709	0.0756943942	0.010067405500000001	0.0543722021	0.0245577927	-0.130478991	-0.1586550692	-0.0244524037	0.0493645504	0.0013278195999999998	-0.10016373029999999	-0.00044768589999999995	-0.1431322386	-0.0870273606	-0.0525493453	-0.09775755779999999	0.1299381201	0.075706942	0.0839073941	-0.027215490499999998	-0.1086759759	-0.0160726019	-0.0665271501	-0.058059445599999995	-0.0691706958	-0.071140045	0.2258936534	0.0797160856	0.010566953700000001	-0.060593285499999996	-0.0009077086	-0.0026351265999999996	-0.0311841915	-0.0912835726	0.0833633121	0.043631796900000006	0.0305259	0.008424700000000002	0.00093183057081	7.097557009e-05	-0.024077900000000003	0.0211994	0.0004494145603599999	0.0005797452684100003	-0.06322230000000001	0.0021481	0.003997059217290001	4.614333610000001e-06	-0.000542865	0.00015290600000000007	2.94702408225e-07	2.3380244836000025e-08	-0.000306444	-0.0002087541	4.357827426681e-08	9.3907925136e-08	0.000543049	-0.00010758400000000009	2.9490221640100003e-07	1.1574317056000018e-08
524.3070506884224	0.5225821841812603	0.2730921392236567	274897.8834015919	759.8442707369493	0.3677930306462258	577363.3157717661	0.1352717133919356	444.12722128619066	-0.3538353528281277	0.12519945691100565	197248.98868739296	444.0398828242128	744.821595045573	1.064234	36.934689	0.04554249999999999	0.0362729	-0.0863287813	0.038359986400000004	0.0454733655	-0.10591184320000001	-0.0474206037	-0.0171554479	-0.0187521964	-0.08878299869999999	-0.0268083605	0.018996796399999998	-0.0811245122	0.0522677058	0.0899884734	0.0792607109	-0.1064558115	0.0804192861	0.0208883867	-0.058414848	0.0134143031	0.0242325092	0.09604637699999999	0.14042474789999998	0.1289437362	0.1284050981	-0.061261091	0.0153010476	-0.1330565893	-0.0396385349	0.1617263916	0.0586619867	-0.0075806595999999985	-0.044867360999999994	-0.0073212422	0.0532988441	0.1076871591	-0.0188564625	-0.1053136446	0.0294148723	-0.0744580116	-0.0794026292	0.0626704637	0.021522460499999996	-0.048056444000000004	0.09133265630000001	0.1793123764	-0.0242402635	-0.0811076116	-0.1226344097	-0.0053471746999999995	-0.0096205389	0.11516338039999999	0.1193761133	-0.0381972197	0.0055079251	0.0029315874	-0.0353585881	-0.013454110600000001	-0.034539908599999995	-0.0319758769	-0.0386666008	-0.1293556214	-0.0914847794	-0.0231781908	0.0173117828	-0.0075402744999999985	0.1357104156	0.066304951	0.1000730587	0.1273021412	-0.07772302219999999	0.0582934684	-0.1681897014	-0.0041153210999999995	0.0724793374	-0.0170433143	0.08862988640000001	0.12609315140000002	0.0263761874	0.0228799922	0.0012150477	-0.15955428060000001	0.09024380580000001	-0.022726998999999998	-0.103523929	0.0725807614	-0.033298730299999996	0.0707104653	-0.0380323005	0.1195953917	-0.0010109767999999999	-0.007865274200000001	0.0189981471	-0.0162095975	0.0713946163	0.0744345281	0.09091238439999999	-0.1857832594	-0.0498718481	-0.047047658799999996	0.0386794907	0.0682807103	-0.17134555699999998	0.09802830679999999	-0.0277262198	-0.089516279	0.0776400595	-0.0082082412	0.1521688966	-0.0362959535	0.0408579401	-0.0978439899	-0.0151741027	0.1245854612	0.0363986627	0.0764232641	0.051853433	-0.0859138807	0.1048713211	0.0828912541	0.004405800200000001	0.069610877	0.132840113	-0.042555949800000006	0.0159510806	0.0116344385	-0.022792324500000002	0.0127478571	-0.0092468532	-0.0366957996	-0.0072247405	0.014894831499999999	0.14733993039999999	0.0323090709	-0.0404732827	0.0014446348	0.0909006524	0.0813239838	0.1035942652	0.1606994929	0.08995102630000001	0.1608345983	-0.0804591754	0.0124233521	-0.0010177750999999999	-0.045614815499999996	-0.0646439352	0.0104757145	-0.17129289920000002	0.018466433600000002	-0.066342971	-0.043339453099999994	0.12660085869999999	0.06787787049999999	0.0043809419	0.073917873	-0.0407000448	-0.002074131	0.1434665445	0.0948738823	0.0046317573999999995	-0.012361066200000001	0.0728475526	-0.075644452	-0.051775313200000006	-0.051006057800000004	0.015757640700000002	-0.2042069198	-0.1106242126	0.116580235	0.003014447	-0.0008975856	0.098109609	-0.1427761134	-0.0059595115	0.1226480878	-0.0303691875	-0.10100894140000001	0.028143325299999997	0.09944948640000001	0.0280988827	-0.0080700427	-0.1094513497	0.0011174787	0.1183662233	0.0645851292	0.0658240444	0.08824989650000001	-0.033133849300000004	-0.0889849861	0.08717919119999999	0.0360364	0.0286509	-0.0018750000000000017	0.00082087407081	3.5156250000000063e-06	-0.023566	0.0005119000000000026	2.620416100000027e-07	0.000555356356	-0.0294673	0.033755000000000014	0.0008683217692900001	0.0011394000250000006	-0.00037041	0.000172455	1.372035681e-07	2.9740727025000006e-08	-0.00030046900000000004	5.974999999999969e-06	3.5700624999999634e-11	9.028161996100002e-08	0.0005526309999999999	9.58199999999995e-06	3.0540102216099986e-07	9.181472399999905e-11
524.2156950753655	-0.09135561305686224	0.008345848036995139	274802.0949633486	760.842867998275	0.998597261325699	578881.8697838405	0.9971964903271864	443.8524563491639	-0.2747649370267595	0.07549577061931913	197005.0030071865	443.90083115763747	741.9502636790276	1.0818530000000002	37.546162	0.06770608	0.034406900000000004	-0.0784985825	0.0575056419	-0.1028477801	-0.0327178953	-0.0180889597	-0.0014811322	-0.1046624832	0.014634305	0.0663975776	0.08421153460000001	-0.047457489900000004	0.0003703822	-0.0346369475	0.09491163970000001	-0.0483305828	-0.0098159761	0.0897196217	0.041268506499999996	-0.0454697316	0.0233468794	-0.1647833896	-0.006509948000000001	0.0587301104	-0.018000571	-0.0178902172	0.0232437906	-0.0716872308	-0.10127716869999999	0.006543111999999999	0.024388431600000003	-0.0940909494	-0.1665584142	0.0604217237	-0.0474331484	-0.0183249588	0.0960239365	0.020518597	-0.0480173912	0.009804268599999999	-0.0378325989	-0.0154435692	0.0653728267	0.0092320879	-0.0234438527	-0.0725725069	-0.129985937	0.054874245999999995	-0.07413195809999999	0.1525662301	0.058252854699999995	0.059187538399999996	0.0691351703	0.0294243749	0.0087590765	0.2085733117	-0.1388524602	0.0500640666	-0.0515515814	-0.0207680906	-0.1022772268	-0.0165827366	0.0080271795	0.0065327083	0.0063177413	-0.10417174859999999	0.0499510246	-0.023898622999999997	-0.1479682587	-0.0587660254	-0.0503993976	0.0391481918	-0.014190270900000001	0.04682996	-0.0831132141	0.0420520651	0.0213496696	0.0544085574	-0.0726464402	-0.0539594635	0.009580214200000001	0.0034617135999999997	-0.06848517259999999	-0.0238701425	-0.060788465300000004	-0.0791851278	0.0829113864	0.0064328615	0.0857617745	-0.0644972985	0.1517986697	0.009396354	0.0619804112	0.0249308611	0.0431122579	-0.0277010228	0.0196756696	-0.0116564119	-0.0699232464	-0.0797007069	0.0172667456	0.0213678063	0.11633697609999999	0.0060956289	0.0763966778	0.1024623443	0.0644421354	-0.0515046988	0.07117792690000001	0.2000740282	0.1162403864	0.031272407099999996	0.1542307968	-0.0254941905	-0.0383821493	0.0617697813	-0.0780264504	0.0008807394	-0.048839227699999994	0.14698860019999999	-0.0640942394	0.0620179322	0.0719133018	0.0413196174	0.0022176658	0.1554672155	-0.1883657652	0.0366378411	-0.0394320809	-0.08977671529999999	-0.0463423147	0.0784830687	0.0331695881	0.0076519079	-0.043943412	-0.0745265195	0.0469317408	-0.0336136587	-0.0694547314	-0.1152993464	0.0537785213	0.039837287799999996	0.041767394	0.1331620964	-0.023535244900000002	0.0678169406	-0.052649789599999997	-0.0037491397999999997	-0.0137436248	-0.0558755265	-0.0170354267	0.0370524517	-0.0675959392	0.045086940199999995	-0.034753432	0.0480306077	0.0598876221	0.0710551201	-0.0740917715	-0.0471653178	-0.1584859954	0.054341513099999995	0.0036310038	0.0314599963	0.0424189066	-0.0777289536	0.0145983056	0.0456615789	-0.10165267039999999	0.0407471232	-0.0027485827	0.0761379218	-0.0293541133	0.160279814	0.0037543019	-0.0359258256	0.0471994393	-0.111924148	-0.0608212261	-0.0094206804	-0.1214834441	-0.1359691629	-0.0929878519	0.10722247539999999	-0.0752460828	-0.0164271103	0.0496504496	-0.026904621899999998	-0.035071921	-0.0865619461	0.0907207723	0.028239472999999998	0.00601267	-0.02263823	3.615220052890001e-05	0.0005124894575328999	-0.0402222	-0.0166562	0.00027742899844	0.00161782537284	-0.0429499	-0.013482599999999996	0.0018446939100100002	0.00018178050275999996	-0.000461979	-9.156899999999999e-05	2.13424596441e-07	8.384881761000001e-09	-9.769e-05	0.00020277900000000005	4.1119322841000024e-08	9.5433361e-09	0.0005483980000000001	-4.232999999999864e-06	3.0074036640400013e-07	1.791828899999884e-11
524.1740894784407	-0.041605596924796366	0.0017310256954686256	274758.4760805523	759.828157228544	-1.014710769730982	577338.828517325	1.029637946208042	443.9045075877691	0.05205123860520189	0.00270933144033566	197051.21185673977	443.9054360556228	738.7932758429318	1.0452	36.274124	0.07038528499999999	0.0345772	-0.0755530775	0.10245958359999999	-0.0102344885	0.1015812302	0.0531212414	-0.011541038799999999	-0.0208401013	0.0452621299	0.0174177895	-0.0294831774	-0.0535868404	-0.1392534275	0.0400135604	0.0172774958	-0.0376775595	0.022488792	0.0529272832	-0.026011727400000004	-0.008375681500000001	0.006926276899999999	0.1232532259	-0.0049285223999999996	0.07345920389999999	0.062020774199999996	0.034456815099999996	-0.0029087039	0.10132075539999999	-0.0553562303	0.020775345	-0.0308823165	0.0068907252	0.057598257	0.09837475949999999	0.05776315570000001	-0.0767929909	-0.0072732922	0.0265249384	0.1004556544	0.0375393044	-0.1264970761	-0.0379003766	0.046765072000000005	0.0028206520000000003	-0.1440904711	-0.0288324648	0.1349464614	0.0956037937	-0.0167024552	0.0186275115	0.1028711952	-0.0769629804	0.0280564779	-0.0046287894	-0.06330561259999999	0.1594770106	-0.0807489414	0.0397822163	-0.0309343896	-0.1463456701	0.1112816904	0.05875776980000001	-0.056618312000000004	-0.0109303671	-0.0603587545	-0.0640163004	0.06306400599999999	-0.0042897619	-0.1083665665	-0.0038782157	0.0758542535	-0.0713739992	-0.0392664771	0.026551239100000002	-0.09832282519999999	0.0193296336	-0.0778218141	-0.08589342720000001	0.0584729323	-0.052109582599999996	0.044028766399999995	-0.10024362449999999	0.08851603699999999	-0.11808355300000001	0.0367744172	0.0204619075	-0.134217889	-0.029781748700000006	0.0619396362	0.0817261931	0.0655063539	-0.07627522980000001	0.14098569560000002	-0.0788879354	-0.0651926701	0.0783266055	0.0832652708	0.058369979	0.0285639065	0.011389331499999999	-0.091567792	0.06477753480000001	0.017092809599999998	-0.00043341870000000016	0.0360088398	0.0760933987	-0.017349238899999998	0.1084943243	0.0696239584	0.047859398	0.07840601230000001	-0.023009505099999997	0.06840697820000001	0.1219698616	-0.0370804332	0.11148365869999999	0.1712594452	0.1430174786	-0.0328926433	-0.0027284463	-0.133031873	-0.0664797587	0.023607701000000002	0.0083761732	-0.0638050624	0.1203517375	-0.0876205609	0.0386192546	-0.0009749117	-0.1468870243	0.006229565	-0.10781420929999999	-0.0203945715	-0.0604837584	-0.06961410929999999	-0.0141435418	-0.0158054066	-0.0108629118	0.006667897900000001	-0.1297999975	-0.031521066699999996	0.0621189237	0.08001122150000001	0.0130991472	-0.07308533610000001	0.0238399891	0.1012090172	-0.0459096521	0.037075187200000005	-0.09795673449999999	-0.0162253063	0.1033663326	0.1416254495	0.0764036221	-0.0028721376	-0.0029850038000000002	-0.0595327558	-0.1618769354	-0.0051842575	0.0767595695	-0.0534512736	-0.1088925684	-0.1278320346	-0.0402910108	-0.0404057913	-0.0572283669	-0.09179640060000001	-0.0394330856	0.0328038469	0.0469328439	-0.06438379820000001	0.0239345894	-0.0319344646	-0.0026901971999999997	-0.0602700674	0.023152274100000002	0.0275457269	-0.0699947209	0.0460423746	0.022590749500000003	-0.1090572027	-0.012690594	-0.1258352533	0.0353604396	0.0508212971	0.0026369816	-0.268328771	0.10850506089999999	-0.0369977288	-0.0840178413	0.0939769123	0.0202846193	0.0261742	0.02016153	0.0006850887456400001	0.0004064872919409	-0.0235512	0.016671000000000002	0.000277922241	0.00055465902144	-0.0636443	-0.0206944	0.004050596922489999	0.0004282581913600001	-0.00026612900000000004	0.00019585	7.082464464100004e-08	3.8357222499999984e-08	-9.76899e-05	9.9999999993443e-11	9.999999998688602e-21	9.543316562010001e-09	0.000487081	-6.131700000000009e-05	2.3724790056100002e-07	3.7597744890000094e-09
525.0209693369404	0.8468798584997329	0.7172054947325278	275647.01824350056	759.1571132528308	-0.6710439757132463	576319.5226023713	0.4503000173410398	444.16950487113775	0.26499728336864337	0.07022356019276108	197286.54905747165	444.1638195903422	744.1686196600331	1.026168	35.61359	0.065920105	0.0316152	-0.0592665007	0.0909618313	0.08493332769999999	-0.0276265904	0.0708906776	-0.0264685356	0.04298831980000002	-0.0671827063	-0.026020264900000003	-0.059730891200000004	-0.11991569769999999	-0.1088949506	-0.0282508792	-0.0896345076	0.0921688105	0.1531426352	-0.09601383390000001	0.0092347736	0.0027999998	0.0325971412	0.10110806619999999	-0.1054698625	0.026430284	0.0259092777	0.0176738683	-0.0220105551	-0.0988511401	-0.0117631644	0.0042853466	-0.096945274	0.019513523	-0.0769151967	0.1187599373	-0.0472783986	0.0046621105	0.0418841677	0.0496276724	0.0457982367	-0.13159562519999998	-0.0156357747	0.0814896875	0.0489141208	-0.0208186477	0.0243197547	-0.0675801704	0.0033879679	0.0389319383	-0.1260977033	-0.060019191799999996	0.030819550299999998	0.10343349730000001	-0.0297624564	0.0808596608	-0.0986819865	0.0333894429	-0.1182201862	0.048794606	0.004035953	-0.0649609045	-0.0319119989	0.0004030334	-0.0765316241	-0.1005350817	-0.024476115099999998	-0.023624747999999997	-0.006917836899999999	0.10313699859999999	-0.0112978849	-0.0164296853	-0.1511295634	-0.1061694668	0.0235787231	0.0210904641	-0.0593826879	-0.0504067551	0.009729774699999999	0.021061015	-0.0661757324	0.11132740529999999	0.0330274942	0.0829216408	-0.0043304586	0.0583253714	0.1172343438	-0.0687403038	0.1054691404	-0.0837671838	0.06584054219999999	-0.029566878900000006	0.044771733	-0.030674216400000006	0.0178086758	0.0077226665	-0.0264250157	-0.0146212364	-0.19069214739999998	-0.05795761980000001	0.0893421951	0.1716051573	0.0915391331	0.050627943200000004	0.0038719738	0.1045056909	0.088445744	-0.0494187773	0.1198979285	-0.1491827638	0.0240701281	0.0512892686	-0.10059404779999999	0.016535139	-0.08733035189999999	0.12150661880000001	0.2040170353	-0.0933323182	0.0080261869	0.0430310097	0.1422476908	0.006497651700000001	-0.043794056500000005	0.0923949608	-0.004567434699999999	0.0617841534	-0.1210865328	0.0009017531	-0.1034485948	0.0642685574	0.0089968001	-0.09962161859999999	-0.06349384129999999	-0.0184811129	0.0021632666	-0.07165207679999999	9.075950000000001e-05	0.0189641945	-0.005597756999999999	0.0827957278	-0.11578606529999999	0.0665199746	0.1591687363	-0.0099830688	0.1005586849	0.0032674229999999998	-0.0747057703	0.0743517604	-0.039443214	-0.0078325106	0.015551243300000003	0.11729354410000001	0.05835484730000001	0.0008556875	-0.0596925497	-0.0209080253	0.032177602	-0.0233253421	0.18722352690000002	-0.0618333218	-0.0160236557	-0.1077323307	-0.0139269302	0.0165748403	0.016084395	0.1237694307	-0.0021136220000000003	-0.0389225634	-0.0524418021	0.0109515384	0.1444364919	-0.0411255201	-0.0085095457	-0.06035905160000001	0.14164610119999999	0.0624938112	0.10268846400000001	0.1330128102	-0.0743719748	0.0015860848999999998	-0.2190583763	-0.0574803833	0.0116512376	0.0705955053	-0.0669981252	-0.0383789789	0.1665544589	0.0500509283	0.0490565016	-0.0032314648999999997	-0.0389105992	-0.08135623	0.09693736609999999	0.0122163259	0.0269072	0.0007329999999999974	0.0007239974118399999	5.372889999999963e-07	-0.0374509	-0.0138997	0.00019320166009	0.00140256991081	-0.0482751	0.015369200000000006	0.0023304852800099998	0.0002362123086400002	-0.0006557889999999999	-0.00038965999999999984	4.30059212521e-07	1.518349155999999e-07	-0.000376179	-0.0002784891	7.755617881881001e-08	1.4151064004100001e-07	0.0005372959999999999	5.021499999999994e-05	2.886869916159999e-07	2.5215462249999937e-09
525.4159256838499	0.3949563469094528	0.15599051596406002	276061.89496221684	759.719589163716	0.5624759108852686	577173.8541590854	0.3163791503262126	444.76898132031477	0.5994764491770184	0.3593720131178863	197819.4467447105	444.7469567835669	749.3126892044487	1.017629	35.317245	0.045072	0.0271149	-0.0488798896	0.0632112371	-0.0132562918	-0.1383746369	0.0779941802	-0.0795006551	-0.0727327917	-0.1709639493	-0.00651286	-0.0132878979	0.0644176199	0.0310124538	0.0146896035	-0.0587179954	-0.0021498743	0.0391617913	0.0768512076	-0.10636707289999996	0.1470781367	0.0402928286	0.0702571231	0.1471123306	-0.0166371929	0.0999593474	0.07847286690000001	0.0644238298	-0.02477396	-0.0989356757	0.086612762	-0.0345154665	-0.0008108474000000001	-0.0979653566	-0.0057154738	-0.2928135864	0.011511248799999999	-0.061672216399999986	0.0823738691	0.0035201839	-0.0408486964	0.0550629454	-0.0086413176	-0.06834735509999999	-0.1281293486	0.0163580856	0.0144994632	-0.15513008820000002	0.0052347248	-0.0907130243	0.0622606904	-0.07227054769999999	0.0331694612	-0.0830707686	-0.013009836200000001	-0.1227893015	-0.015583715	-0.029362147	0.022381735899999998	-0.0565570124	-0.0417060714	0.0352096972	0.029224418500000002	-0.0771428375	-0.1158717548	-0.047156110099999995	-0.0222245669	0.044770430199999996	-0.010630093200000001	0.1049421592	0.0214727448	0.0807756362	-0.021881212999999997	0.10344971310000001	-0.1247656279	-0.026295655499999997	-0.058407738	0.0187036537	-0.0870122797	0.05119336730000002	-0.028812592999999997	-0.0837527596	-0.0299006083	-0.0200858828	-0.0220925787	-0.0390128823	0.0409668247	0.0312302672	0.029853803300000002	0.09719888550000001	0.0307328019	-0.1531379395	-0.1731346515	0.0133218997	-0.018061485800000002	0.0201878011	-0.0168959436	-0.0839222775	-0.0713032979	0.0525989644	0.0846284691	0.14177954	0.0110565366	0.08074579059999999	0.0786228015	-0.0118355598	0.0298666208	0.07441088	0.0288821617	-0.0051387706	-0.11350669109999999	-0.0934559323	-0.1610745975	0.0609960589	-0.0926585694	0.0635717381	-0.0787057752	0.0173786759	-0.1679567062	0.048503817000000005	0.114356156	0.057950039400000014	0.0216388626	-0.0634308019	-0.0210110049	-0.12753139970000002	-0.018557798400000002	-0.0171878053	0.0346091086	-0.043479326299999996	-0.0716982347	-0.019377363300000002	-0.0399187338	0.0020100017	-0.1285723242	-0.035551813599999996	-0.0161153859	0.025980068199999998	0.038714962400000004	0.0454126104	0.08131889440000001	-0.0344684787	-0.0803264947	-0.0596607863	-0.0700914127	-0.0531167937	-0.0065220624	0.1169488639	0.0639720451	0.0132479252	-0.040948641200000004	-0.009426676	0.054955801	-0.0040143698	-0.0259327744	0.0168006605	0.1093072189	-0.0458254022	-0.0521915219	0.0522132903	-0.0595426596	0.0933865894	-0.1130508903	0.0918486811	0.07817556490000001	0.037637536400000005	0.0476388201	-0.1242703982	-0.0196275319	0.00039379739999999996	-0.0444985919	0.06331533639999999	-0.0355195003	0.0629197376	0.0983281413	0.0977503535	0.070737726	-0.0109889397	0.0128837797	0.0603056725	0.0296261403	0.26250345329999997	0.0427870683	-0.0550412071	0.09488387949999999	0.0348739252	0.028486194300000007	0.0368068156	-0.06446759610000001	-0.0408098635	-0.07858083469999999	0.0995928192	0.0040797138	0.0244367	-0.002470499999999997	0.0005971523068900001	6.103370249999985e-06	-0.012526700000000005	0.0249242	0.0006212157456399999	0.00015691821289000012	-0.0564793	-0.008204200000000009	0.0031899113284900005	6.730889764000015e-05	-0.000593419	6.236999999999996e-05	3.5214610956100004e-07	3.890016899999995e-09	-0.000451905	-7.572599999999997e-05	5.734427075999996e-09	2.04218129025e-07	0.000588662	5.1366000000000064e-05	3.46522950244e-07	2.6384659560000065e-09
526.3491140147298	0.9331883308799434	0.8708404608904946	277043.38982409105	759.9022969775992	0.1827078138832121	577451.5009518315	0.03338214525398248	445.37419521648286	0.6052138961680953	0.36628386011496605	198358.17376472976	445.32672969249876	753.9217870572653	1.054749	36.60553400000001	0.07533395000000001	0.0482102	-0.0361103918	0.0388548634	-0.1393462123	-0.0083534708	0.1263442362	-0.12102843419999999	-0.0770590006	0.0285090635	0.0426439229	0.0271834025	-0.0429722125	0.07435408269999999	-0.0951142133	-0.0774451033	0.0621081752	0.0038119373999999998	0.013032219099999999	0.0699870508	-0.0772191391	-0.0748875549	-0.0817634353	0.0030531711	-0.0615559787	0.0585605771	-0.026998922400000003	-0.035590514	0.0135133924	-0.0236751395	0.0499337082	0.0492363863	0.0416672216	0.1346221966	-0.031236772000000006	0.009066805	-0.041034452400000004	-0.0980679218	0.1784075698	-0.151204749	-0.0890849225	0.0911616175	-0.13084480029999998	-0.1343300985	0.0549034199	0.0093939527	-0.0070218057	0.09672506380000001	0.0503601475	0.0753867652	0.1632245565	0.024815543	0.13953365410000002	0.05648145490000001	-0.1378858393	-0.1634182888	0.1324554641	0.0680481902	-0.037601051600000004	-0.0922948281	0.1065585888	-0.0735304593	0.0274515106	0.027771084100000003	-0.0480688557	-0.0178645607	0.0086618949	-0.0096130151	0.0428166089	0.0014351479999999998	-0.1488494458	-0.0542133317	0.096966375	-0.0370425784	0.023888853999999998	0.0786843645	-0.0616493445	-0.0448954017	0.0818850079	0.0483620751	-0.0351495786	0.0256924621	-0.0014175069	0.0839719567	0.0311538773	0.057472551399999995	0.0404333438	-0.0709096486	-0.0104256648	-0.018526335	-0.07981564	-0.061839867800000003	0.024176023900000003	0.0486679014	-0.0721818784	-0.1300086051	0.0006946332	-0.1114340072	0.0626150971	-0.0124835218	0.0076790562	0.0416031652	-0.08469306609999999	-0.1803104125	-0.1421890752	-0.0353163762	0.019360393700000002	-0.0054054664	0.0154405483	-0.0043665164	-0.0637293918	-0.1380409108	0.0688106067	-0.0587434599	0.11122965650000001	0.008234704	-0.0766014207	-0.007882840600000001	0.090841024	-0.1453995354	0.06631319	0.010339288	0.12377861150000001	0.08755243830000001	-0.1128841961	-0.169989588	0.12440953240000001	0.0170503714	-0.0873040195	-0.1339674002	0.0622266337	0.0010408243	0.08540041970000001	-0.0175553727	-0.0094216087	-0.039366027799999995	-0.0453092219	0.0079126658	0.0078934491	-0.1398827682	0.099487528	-0.094016534	0.053824536500000006	-0.0164706986	0.0380134453	0.07649813379999999	0.0656376575	-0.0606131119	-0.0679233865	-0.0429769334	-0.0104314822	0.0094089389	-0.0642856545	0.0394867874	-0.0032970501	0.014143633400000001	-0.058922361799999996	-0.0409621235	-0.0027943044	-0.0455992807	-0.025495788	0.042340154000000005	0.0076547215	-0.09518406619999999	0.063684943	-0.1112997975	0.0366029907	-0.0570503667	0.0820912469	0.022037319	-0.0449275753	0.019293381000000002	-0.0616400876	-0.1296876935	-0.1489254175	0.039870856	0.0434171796	0.0813405725	-0.0096044154	-0.054639655	-0.1014101396	0.057325537300000014	0.10704020539999999	0.0032795746999999997	-0.09049878550000001	0.0664494523	-0.126429243	-0.138799374	-0.09316238140000001	-0.0426948575	-0.07569553700000001	0.1019349164	-0.0040797138	0.0295457	0.005108999999999996	0.0008729483884899997	2.610188099999996e-05	-0.0205486	-0.008021899999999995	6.435087960999991e-05	0.00042224496196	-0.012508600000000005	0.0439707	0.00015646507396000013	0.00193342245849	-0.000407109	0.00018631	1.65737737881e-07	3.471141609999999e-08	-0.000581391	-0.000129486	1.6766624196e-08	3.38015494881e-07	0.000637513	4.8851000000000044e-05	4.064228251690001e-07	2.386420201000004e-09
526.5838947305027	0.23478071577289936	0.05512198449883497	277290.5981895452	760.4597539268501	0.5574569492508772	578299.0373424854	0.31075825026809506	445.2333898710573	-0.14080534542557646	0.019826145300415897	198232.7714560729	445.210177015727	763.1076127935582	1.118433	38.815701	0.0838444	0.045494699999999985	-0.0278583876	-0.053679940499999995	0.0728654625	0.0774087226	0.10573289529999999	-0.1177176444	0.0485192282	0.0219456694	-0.0038346182	0.013108166599999999	0.0386398791	0.0454400722	0.0940172355	-0.08230626	0.0344699919	0.0189470513	-0.0062627570999999995	-0.0192952544	-0.1242954426	0.0238921141	-0.0024198789	-0.014104584199999999	0.0371050535	-0.0745047229	-0.0786914796	-0.0225676358	-0.0668497337	-0.0232209414	-0.00038160580000000003	-0.0047375269	0.20337136690000002	-0.0016264028	-0.0984527234	0.0568118658	-0.0684160979	0.048485912199999995	-0.0630503284	-0.1256998061	0.09116210300000001	-0.15204647400000001	0.059462797699999986	0.10789342699999999	-0.060974435999999986	-0.0033593708000000003	-0.0401475623	0.1013809428	0.0504135816	0.0193315101	-0.0486426291	0.05481285650000002	0.0832061408	-0.0825432569	-0.0827942961	-0.0639965376	0.11642156529999999	0.028860302799999998	0.0645441153	0.09699125880000001	0.0873335611	0.0746700376	0.10481279560000001	-0.07744088889999999	-0.0852565631	-0.0900445059	0.0138470539	-0.08766423300000001	0.014867326	-0.059295625	-0.0391462743	0.0898978644	-0.0891430677	0.0793875364	-0.0403116184	0.0374073532	0.013646881699999999	0.0348905176	0.0085769811	0.1409852307	-0.0724931197	0.0594719866	-0.0041131035	0.08489148140000001	0.0101323995	-0.0829562762	0.1696240551	-0.0194162493	-0.0798468251	0.11786484130000001	-0.1054582016	0.055697849699999996	-0.037664344700000005	-0.09479328810000001	0.0928977632	-0.0230643756	-0.034627830899999996	0.0462136014	-0.098920486	0.0609868897	-0.13538516109999998	0.051395886200000004	-0.0813889418	0.0546360336	-0.012421193999999998	-0.0244810579	-0.0795127873	-0.0900886384	-0.0341087454	-0.046395528	-0.0238331562	0.0477054845	-0.0624519474	0.0719153196	0.0379473908	0.1513028223	0.0334167356	-0.0718499801	0.1301629635	0.013009765500000001	-0.0563748079	-0.0362854559	0.0795593574	-0.038438280899999996	-0.1047456148	-0.0888307567	0.12966305820000001	-0.0070820715	0.044929633	0.0466107907	0.10287003189999999	-0.0408805029	-0.0766213009	-0.08259359969999999	-0.14420249359999998	-0.0190986473	0.021293248799999998	-0.0709853565	0.005496995500000001	-0.0702750484	-0.06134187820000001	-0.0568768259	-0.0626852742	0.0063320745	-0.1088825425	0.0316408848	-0.001435716	0.0867264394	-0.0372670166	-0.045596652300000005	-0.0630221679	0.0765742811	-0.1562104226	0.0725470138	0.1244657152	0.0751915297	0.0867678498	-0.0678173612	-0.0174374336	-0.1117485924	-0.0640557558	-0.0412734964	-0.022602465099999997	0.0316454512	0.0696706187	0.1060139244	0.0182790656	0.0222312243	-0.0830807315	-0.0869158757	-0.0692832056	0.1801831928	0.0297314423	0.005947070600000001	-0.0046708182	-0.10384459550000001	-0.09429855470000001	-0.0616444208	0.0816989466	-0.0231158782	-0.0231347977	0.0129055426	0.07240341410000001	-0.029277106	0.1794310809	0.054892242699999996	-0.10454317390000001	0.0293503185	0.047677812300000004	-0.044564922	-0.07270437219999999	0.10395628859999999	-0.0122163259	0.0180422	-0.011503499999999995	0.00032552098084000003	0.0001323305122499999	-0.0347271	-0.014178499999999997	0.00020102986224999992	0.0012059714744099995	-0.045813199999999984	-0.03330459999999999	0.0020988492942399994	0.0011091963811599994	-0.000752657	-0.00034554800000000005	5.664925596489999e-07	1.19403420304e-07	-0.000450789	0.000130602	1.7056882403999998e-08	2.0321072252100002e-07	0.000658519	2.1005999999999954e-05	4.3364727336099997e-07	4.4125203599999815e-10
525.7553161471219	-0.8285785833808177	0.6865424688373627	276418.6524569601	760.3467832640973	-0.11297066275278668	578127.2308200602	0.012762370642803859	444.52569117785487	-0.7076986932024171	0.5008374403604087	197603.0901171496	444.3905322619767	762.6925412838393	1.080964	37.51530800000001	0.0438646	0.0238819	-0.0834184287	-0.0897122639	0.0559237761	-0.11645265910000001	0.0023644231	-0.0810231574	-0.0139371238	-0.1377933589	0.0071185410999999995	0.1065654822	0.0819963346	-0.0589051695	0.0623506872	-0.0195693956	0.0132141264	0.0895167311	-0.0550449835	0.0405794669	-0.0093798267	-0.0186772879	0.0001239043	-0.036626630800000004	0.029464944	-0.09217116410000001	0.042651668	0.0045796228000000005	-0.0326875896	0.0785524535	0.1275072043	-0.0202384394	0.023636430400000002	-0.0628406663	0.12230981630000001	0.0767585065	0.1351883511	-0.15657579230000002	0.0751132903	0.0641106084	0.005359479499999999	-0.10132824970000001	0.0117190745	-0.0170187031	0.05737887360000001	0.0320937437	-0.0406016586	0.0543722571	0.06507471599999999	-0.09639196679999999	0.0271811091	-0.0565388196	0.16799621399999998	-0.0743492261	-0.064090945	0.0031148207	0.0494447333	0.05809912160000001	-0.034634433	0.0540625388	-0.010190811999999999	-0.0207853597	-0.0622720825	-0.0388909702	-0.0732664988	-0.1223518051	0.0273270943	0.0303268658	-0.0081852428	-0.0767204302	0.0682924801	0.0049434268	-0.022548748900000002	-0.0199940552	0.056867272300000014	0.014330326000000001	-0.0831276263	0.0453064399	-0.0176993152	-0.1349684541	0.0313633524	0.0514114543	-0.1759186094	-0.049868750499999996	0.0742730937	-0.1786200804	0.056067959	0.0011380021	0.014376686000000001	0.1611032117	0.013283265700000001	0.0708169094	0.022501966600000003	-0.0188813018	-0.0804185144	0.0365897154	0.06581568139999999	-0.0457398971	0.1086735933	0.0929540503	0.1247227067	-0.10858509949999999	0.0668783506	-0.0495452523	-0.1176208648	0.0048069934	-0.0084458075	0.0008562647	0.0790145513	0.1041154673	0.0868355514	-0.049074998099999996	0.0363323281	-0.1197342966	0.0385503887	-0.1110208049	-0.0025003645000000003	0.050176488	-0.0059779297	0.08032697379999999	0.0936385634	0.07093417860000001	0.121884326	-0.024539299100000002	-0.0912479556	-0.031687037200000004	0.08432624279999999	0.0502900016	-0.0235466404	0.0766028882	0.0069660334	-0.0201092396	0.0075284461	0.0617853016	-0.1113179637	-0.0555902441	0.1072827848	-0.0052578830000000005	-0.0392863388	0.0222230509	-0.0628724905	0.0410802411	0.0676294742	0.0118632897	0.0039930414	0.012159419199999999	0.10982328539999996	-0.0738261231	0.11501634179999999	-0.025872360299999998	0.0344921454	-0.1227202028	-0.028554045400000002	-0.0208285582	0.20737018850000002	-0.0739669593	0.10272191259999999	-0.07407887190000001	-0.0220909616	0.0157965511	0.0001572261	-0.1223493283	0.0398480042	0.07194601639999999	-0.0483684298	-0.030836738500000002	0.0207511005	-0.046483366500000005	0.019114406299999998	0.2170675811	-0.00021541380000000002	-0.055074419299999997	-0.0748056864	-0.07935223400000001	-0.0129031093	-0.0198485061	0.0401026196	0.0508275819	-0.08450230339999999	0.06561335780000001	-0.0728494528	-0.0426670677	-0.1050834856	-0.011764143500000001	-0.0693583112	0.0524186165	0.0097564652	-0.0057427623	0.0733303216	-0.0464194031	-0.0696115238	0.1056505759	-0.0202846193	0.0175166	-0.0005256000000000012	0.00030683127556000003	2.7625536000000113e-07	-0.0437986	-0.009071500000000005	8.229211225000006e-05	0.00191831736196	-0.0609932	-0.015180000000000013	0.00372017044624	0.00023043240000000039	-0.000924558	-0.00017190100000000002	8.548074953640002e-07	2.954995380100001e-08	-0.000448407	2.382000000000046e-06	5.673924000000219e-12	2.01068837649e-07	0.000451052	-0.000207467	2.0344790670399999e-07	4.3042556089000016e-08
525.026357881814	-0.7289582653079378	0.5313801525607579	275652.6764706426	760.4294640531267	0.08268078902938214	578252.9698001256	0.006836112874521198	444.4713841430181	-0.0543070348367678	0.0029492540327619114	197554.81132201038	444.40176279553367	751.371756407932	1.085187	37.661896	0.07395215	0.037844800000000005	-0.1100737866	-0.0159053696	-0.10951672650000001	0.0416302183	0.0859066818	-0.1453097023	-0.062100735899999995	0.0297270864	0.0810840386	0.11475666289999999	-0.0751056047	-0.0351637806	-0.0541941246	-0.0547041437	-0.060113224000000014	0.0862265292	-0.0338557262	-0.0808533966	-0.0147658306	-0.018693429299999998	-0.07589179559999999	-0.0008675856	0.07547305230000001	-0.0346162077	-0.11384506859999999	0.0568175508	0.0111263715	0.053429726100000005	0.0467208191	0.0894596639	-0.0678012046	0.17451863480000002	-0.0022399122000000002	0.0512007971	0.0299471077	0.045361194199999996	0.0713695258	0.0364013599	-0.050423654000000005	-0.0174398557	0.0348368617	0.0100738341	0.0233571095	0.004632798400000001	0.0635163111	-0.057875281699999996	-0.0087197787	-0.0092337334	0.0823906267	0.1413358819	0.030052538599999998	-0.0298651922	-0.119119462	-0.078140394	0.0026164892	0.1416722766	-0.0775160553	0.0566648999	-0.0845772392	-0.0379692811	-0.06706346490000001	-0.11456096730000001	-0.09675142460000001	0.0085716684	0.10273015099999999	-0.0793255052	-0.059151608499999994	-0.09277306910000001	0.0715257639	0.0152051274	-0.1018211522	0.012879624899999999	0.0063624149	0.0940250312	-0.05223915639999999	-0.027135518799999998	0.025506731499999998	0.020270879199999998	-0.1274175965	-0.0295618079	0.10785532880000001	-0.0022760041	0.0337516128	0.0920562483	0.0185337664	-0.10979712330000001	0.033626764100000005	-0.0334038053	-0.08554252279999999	0.034780732	0.0789199844	0.0554897766	-0.013761773	0.0174498625	0.0331608498	-0.0807280573	-0.009116504499999999	0.0334836002	0.0103025654	0.025035954300000003	0.0247114679	0.072893706	0.1524238048	-0.0726691963	-0.10823878279999999	-0.0218852006	0.010029097399999999	0.05013199980000002	0.0064606952	-0.1068511042	0.14263398019999998	0.0720838475	0.0382816567	-0.0098775063	-0.10947349599999999	-0.08228700809999999	-0.0644842949	-0.0645383732	0.042637200599999994	-0.137586243	0.0744357255	-0.0126820098	-0.1096714973	-0.09389501089999999	0.0220770667	0.1546471931	-0.0918592671	0.0537788812	-0.05283198309999999	-0.07837748559999999	-0.0073122301	0.10538655570000001	-0.116995125	0.095024985	0.0716789676	-0.0350765256	-0.0409480179	-0.0416775708	-0.08509514539999999	0.0087044168	0.0186824284	-0.0314262065	-0.1452578585	0.0244480377	0.011279998000000001	-0.0515324742	-0.018905019	-0.0663273506	-0.050908156399999994	0.0337928059	-0.0429630275	-0.0019139457999999999	-0.14045776599999998	0.0321161652	-0.0921022302	-0.05697025660000001	0.031396367	-0.07913012929999999	-0.0314119882	0.0278331406	0.0165072608	-0.016316340500000002	0.0433685737	-0.09205027	-0.090243329	-0.028640053999999998	0.008810585400000001	0.08561190789999999	-0.044760904000000004	0.0110266538	0.0882769182	0.1422978794	-0.0116861428	-0.0522008273	0.045789334699999996	-0.056624553	0.0129674969	0.0174981708	-0.1171426001	-0.07330568929999999	0.0780693388	-0.0461475092	0.0309006048	-0.0489187133	0.0125247225	0.0868690726	-0.08857334039999999	-0.0482576524	-0.0664213173	0.10701244730000001	-0.028239472999999998	0.0374305	0.019913900000000002	0.0014010423302499998	0.00039656341320999986	-0.034735300000000004	0.009063299999999995	8.214340688999994e-05	0.0012065410660900002	-0.0408381	0.02015510000000001	0.0016677504116099995	0.0004062280560100004	-0.000547311	0.000377247	2.99549330721e-07	1.4231529900900006e-07	-0.0005114680000000001	-6.306100000000009e-05	3.976689721000012e-09	2.6159951502400004e-07	0.000507141	5.608900000000005e-05	2.57191993881e-07	3.145975921000006e-09
524.9857576926901	-0.04060018912389296	0.0016483753568958762	275610.0457801679	759.3831426302951	-1.0463214228316249	576662.7573110631	1.0947885198763956	443.94498877473467	-0.5263953682834313	0.27709208375024924	197087.1530581993	443.9241698641325	750.6586283152196	1.059518	36.77103	0.07273219999999997	0.036707300000000005	-0.1153601199	0.0295080501	0.08764244189999999	-0.0110397407	0.10772998199999999	-0.13343829869999999	0.0499591728	-0.0204781628	-0.060088730300000004	-0.0233442102	-0.11583274789999999	0.062041728399999996	0.0240290083	0.0674087993	-0.0130085305	-0.0863801282	0.0247381014	0.0868054248	-0.0589544233	0.049377276799999995	-0.0525691756	-0.1686215965	-0.006714286	0.0018322981	0.0185855363	-0.1533883326	0.027501571000000002	0.069311062	0.0194932325	-0.0313160028	0.1302716237	0.025086805400000002	0.1407724051	0.0379277237	-0.0028210144	-0.0148278201	-0.11367515	0.0368031498	0.021176774	-0.0408886912	0.0294056013	0.0089286374	0.0206435718	0.1674152468	-0.040061549	0.0276814957	0.0095418824	-0.14406865789999998	-0.0474949051	0.1379554683	0.03690414	-0.06925154780000001	-0.078937641	-0.0134950145	-0.0317800907	-0.0322287415	-0.0963093582	0.0162468715	0.0006027183	-0.0599464211	0.0441281468	0.0705958903	-0.0410950567	0.1250822656	0.034748613	-0.030423247999999996	0.0190896174	0.062285613	-0.0976479666	-0.04759081440000002	-0.030603559199999998	-0.089871664	-0.08082747629999999	-0.1815409438	0.008624051800000001	-0.021447442799999997	-0.0800544985	0.0162619799	0.0796201035	0.0281671004	0.1105510048	0.030430952799999997	-0.0228501201	-0.080506297	-0.0079618012	0.036224819	-0.00018580900000000002	0.0843227673	0.012600211299999999	0.1481397735	-0.0831368799	-0.05079054	-0.0258046395	-0.047392310099999994	-0.0627684173	-0.0995838981	-0.013627566200000002	0.149137725	-0.0353172911	-0.0308378063	-0.0457348771	-0.047737548399999996	-0.0721341142	0.030132934700000006	-0.0237934353	0.023027753999999998	0.1672232662	0.12386346220000001	-0.0718510691	-0.1400831613	-0.0478197749	0.0868848617	0.0019101728	0.0157949743	0.0651145291	0.076886502	-0.0102884143	0.1278659997	0.0208869612	-0.137870587	0.0805157731	-0.052663997000000004	-0.10025515210000001	-0.024428573	-0.059783643	-0.0340716265	-0.0882350875	0.0317331191	0.00730979	-0.0049759021	0.0607397971	-0.042013321900000004	0.0394246748	0.14418739220000001	-0.031350129500000004	0.0196209203	0.010104417099999999	-0.022349909700000004	0.0686357988	-0.040794115	0.0392677513	0.07827277469999999	0.0934402436	-0.1426441847	-0.0081179107	0.0966839946	-0.0470249358	0.14636515419999999	0.0671160472	0.07827214099999999	-0.0656084928	-0.0102703413	0.0065512942	-0.0686112027	0.0522997163	0.0355877203	0.0048318343	-0.0069855959	-0.0212109644	-0.1647697129	0.027357491299999998	0.010579141799999999	0.0731304366	-8.5264e-06	0.011439353000000001	-0.0026214612	-0.030887961499999998	0.10050186380000001	-0.06845602719999999	0.0914405336	-0.040286986000000004	-0.1061555373	-0.042973188499999995	0.0093528128	0.0560406574	-0.0662076005	-0.1360102976	0.1590266092	-0.06280347230000001	0.10393408039999999	0.08831926400000001	-0.090314854	0.045562091799999996	0.0195532179	0.018469173300000002	-0.0632612242	0.0478801195	-0.0500790271	-0.0631382147	0.10803761810000001	-0.0360364	0.0354112	-0.0020193000000000016	0.0012539530854399998	4.0775724900000064e-06	-0.0133187	0.0214166	0.00045867075556	0.00017738776969000004	-0.0654213	-0.02458320000000001	0.00427994649369	0.0006043337222400003	-0.0007750549999999998	-0.00022774399999999975	6.007102530249996e-07	5.18673295359999e-08	-0.000421926	8.954200000000007e-05	8.017769764000013e-09	1.78021549476e-07	0.000330165	-0.00017697600000000002	1.09008927225e-07	3.132050457600002e-08
525.0381413520234	0.052383659333372634	0.002744047765154838	275665.04987438733	758.926064913732	-0.4570777165630489	575968.7720054422	0.2089200389784908	443.8629516790256	-0.08203709570904039	0.0067300850723742535	197014.31987321703	443.8066528675473	748.5920724157745	1.080356	37.494232	0.05572315000000001	0.0258254	-0.1428905043	-0.0120595508	-0.0837233337	-0.089779661	0.0969094343	-0.1087291655	-0.1203183776	-0.0102369965	0.1152932473	0.0369650885	-0.0437232965	0.040820065600000004	0.0519187909	0.047326269299999994	0.0118130967	-0.038991892400000006	0.0859505335	0.0805874585	-0.0202445527	0.0780188827	-0.0680350797	0.0017674020000000004	0.014650470300000001	0.0183422371	-0.0134752194	-0.027937403700000002	0.071519203	-0.000154182	0.0603664215	-0.089911306	-0.1068707453	-0.043850589599999996	0.1038570053	-0.0037584719	-0.19010037100000002	-0.1408208733	-0.022286505499999998	-0.0078736989	-0.09562163050000001	-0.0962058067	-0.0708019488	0.0079720062	-0.0264283513	-0.1087334125	-0.1059253869	0.1350469233	-0.0243149029	-0.1476318838	0.1158030971	0.0689144674	-0.0613505185	-0.13156633410000002	-0.0776185003	-0.0579653732	0.0838786507	-0.0347787483	0.033935110899999996	0.0204570333	-0.0023083223	-0.0152216174	0.0070012044	-0.0746584276	0.0204502123	-0.0048763968	0.012485768799999998	-0.15246383189999999	0.0631598706	0.0033543384000000002	0.1373850856	-0.017570265	-0.0022650373000000002	0.028563647299999998	0.0023269104	-0.02131389	-0.09315447380000001	-0.0643460329	0.1208410451	0.0482194289	-0.11044998880000001	-0.08540573119999999	-0.0235921904	-0.038350859300000005	0.0035011527000000002	-0.0935491351	-0.0962837257	-0.0051641955	0.0341243758	-0.068512685	0.0864937383	-0.061877658700000004	0.0675833209	-0.0453380839	-0.0295649731	-0.09111537289999999	-0.10849092949999999	0.015356562800000001	0.0579637948	0.10998760169999999	-0.0716723804	-0.0868100969	0.0590309847	-0.0030720024	0.0314969607	-0.1492564727	0.0368783646	-0.0454133732	-0.027382563999999998	-0.1049621401	-0.08616355369999999	0.1025911927	-0.034956567	0.0271228094	-0.0616237418	0.0137250555	0.1137287392	-0.0637273716	0.1150026823	0.011768926599999998	0.1650060437	-0.1223719075	-0.0176059865	-0.1386940799	-0.0850049792	-0.063994105	0.056769345599999986	-0.0646186762	0.0326570506	0.008687045	-0.0079248431	-0.0368750779	-0.008283983100000001	0.0292689051	0.0003844276	0.064739187	0.013969831299999999	-0.1346840278	-0.0281725146	0.0265496583	0.0378263701	0.0977946075	0.0103460151	-0.09043976150000001	-0.081453074	0.0269676744	0.0804200792	0.0157772459	-0.0774753869	-0.11379324369999999	-0.1400204667	-0.0312204037	0.0281661323	-0.08266040549999999	-0.078414556	-0.12392878730000001	0.0565467472	0.041356300000000006	-0.0022673135999999997	0.035157307900000004	0.10626294230000001	0.0269922071	-0.0447876487	-0.07297462	-0.0070179247	-0.023198958500000002	0.025016771299999997	0.1070610211	0.00035505	0.1025344665	0.043870026500000006	0.0855113035	0.05271335480000002	-0.0671003475	-0.0180741051	-0.0757183463	0.0040160545	0.0444656096	0.1572566229	0.0344559211	0.0915552375	0.0349190447	-0.015411766200000001	0.0777893933	0.0509886198	-0.1135255553	-0.0921525626	0.0195672907	0.0701104334	-0.0518828902	-0.0597668075	0.1087228625	-0.043631796900000006	0.015276	-0.0201352	0.00023335617600000002	0.00040542627904	-0.0147736	-0.0014548999999999983	2.1167340099999957e-06	0.00021825925696000002	-0.0524764	0.012944900000000002	0.00275377255696	0.00016757043601000005	-0.000924558	-0.00014950300000000027	8.548074953640002e-07	2.2351147009000082e-08	-0.000289583	0.000132343	1.7514669648999998e-08	8.3858313889e-08	0.000188248	-0.000141917	3.5437309503999993e-08	2.0140434889e-08
524.8740562699794	-0.16408508204403915	0.02692391414939906	275492.77494530147	758.8182893165305	-0.1077755972015666	575805.1962012658	0.01161557935215433	444.50771197811287	0.6447602990872952	0.4157158432791383	197587.106008017	444.4719197707218	746.2771414336011	1.073327	37.25027100000001	0.07425549999999999	0.045254400000000014	-0.1607914674	-0.016460116299999997	0.0291804162	0.0826487328	0.14202328220000002	-0.0682296859	0.021266072400000002	-0.028559934500000002	-0.0023798749	-0.074164414	-0.032228772999999995	-0.11150230130000001	0.011154404299999999	-0.054562204100000004	-0.038157234500000005	0.1293652142	-0.0266474334	0.0645894895	0.1378280573	0.0074593804	0.0867220573	-0.1208237057	-0.0790211738	-0.1165059757	0.1003414239	-0.1531810666	-0.0391943128	-0.0510132983	-0.08956991689999999	0.1291608689	0.049149662000000004	0.0667048762	0.1044244712	-0.1386586728	-0.1624419601	0.0521293201	-0.0420763972	-0.0019331539	-0.06061435990000001	-0.0031827234000000003	0.003601669	0.0539424301	-0.0628093149	0.11652444349999999	-0.0913978299	-0.0175035187	-0.0351380337	-0.1210327991	-0.0156185752	0.0829231108	-0.044446336399999994	-0.1527090428	-0.026061812900000002	-0.1054760635	0.1229373096	0.0535748033	0.0876791852	0.1779953633	0.0028906878999999997	-0.019173991499999998	0.1107755668	0.0939161186	0.11166942519999999	-0.0273283531	-0.0039080655	-0.0607228561	0.0151564044	0.1283884183	0.0129825549	0.1133132016	0.034639003599999996	-0.0330869294	-0.14779413	0.0273414852	0.0415221774	0.024840113100000002	0.0401714671	0.06458415690000001	0.0164638091	0.055058641799999995	0.0465703559	-0.1305830672	0.10502716460000001	0.0627403784	0.0078140802	0.0232895912	0.0486207237	0.0391697777	0.0424623466	0.0527452423	0.1131533239	0.0358429129	-0.0126154541	-0.029557202799999998	0.08945209189999999	0.0573578719	0.1392111267	0.0008280099000000001	0.0311268604	0.063314747	0.0102207637	-0.055816988600000006	-0.06822269519999999	-0.0056233512	0.1037678306	0.0111230876	-0.13562348359999998	-0.0340457666	0.115775087	0.0789734325	0.0079276646	0.0791515625	-0.0172536617	0.0150878901	0.0208055924	0.0181001439	-0.0745615298	0.07426171549999999	0.031198077400000006	-0.1286957798	-0.016876992900000002	-0.1446692913	-0.0472546516	-0.1389802202	0.13006395910000002	0.0188920704	0.0998209339	0.1516825274	0.0688906393	-0.018751756100000003	0.0302601211	-0.1228945843	0.08501522619999999	-0.0050809757	-0.0084238935	-0.1037978189	-0.0495358306	0.0977675195	0.0936685486	-0.105659746	-0.061381672199999994	-0.056856725	-0.0071640702	-0.052999240499999996	-0.0795171654	0.051093180599999996	-0.0044569519	-0.0476832392	-0.0030693789	0.016512816899999998	-0.0265315254	-0.1629459274	0.0847871892	0.023851095	-0.1184920578	-0.04903235190000002	-0.0181357686	0.0300813087	-0.0461306613	-0.0688108585	0.13034530800000002	-0.0674361686	-0.1056512132	0.004933105300000001	-0.0228346483	-0.024050702400000002	0.09000185699999999	-0.0115774898	-0.0245355397	-0.0047122212	-0.066690773	0.0044375934	0.0084262322	0.037326576	-0.0206607655	0.1337282832	0.0309476152	-0.1559992895	0.0332067237	-0.0545049943	-0.0595958525	-0.07530815860000001	0.0463279621	-0.010607505	0.08725713550000001	0.0846530647	0.053869715	-0.0536686109	-0.05631181110000001	0.1090660245	-0.0509831871	0.0218311	0.0065551	0.00047659692721	4.296933600999999e-05	-0.0343347	-0.0195611	0.00038263663320999984	0.0011788716240899995	-0.0500177	0.002458700000000001	0.00250177031329	6.045205690000005e-06	-0.00166779	-0.0007432319999999999	2.7815234841e-06	5.523938058239999e-07	-0.000459962	-0.00017037899999999996	2.902900364099999e-08	2.11565041444e-07	0.000188247	-9.999999999886402e-10	3.5436933009e-08	9.999999999772805e-19
524.6367161575017	-0.23734011247768194	0.05633032899091873	275243.68394052703	759.0886968810777	0.27040756454721304	576215.6497326128	0.07312025096435519	444.5362256902815	0.028513712168603437	0.0008130317816339635	197612.45595096087	444.438948701147	746.4716854356177	1.046022	36.302639	0.05406945500000001	0.0250472	-0.1893429618	-0.05283283230000002	0.0038828708000000003	-0.10745558460000001	0.0543134711	-0.048004959400000005	-0.06917591440000001	-0.09797305199999999	-0.0080317327	-0.0385706615	0.0062046958999999995	-0.0816615934	-0.0209484443	0.0267337162	-0.0234959065	-0.0488021813	-0.11952489349999999	0.0081643205	0.0546784549	0.0544279999	0.05932773	0.0095200111	-0.0353252914	-0.0245112325	0.0003724024	-0.0323457454	-0.0641625982	-0.021781469900000003	0.007802100699999998	0.0345892008	-0.14710138820000002	-0.0385748672	0.0449431287	0.113683765	0.0955651558	-0.1966140957	-0.0014635142999999998	-0.09244367099999999	-0.0592743571	0.046131701100000005	0.0691838826	0.1111173371	0.0156869102	-0.07840004099999999	-0.0551228717	0.0014864838	-0.1039192233	-0.18417769609999998	0.0243508635	-0.0353961745	-0.0068251325	-0.1583042031	-0.0482099553	-0.1325292226	-0.0719111388	0.1456227614	0.042977590999999996	0.0014026763	0.0264232779	-0.06611618150000001	0.0303855782	0.0354025128	0.0909924814	-0.14847094289999999	0.0319128473	0.0650625245	-0.010964823600000001	-0.0851417325	0.0637931191	0.0248788889	0.0235168024	0.0465260965	0.0617828787	0.0111880012	-0.1433712637	-0.030420516800000002	-0.0879072671	-0.0612279978	-0.1165365448	-0.0617695551	-0.1502068208	0.11209845460000001	0.0786860261	0.1338672899	-0.0312137723	-0.0137187377	-0.0256735421	0.0047025322	-0.025633467799999997	-0.0373165496	0.021794218900000002	-0.15372543800000002	-0.0348177181	0.023401071000000002	0.1274007741	0.0905402828	0.0539168354	-0.0990190426	0.0317571691	0.0264420475	-0.021245699700000002	0.0742731871	-0.0841472592	0.0161851179	0.0367831453	-0.029317652000000007	-0.0292847976	-0.008878244799999999	-0.1514776195	-0.0315805212	0.107623507	0.047896982000000005	0.0095729895	-0.04434383769999999	0.0617195996	-0.0964264891	0.14475164570000001	0.1329749442	0.13920665869999999	-0.0018720632999999999	-0.011049501000000002	-0.15244351890000002	-0.0641828071	-0.13558805	-0.0283951689	0.1413140297	0.0351819469	-0.0133290767	0.0495474354	-0.0281930687	0.0878593119	-0.0352131693	0.041938121099999996	-0.155687887	0.11014153880000001	-0.0182025491	-0.0149303576	0.010749911899999999	-0.0603844741	0.0010373017999999999	0.0258762781	-0.0553052546	-0.0568907938	0.0070835047999999986	0.1616502786	-0.014220940900000001	0.075136811	0.0249995892	-0.0878708416	-0.1977366736	0.0088513579	0.1293883991	-0.0598433485	0.09778599	-0.0844187973	-0.012509305	-0.0294664259	-0.0221465004	-0.0596371692	0.022829370800000002	-0.0006048762	0.024980143700000002	-0.1519337983	0.0047578804	0.1590150942	-0.006358489	-0.0016081456	-0.0193108902	0.041223671600000004	-0.0278779616	-0.0787073159	-0.036883904	0.09564173109999999	-0.060614293799999996	0.0027102734999999998	0.0207249746	-0.043466851900000006	-0.0100061621	0.0467725571	-0.07861070070000001	0.17741382460000002	0.10187504359999999	-0.0099553258	-0.1392499125	-0.1239594571	0.0143219517	0.038944486	-0.055435565	-0.0527780575	0.1090660245	-0.05804945860000001	0.0294838	0.007652699999999998	0.0008692944624399999	5.8563817289999974e-05	-0.0226152	0.011719499999999994	0.00013734668024999983	0.0005114472710400001	-0.057668100000000014	-0.0076504000000000094	0.003325609757610001	5.8528620160000135e-05	-0.00132023	0.00034756	1.7430072528999995e-06	1.207979536e-07	-0.0005114680000000001	-5.1506000000000106e-05	2.6528680360000103e-09	2.6159951502400004e-07	4.63759e-05	-0.00014187110000000002	2.1507241008100008e-09	2.012740901521e-08
525.700806898126	1.0640907406242377	1.1322891042822387	276361.3383733407	759.010242586056	-0.07845429502162915	576096.5483505436	0.006155076407340824	444.1771118862216	-0.3591138040599162	0.1289627242663839	197293.30672358503	444.10014197749604	749.1584253094983	1.079674	37.470558	0.06453645499999999	0.027990800000000003	-0.1532589772	-0.043616556699999996	-0.09422516869999999	0.08238953759999999	0.1099503822	0.046919692199999995	-0.0467846353	0.042935772999999997	0.0383463773	-0.0431726333	-0.0490598842	-0.1312623367	0.0436002875	-0.0854195985	-0.0325134792	0.0884531157	-0.0033514067999999998	-0.012372798700000001	0.0509216524	-0.1630828255	-0.0348244301	-0.1121279057	-0.054390972	-0.0193707172	-0.028340808399999997	-0.13353190210000002	-0.0892183318	-0.039164518100000004	-0.1449429775	0.0234231617	0.027106711600000003	-0.0301704329	-0.1130017433	-0.11859074369999999	0.0046195728	0.1623836656	-0.0600262008	-0.006566708	0.0074961203	0.0051426657	0.0825131887	0.08079774049999999	-0.1481427767	-0.0356639724	-0.0779007992	-0.061176900599999987	-0.0137113658	-0.08913056789999999	0.0482102416	0.1477952893	-0.09134465259999999	-0.1252487266	-0.0165024501	-0.09710227800000001	-0.0942605018	0.1322541394	-0.0525762304	-0.0929052875	-0.036816	0.0543216141	0.1154395933	0.1367438674	-0.0108699744	0.0485935221	0.2093959138	0.1650493636	-0.051224022	-0.060024242900000004	-0.012602138200000002	-0.0173453733	-0.0388784993	-0.111707507	0.0020586512	0.060836158700000004	0.015973181	-0.0286474894	-0.0458642374	0.07916381759999999	-0.012381748400000002	0.0805406667	0.08335186559999999	-0.0651672668	-0.013135605500000001	0.001536054	0.0262020146	0.0807083662	-0.055704185499999996	-0.11433875800000001	-0.028717890299999996	0.045785592199999996	-0.0292792966	-0.0616425876	0.0255259879	0.0014002912	-0.0444580276	-0.0027392274	0.0050713665000000005	-0.1662391913	-0.1935855562	-0.0626173207	-0.0699110047	0.006992876800000001	-0.0640453175	-0.0703970889	-0.0825884149	0.022530525	-0.128844898	0.084413105	-0.0354199694	0.1227106809	-0.0253495277	-0.06940103190000001	-0.0040339473	-0.0179261803	-0.0016787484	0.0551202955	0.0146361499	0.008385849	0.0593263592	-0.1764213302	-0.014934083400000001	-0.1428280146	-0.0176179272	-0.0971190361	-0.05839851030000001	0.1624973305	-0.0731434045	-0.08450700859999999	-0.0428193316	0.0545532439	-0.0134879096	-0.1585436991	0.0661771094	0.0487280145	0.1393127807	0.20022231170000002	0.0491710072	-0.0029021956	-0.0573459058	-0.0969961102	0.1483721968	0.0207862266	-0.0568424317	-0.0123580061	-0.11347172539999999	0.0102918767	-0.023584398	0.0881719101	-0.0144457094	0.055708187699999995	-0.1034620116	-0.0678973179	0.034089386	0.0740175616	-0.0552758254	0.0513594433	0.0856337152	-0.0062182459	0.0007961638000000001	-0.0422280591	0.0152605166	0.0318705153	-0.0133444572	-0.0279828409	0.08330186190000001	0.10798636539999999	0.043803543	-0.1650496716	0.0431348226	-0.0215155382	0.1061999824	-0.0592672831	-0.0741361743	-0.1722789677	-0.0188740781	-0.021328395099999998	-0.04617114730000002	-0.1132219624	0.06958764740000001	0.0763296021	-0.0466154723	0.0761146512	0.005434094	0.0268820901	0.0048047006	-0.0712810313	-0.0501412343	-0.0571831344	-0.049170489000000005	0.1087228625	-0.06479109400000001	0.015949999999999995	-0.013533800000000002	0.0002544024999999999	0.00018316374244000004	-0.0356833	-0.013068100000000001	0.00017077523760999994	0.00127329789889	-0.0676206	-0.009952499999999996	0.0045725455443600006	9.905225624999991e-05	-0.000968234	0.00035199600000000004	9.374770787559998e-07	1.2390118401600005e-07	-0.000445695	6.577300000000004e-05	4.326087529000005e-09	1.98644033025e-07	0.000188248	0.00014187209999999998	3.5437309503999993e-08	2.0127692758409995e-08
527.4295986412135	1.7287917430875268	2.9887208909676093	278181.98152283154	758.6450911141649	-0.3651514718911813	575542.3742716195	0.13333559742429613	444.22360479813193	0.046492911910320345	0.0021615908579008074	197334.6110598469	444.2121601841339	768.1052313249572	1.118684	38.824429	0.05503549999999999	0.0366958	-0.0653397903	-0.0696218298	0.0799625104	-0.020690128500000002	0.1230394625	-0.0040530328	-0.0004208519	-0.0636509767	-0.01855257	-0.0757443524	-0.0934970796	0.0963196372	-0.0572245007	-0.1406019473	-0.059793263799999996	0.0069503646	0.0676622872	0.047437388600000005	0.0960072275	-0.0779479804	0.0815551778	0.0044067152	0.0449832866	-0.034807762799999996	-0.0038382988000000002	-0.10600211949999999	-0.0431922767	0.0275628432	-0.0338570422	-0.002114916	0.0770232314	-0.023171640099999998	0.0564591424	-0.0127176126	0.0985151742	-0.07444547879999999	0.0178156958	-0.08572865460000001	-0.0215228254	0.1275118147	-0.0968139218	0.135281695	0.0298490082	-0.060790695199999994	0.0532504888	0.09864548050000001	0.0112892923	-0.1658186475	-0.028154214900000002	0.0132193418	0.0351178144	-0.21140115690000005	-0.0196025791	0.0040452725	-0.1240133829	-0.0183230005	-0.0936218939	0.0407779464	0.0847004019	-0.061448157300000014	0.032066976000000004	0.0580644808	-0.042023428099999996	0.0951728597	0.011777676899999999	-0.0502526208	0.0440176479	0.0482360212	0.0500448102	-0.09753954109999999	-0.0490687179	0.1385583016	0.0763781469	0.022539076800000002	0.0355733576	0.0954575057	-0.0251173765	0.0203991432	0.0403793614	-0.07599150219999999	0.0020219757	-0.026638140699999997	-0.0185128929	0.0458706092	-0.055858862300000006	-0.0382031974	-0.116775431	-0.1331200411	0.021289992999999997	0.0198530404	-0.0114094573	-0.07301843969999999	0.13002272039999999	-0.0068157958	-0.0314541137	-0.0196532898	0.148988001	-0.12672576359999999	0.01790957	-0.0892540113	0.1467103165	-0.0416465829	0.0820605163	0.089626021	0.0748981935	0.0736374207	-0.0162435254	-0.0209150073	0.06453215679999999	-0.052054712999999996	-0.13746524710000002	-0.1527827559	-0.1274965702	0.0277868775	0.012443686200000002	0.0828590053	-0.006430477800000001	0.1557824085	0.0736008364	-0.0215597389	0.0743646824	-0.2041890268	-0.0584520642	-0.0050266309000000006	-0.1189861124	-0.0027701689000000002	-0.0911493352	0.027763375099999998	0.07516145519999999	0.0153045515	0.0577849428	-0.0595783026	-0.0017151229999999998	0.0834704134	-0.0318254745	0.0322232189	0.0629471924	-0.0098927797	0.0339269774	0.14881230199999998	-0.1119737856	0.0372383284	-0.052556497	0.0744719708	-0.014955169099999999	0.0360799045	0.0322577155	-0.0227086427	0.0542727539	0.034616314700000005	0.029301727200000002	0.0178622909	-0.04947633269999999	0.0500996772	-0.0823760487	0.01531199	-0.0198806963	-0.09193632480000001	0.1347794873	0.0262262127	0.0658234807	-0.0142311751	0.0271213616	0.1489111557	0.1010307941	0.0745893849	0.0923372284	0.038084696200000004	0.1088434619	-0.1278217068	0.11470549769999999	0.09803704070000001	0.0151557028	0.0992594588	-0.0254547156	0.0551159642	0.0092859051	0.015741359	0.0654821736	0.1660171144	-0.1765902	0.0631213695	-0.0449794646	0.0557343662	0.0392676364	-0.05617930610000002	0.023894625299999996	-0.058910708099999994	-0.0454941512	0.10803761810000001	-0.07117039139999999	0.0294813	0.013531300000000005	0.00086914704969	0.0001830960796900001	-0.0437693	-0.008086000000000003	6.538339600000005e-05	0.0019157516224900003	-0.06893830000000001	-0.001317700000000005	0.004752489206890001	1.736333290000013e-06	-0.00159755	-0.0006293160000000003	2.5521660025e-06	3.960386278560002e-07	-0.000433001	1.2694000000000052e-05	1.6113763600000132e-10	1.87489866001e-07	0.000188248	0.0	3.5437309503999993e-08	0.0
528.128156694637	0.6985580534235396	0.4879833540028848	278919.3498936751	758.5777313659139	-0.06735974825096491	575440.1745242566	0.00453733568443337	444.5072305923167	0.2836257941847293	0.08044359112691844	197586.67804885094	444.47647591096376	780.0407214323668	1.181049	40.988819	0.17699817500000006	0.08947249999999997	0.0440160008	-0.0019571073	-0.0648886271	-0.116054578	0.0095361457	0.0367617452	-0.0787811025	-0.0789247546	0.0648984158	-0.0490637032	-0.0059300232	-0.0665833747	0.1197182954	-0.058742169500000004	-0.023649566099999998	-0.06218988690000001	-0.1409248024	0.0176669355	0.15154187449999998	-0.1023149993	0.0659838546	-0.07917296759999999	0.0165185048	0.13006174339999999	-0.0871693636	-0.020008961699999998	0.08845497869999999	0.026090948	0.0777073009	-0.0215826923	0.0013347039	0.0028929005	-0.0558958152	0.0052666626	-0.0463379802	-0.0014863067000000002	-0.10232348529999999	-0.0943168959	0.1406039406	-0.0111996201	0.0470720921	-0.0728201965	0.0624667495	0.1438720703	-0.0385486054	0.0776207167	0.1853469475	-0.0672171966	0.04200480349999999	-0.0569366351	-0.1729821113	-0.1745156226	0.0267291304	0.008122550400000001	-0.009072779	-0.0574931706	-0.04748408480000001	0.0408508509	-0.10190889119999999	0.092243288	-0.0614026621	0.10343581730000001	0.08915012859999999	-0.11380250160000001	-0.0631633272	-0.117187129	-0.027930048500000002	0.0126194238	-0.0396042504	0.0482916716	-0.1429690741	-0.0646145728	0.0544362958	0.1657211801	0.1392232778	0.012591968899999998	-0.030220918700000002	0.053935524299999996	-0.0107368436	-0.0698203931	-0.051296015300000004	0.0511537566	0.047735983899999994	-0.0389651259	0.0343452394	0.0046316534000000005	0.0866354561	-0.0630926748	0.1795865666	0.0025801282	0.0029678854999999997	0.1366119932	0.0183540349	0.0781305482	-0.1509244004	0.1421848831	-0.0721006879	-0.0313716448	-0.0708173207	0.1113504146	-0.0486622062	-0.0300709995	-0.2178820487	0.0699093332	-0.038126236800000005	0.0663049245	0.1436229907	-0.0857172634	0.0918721119	1.62985e-05	-0.037312271200000004	-0.060383367	-0.07652792650000001	-0.0495842101	-0.16092664550000002	-0.0993318789	-0.0060683790000000005	0.010072688100000001	0.0852064119	0.0088243822	-0.1514851457	-0.19924960309999998	0.0070165561	0.024228694500000002	-0.027867540899999998	-0.0341030404	-0.0061707236	0.09333952699999999	-0.0938202417	0.1552963089	-0.0179817449	0.0160334502	0.0089884632	-0.0762620716	0.041501457	-0.1128175399	-0.1377634884	-0.0023075861	-0.023611000099999998	-0.0358068892	0.0126387857	0.12409423289999999	-0.0942318832	0.0804794549	-0.1940632982	0.0184442246	0.0160178359	-0.09004123369999999	-0.0199156821	-0.115517083	-0.0081615617	0.0157749342	-0.022731636	0.0477542079	0.0362605885	0.0021216823000000003	-0.050085071200000005	0.1350764592	0.1014821196	-0.0597204209	0.0373654573	-0.0124637822	-0.0017100548000000002	-0.0001985368	-0.1429438894	0.0701388153	0.111427345	-0.2202484172	0.0562994262	0.0444084093	-0.15675093869999998	-0.139788666	0.0168892545	0.1060848038	-0.0751074975	-0.09593354	0.0495524921	0.1850333167	-0.056073677999999995	-0.032118659199999997	-0.1239368595	0.0039549496	-0.086771575	0.0148357474	0.0984246442	0.1339102458	-0.0303624963	-0.0606176821	-0.0417541856	0.10701244730000001	-0.077151675	0.00370257	-0.02577873	1.37090246049e-05	0.0006645429204129	-0.0625901	-0.01882079999999999	0.0003542225126399997	0.003917520618010001	-0.143058	-0.07411969999999997	0.020465591364	0.0054937299280899965	-0.000552465	0.001045085	3.0521757622500003e-07	1.0922026572250002e-06	-0.000418146	1.4854999999999979e-05	2.206710249999994e-10	1.74846077316e-07	8.26091e-05	-0.0001056389	6.8242634028099996e-09	1.1159577193209998e-08
529.0418567791118	0.9137000844747264	0.8348478443691221	279885.2862242902	759.0219534965363	0.4442221306223928	576114.3258896981	0.1973333013346982	444.6732639119754	0.16603331965876578	0.027567063236909897	197734.31163812932	444.65750799458397	783.4987483624018	1.0781969999999998	37.4193	0.09195472499999996	0.049265300000000005	0.0991314291	0.0452929075	-0.125884587	-0.06371343980000001	0.0564195669	-0.0317547278	-0.062496141	-0.0164850719	0.0778987167	0.0470484612	-0.0858793791	-0.0849591881	0.0435926795	-0.1498947869	0.1423670896	0.027212429700000002	0.08721462460000001	0.2051765935	0.014497528899999999	-0.0020482587	-0.1224172162	0.0398797449	0.08375730969999999	0.0102971354	0.0592226756	-0.029684109900000002	0.0075174740000000006	0.0908325439	-0.19389806489999997	-0.0161273772	-0.0512981174	0.0250019862	0.0088802015	-0.0842431582	-0.0477286783	0.0930878876	0.0309546286	0.0772256514	-0.0278834806	-0.0671405099	-0.0497522889	-0.091498632	0.0512421401	0.0067048341	0.08652160060000001	-0.0774309864	-0.0182827598	0.0535378376	0.1655113935	-0.0346528109	-0.0026060420000000003	-0.1303554535	-0.022141250699999997	0.042040727400000005	-0.04601116139999999	0.07169363570000001	0.0163822255	-0.0909685743	-0.0367906987	0.2615060734	-0.048570613	-0.050535097800000005	0.0561778679	-0.055115324800000004	0.019664664199999998	0.0049665325	0.0176275082	0.1319712449	-0.1133387817	-0.0793462381	-0.056625575899999996	-0.0709398417	0.0987923626	-0.08358875730000001	0.0095194738	0.052108319699999996	-0.0676659726	-0.14518991369999998	0.1151413444	0.071136119	0.23094750719999999	-0.0991009635	0.0556306924	-0.0216633883	0.0224941288	-0.11067218779999999	0.022226613	-0.0858763564	0.0105625356	-0.0685114734	0.08537115	-0.0727278232	0.0246282147	-0.057248259100000004	0.0017540684	0.1400217023	-0.1376187884	0.0239112713	0.0695067661	-0.10441517	-0.1295813125	0.0263179157	-0.0013152771	0.0361487946	0.0415153829	-0.12951975710000002	-0.0188499704	0.1054675967	0.0024656345999999997	0.007105189000000001	-0.034761255	0.055161998600000005	-0.0484964416	0.0385251306	0.1255110887	0.1359889128	0.0435761417	-0.12382899539999999	0.09601435050000001	0.052452771100000004	0.0166627447	-0.1408309186	-0.028323626	0.0249281656	-0.0008371142	0.09647281320000001	0.0029578017999999998	-0.0603049938	-0.011213744599999999	0.0756565377	-0.2751313782	0.0393419583	0.0596107471	-0.0225260508	0.09747571210000001	-0.0160374777	-0.0330698762	-0.0629755701	0.08656452380000003	0.0146971026	-0.0124896488	0.1982314774	0.1198768981	-0.065074355	-0.037678861099999995	-0.0844607049	0.092881547	0.1132066231	0.1244653691	0.09502864949999999	-0.058123558600000014	-0.1261525873	-0.055130321399999994	-0.1213582444	-0.0867003062	-0.0760212915	0.0288114366	0.0134729975	0.0602366688	0.1245213235	-0.0081966955	-0.0927000438	-0.0641871691	0.0498989483	-0.0174952669	0.055273854000000004	-0.2290059221	-0.0272181429	-0.1074208518	0.0025409215	-0.0281599983	0.0015742922	-0.002394213	-0.054016056500000006	-0.1007319326	0.024745802999999997	-0.0712858621	0.025397620200000002	-0.0033929247999999997	0.0373887432	-0.027280981200000002	0.0384778758	0.005655021	-0.0007303173	-0.0192265783	-0.079189993	0.1572687914	-0.062303459299999996	-0.0379558231	0.1056505759	-0.0827014951	0.0339142	0.03021163	0.0011501729616400001	0.0009127425872569	-0.0569635	0.005626599999999996	3.165862755999995e-05	0.00324484033225	-0.106856	0.036202	0.011418204735999998	0.001310584804	-0.000457227	9.523800000000004e-05	2.09056529529e-07	9.070276644000008e-09	-0.0005114680000000001	-9.332200000000008e-05	8.708995684000012e-09	2.6159951502400004e-07	0.000292339	0.0002097299	8.546209092100003e-08	4.3986630954009996e-08
529.7846608812922	0.7428041021804574	0.5517579342161155	280671.7869051058	759.4221496479097	0.4001961513733932	576722.0013758522	0.1601569595740758	445.0625930710186	0.38932915904320003	0.1515771940812853	198080.71175109915	445.0756110615421	794.7832892465982	1.022916	35.500736	0.05786400000000001	0.028702099999999994	0.13778153529999998	-0.0190249414	-0.1026198959	0.0201081709	0.020999243100000002	-0.0469484589	0.014515904599999999	0.1406586594	0.0638786769	0.0014788012	0.0029651079999999997	0.0451153037	-0.022262602700000002	-0.0047388055	0.063846822	-0.037016580800000004	-0.0759304574	0.08853309699999999	-0.1021971764	-0.064596374	-0.1295377218	0.0204948359	-0.0227209531	-0.0824195004	0.0055126016	0.2040081642	-0.0056946517	0.0018461948	-0.032825904100000004	-0.0084952661	0.07749174240000001	-0.014639604399999999	-0.059043421299999996	0.0209232492	-0.049541492199999995	0.025420156800000003	0.0284611582	-0.049613868	-0.0324919913	0.0257987625	-0.0781135884	0.0269127375	0.0897330116	0.22065510719999998	0.048388973499999995	-0.016896288	0.0324966042	0.10927981980000001	0.0497446495	0.024074774500000003	-0.0811757633	-0.1264176792	0.0081409969	0.0531724617	-0.0596753622	-0.029193853999999998	-0.053746165	0.1041187105	0.0081609389	0.0669414658	-0.0886483066	-0.1312177297	-0.0439160029	-0.015156451299999997	0.0537758549	0.0056580957999999995	0.0372158488	-0.040715899300000004	-0.052228150999999993	-0.0343189131	0.08583315970000001	-0.0713349288	-0.0059229471	-0.1478735491	-0.1166155157	-0.10733826269999999	0.1010648271	-0.0023098694	0.034867112400000004	-0.0299823451	0.018027575900000002	-0.0423920826	-0.0690853069	0.056541523499999996	-0.0220684373	0.0315975908	0.006340661	-0.0119317176	-0.07137636259999999	-0.032343443	0.0836273367	0.0120354404	-0.0426424546	0.0283851283	-0.0901996672	0.10470759380000001	-0.1445309912	0.0206666047	0.0798456268	-0.1034513883	0.0263228828	0.0762802228	0.029215531200000002	0.112459025	-0.0575693354	0.0799831549	0.0280989034	0.055774265700000006	0.12165837869999999	0.1210791566	0.1555414382	-0.071818893	0.0089472685	-0.0380394304	-0.2024627682	0.1253593361	0.0044331053	-0.1196983126	-0.0430502498	-0.0010672462	-0.029706665	-0.1416928934	-0.001181646	0.0513020005	-0.0589008248	0.010697001999999999	-0.0233238385	0.1033016286	0.0401136778	-0.0375441862	-0.1037948907	0.1283638211	-0.023465272599999996	0.038828799	0.0626209019	-0.008000351800000001	0.051903228600000004	-0.0524927755	0.037663348199999995	-0.036548174700000005	0.0980350063	-0.0187824739	0.0671044447	-0.0618721572	0.1672316692	0.0077578252	-0.1291318796	0.025782018700000003	0.034322797099999997	0.014651868	0.054238341399999994	-0.0608384981	-0.043102271	-0.028195836600000006	0.09364286960000001	0.043507152699999996	0.0581909708	-0.0192609204	-0.0460612794	0.0753859514	-0.0571445092	-0.10435539630000001	-0.0197102579	-0.0167453775	-0.0776658323	0.1299765142	-0.10939827810000001	-0.0080446365	0.0099393282	-0.0559162694	0.019575131000000003	0.0061970453000000005	0.1079069169	0.0452983219	0.0007124960000000001	-0.1505241699	-0.057949633	-0.039876672599999996	-0.0698853483	-0.1666122563	-0.09928467269999999	0.04782176	-0.0050725542	0.0713780403	0.1374570127	-0.18392073379999999	-0.1145098619	-0.0639674504	-0.0341043759	0.10395628859999999	-0.087788815	0.019508900000000003	-0.014405299999999998	0.0003805971792100001	0.00020751266808999988	-0.06027730000000001	-0.0033138000000000056	1.0981270440000037e-05	0.003633352895290001	-0.13039400000000004	-0.023538000000000045	0.01700259523600001	0.0005540374440000022	-0.00022918	0.00022804700000000002	5.25234724e-08	5.2005434209e-08	-0.0005114680000000001	0.0	0.0	2.6159951502400004e-07	0.000188248	-0.00010409100000000003	3.5437309503999993e-08	1.0834936281000006e-08
528.8796385587633	-0.9050223225289074	0.8190654042756176	279713.6720820481	757.9099453126653	-1.5122043352444052	574427.4852038473	2.286761951531973	445.03271916410006	-0.02987390691856717	0.0008924503145792156	198054.12112659274	445.0175839294002	789.3526717212086	1.108492	38.470707	0.042803835000000005	0.0228741	0.07870212809999999	-0.036221167799999995	0.10059274439999999	0.045296058	0.033237879	-0.0525183708	0.1204547943	0.0503132043	-0.06484869830000001	0.058088971100000004	0.0734020298	-0.016518093799999998	0.0187264811	0.0417098693	0.054946899800000004	0.0262884577	0.054352371399999995	-0.027633240299999997	-0.0148393133	-0.0273842984	-0.0315276104	0.0447150799	-0.10664306539999999	-0.0384317964	-0.025012110299999998	-0.12109107960000001	-0.1051334738	-0.0534817154	-0.0188480839	0.0523394689	-0.0839584599	-0.1897759139	-0.017817361	0.0062649498999999996	-0.071581712	0.010632846599999999	0.0317650133	-0.1247404666	0.0822214583	0.0385505383	0.0194673698	-0.0056437835	0.0080470595	0.0199623505	0.0750430621	0.0237520573	-0.0199406851	-0.0227169885	-0.154016447	0.0019410935999999998	-0.04667253	-0.058393787300000013	-0.007529865699999998	-0.0077712824	0.041215631	-0.0050315995	-0.028209421800000002	0.040533306	0.089962062	-0.0528809976	0.0124975244	-0.0196075042	0.049080860700000006	-0.0022799697	0.044927647	-0.0636355512	-0.11572179519999999	-0.037781748	-0.0318539149	0.0188322585	0.2391380009	-0.0029259945	-0.0321454154	0.0112673461	0.033823766	0.011023954499999999	0.1065411261	-0.1109261296	0.0601608823	0.101010818	0.0420385698	0.1232748695	-0.005699001800000001	0.0812897059	0.0501448588	-0.1513421719	-0.0091945088	-0.1159668264	0.07263195	-0.053392629500000004	0.023041128199999997	0.0599583104	-0.043022390199999996	0.1507193658	-0.0050394492	-0.07628905150000001	-0.0388033371	-0.020606331999999998	0.0745528167	0.0078633417	0.0025720867999999997	0.0176079221	0.0781373548	-0.1070737815	-0.12341292710000001	-0.1032635958	0.0326973676	0.034230884100000004	0.029259026400000002	-0.0606888255	-0.0210429541	0.23669687109999998	-0.0370734265	-0.039231848799999997	-0.0501765463	0.0113822503	-0.1024667143	0.09864561849999999	-0.1081725557	-0.0212688741	-0.0548387755	-0.0640556271	-0.0300377251	-0.0225612512	0.0173822041	-0.0526149453	-0.0336148767	0.0254642536	0.1043623439	-0.0403102796	0.030943723	0.0031740492	0.045914293499999995	0.0082588245	-0.0043172165	-0.019312453	-0.10917896619999999	-0.0365974771	0.0041135883	-0.0718343966	-0.03689498	-0.1674160738	0.1518528184	0.06208382	0.0658817055	-0.1242593921	-0.036012616000000004	0.0156535387	0.055803522300000005	0.1212569962	-0.0312821495	0.1112401611	-0.030776035299999997	0.0139660049	-0.1061755069	-0.0275443987	-0.017798767	0.0783670971	0.0802006951	0.1255419068	-0.0454002383	0.12182582880000001	0.037859874700000004	-0.1409997386	-0.1265036839	0.0421076841	0.017291056399999997	0.0068204277	-0.0300401422	-0.0778579064	-0.0500850569	0.0815235358	-0.0642470921	-0.0628575108	0.0121549073	-0.0434700438	0.023132805299999996	0.0314588025	-0.0766600416	-0.0117568997	0.0468085671	-0.0642428264	0.1361276485	-0.17663985280000002	0.12625228460000001	0.0283658217	-0.065165239	-0.06560907349999999	-0.0302052306	0.1019349164	-0.0923851842	0.0123355	-0.007173400000000002	0.00015216456025000005	5.145766756000002e-05	-0.0533168	0.0069605000000000075	4.844856025000011e-05	0.00284268116224	-0.115201	0.01519300000000004	0.013271270401	0.00023082724900000122	-1.2443300000000005e-05	0.00021673669999999997	1.5483571489000012e-10	4.6974797126889996e-08	-0.000458666	5.280200000000007e-05	2.7880512040000073e-09	2.1037449955599998e-07	0.000188248	0.0	3.5437309503999993e-08	0.0
528.3860964814277	-0.4935420773356327	0.2435837821007717	279191.8669548806	760.7923261740973	2.8823808614320114	578804.9635653939	8.308119430349544	444.6843357852909	-0.3483833788091601	0.12137097863048678	197744.15849280532	444.66502752211767	780.9340645071173	1.081527	37.534863	0.024483214999999992	0.014772	0.013699389199999999	-0.0151307614	0.0424657325	-0.1464367736	0.0290147261	0.0526601184	-0.056368977800000004	-0.1107135525	-0.06802298700000001	0.023250743100000002	0.0333982536	0.0944683297	0.038839642599999995	0.1080336749	-0.0356315601	-0.0264899741	0.017711636399999998	0.055125892999999995	-0.0006759860000000001	0.0813856208	-0.0321535393	0.1073844835	-0.223198438	-0.047584452699999995	0.0602114895	0.0039738931	-0.1252135934	-0.0669827538	0.1639994573	0.061399274800000014	0.0780868524	0.06909990490000001	0.08372080000000001	-0.0736996545	-0.1267986937	0.17357983859999998	0.0155232165	0.0626921098	-0.1578392153	-0.1677071783	0.0386251858	-0.150878819	0.029068374700000007	-0.1205689981	0.0461422192	-0.010346443	-0.0477076696	-0.1020013738	0.072717506	-0.09952892619999999	-0.053664605	-0.085157888	0.0189666769	0.07518909110000001	0.0632791688	-0.0070953305	0.0808741835	0.07304711679999999	0.0043834337	-0.0972158395	-0.08868375210000001	-0.1340072263	0.0188892771	-0.014344293000000001	0.023103214	0.0093124937	0.0476802136	-0.0943316376	-0.1328571335	0.002711864	0.1076193423	-0.0784109881	-0.0242177157	0.050606741	0.0370134371	0.0477415755	-0.0510185453	-0.0081512045	-0.0002556684	0.0373028686	0.0811472899	-0.0702571454	0.0285033168	-0.09264055560000001	0.010463907	0.0524547354	-0.1253946529	0.0947683549	0.007951065	-0.0705303934	0.0273037659	0.028742038900000006	0.030019481400000006	-0.0387393479	-0.0700639279	-0.0462467638	-0.06444488599999999	-0.0587081047	0.0747411399	0.0838606432	-0.0374318784	-0.0642315232	0.1464946335	0.055080640099999995	0.0984857117	0.0143012565	0.0056685096	-0.0284840907	-0.0367459842	0.2323039229	0.0416217244	-0.1487443593	0.0184040312	-0.0087881065	-0.1367339949	-0.047201632599999994	0.0515903003	0.0694507231	0.13420215119999998	0.0643261567	-0.0603804124	-0.0906611892	0.025099637	0.0660842507	0.08769930449999999	-0.019836883899999998	0.058348877699999996	0.0483335474	0.027396299500000002	-0.1642710069	0.0434144135	0.1307246054	0.022769719	-0.0343992623	-0.0079510124	-0.0063709435	0.0670534034	-0.1492829156	-0.0178861524	-0.08436970460000001	0.0596126534	-0.037812029	0.083457737	0.0358083919	-0.0787093835	0.0006851089	0.038011927	0.019811510600000002	-0.0110473968	0.0567561246	-0.0263312518	-0.12277087789999999	0.0421542006	-0.023933822999999996	0.0866501692	0.0513423842	-0.051501684000000006	-0.0786384267	-0.057163520999999995	0.0561403297	-0.0376451064	0.033365594500000005	0.1270900435	0.0364488053	-0.0083297036	0.019099767	-0.0480507399	-0.0475261011	-0.0046326495	0.0397188453	-0.030200722599999997	0.0679510585	0.0155842375	0.11018910109999999	0.0532250643	0.0598780821	0.0361820609	-0.0138974125	0.2173273769	-0.1572125648	-0.052334195099999994	0.1477106645	-0.0510261926	0.075524065	-0.0034404821999999995	-0.0854029215	-0.0926227399	-0.0672277545	-0.0262638406	0.0995928192	-0.09646489789999999	0.013771200000000004	0.0014357000000000016	0.00018964594944000007	2.061234490000004e-06	-0.0471745	0.006142299999999996	3.772784928999995e-05	0.00222543345025	-0.109294	0.0059069999999999965	0.011945178436	3.4892648999999945e-05	0.00019574	0.00020818330000000002	3.83141476e-08	4.334028639889e-08	-0.000446885	1.1780999999999988e-05	1.387919609999997e-10	1.99706203225e-07	0.000188248	0.0	3.5437309503999993e-08	0.0
529.0648832439409	0.6787867625132549	0.4607514689632259	279909.65068192483	759.9081964588188	-0.8841297152785046	577460.4670452947	0.7816853534384496	444.8635176542005	0.17918186890960894	0.032106142145940285	197903.54933966923	444.90157300533264	785.3628014942083	1.11585	38.726067	0.05156113499999999	0.028143	0.0879920968	0.0163742061	-0.12696610949999998	-0.0270620817	0.019630491599999998	0.0154959548	-0.0418567685	0.0983551181	0.07789961570000001	-0.0414799875	0.0233764648	-0.0334002333	-0.0916501959	-0.0150874398	0.0330729257	0.0580082436	-0.127274138	-0.0023629786999999998	0.1549825796	-0.052467439299999995	-0.0693160743	-0.016142061399999998	-0.1166042819	-0.014903609699999999	-0.2046496793	-0.0304186053	0.0267669019	0.012847638400000002	0.0682578675	-0.035749066600000004	0.0846234974	-0.0259282478	0.027077419100000003	0.0491749838	-0.0446246305	-0.052344082199999996	0.0337778627	0.3116845319	0.0844187351	-0.1851886791	-0.143225769	-0.0097033709	-0.1013078425	-0.0333627569	0.0001590203	-0.10534197960000001	0.1470824061	0.1067621172	0.1294213655	0.0021973367	-0.0425417814	-0.1401561804	0.0180313232	0.07908625799999999	0.09692793359999999	-0.0925231278	-0.0707570404	-0.0075043063	-0.1092567285	-0.0291827696	-0.0130165447	0.051689279500000004	0.20944892420000005	0.1055445142	-0.027389475	0.1903122696	0.1066174216	-0.0680337627	-0.20082234149999997	0.0242625575	0.0565286785	0.1289431783	0.045374566399999997	-0.0606887433	-0.13157477509999999	0.0504641914	-0.1452082392	-0.045485289400000004	-0.0274968574	-0.039788486	0.0826038025	0.00042390410000000016	-0.024114804500000003	-0.1146469477	-0.0552805531	-0.021622763599999997	0.0654344007	0.0019857852	0.0096797599	-0.04939692440000002	-0.0448822558	0.029931710299999997	0.0492406045	0.0546444543	0.0313805018	-0.0400611418	0.0368550323	-0.1698535818	0.0125672431	-0.0065689519	-0.1133219458	-0.10185904300000001	0.0516919151	0.0038431308	-0.0819214575	-0.1139920953	-0.0185374648	-0.0784763712	0.0894246611	-0.0252661309	0.0024972723999999997	0.015170936000000001	0.044764741100000005	-0.0366572893	0.077470451	-0.12988880349999998	-0.052826302	-0.151878935	0.0238262462	0.0354369147	0.0135043601	-0.1541066969	0.0241116657	0.0645062516	0.0737206619	-0.10515782109999999	-0.0704220349	0.0202589855	-0.131399353	-0.031484173500000004	0.003183425	0.0147360745	0.23348721260000002	-0.0786458962	-0.0805000255	0.0799936741	0.16540591710000002	-0.11376473390000001	-0.08400646490000001	-0.11740817	-0.0805794845	0.1160050224	0.056089062599999996	0.013825574399999999	0.11493723060000001	0.049206583	0.147346409	0.1306005838	-0.0908319244	-0.0093172355	0.0193892128	-0.0406642668	-0.0659025217	-0.1187733166	0.0312975059	-0.0946888876	0.0012083719999999999	0.014110850900000001	0.0039878308	0.0149007361	0.0305943419	0.0951932368	0.0071241014	-0.034527764	0.0474758208	-0.0252471798	0.04017253	-0.1074432327	-0.06257253269999999	-0.1192181749	0.0665711771	0.0582135335	-0.15895851800000002	0.056184038	-0.0717781726	-0.0277767212	0.0096210573	-0.028346979799999998	-0.0050196552000000005	-0.0601936832	-0.0038914984000000003	-0.08555261230000001	-0.0629135765	-0.044372307400000005	-0.0629243417	0.21693618469999998	0.0569157979	-0.0688229275	-0.0222857183	0.09693736609999999	-0.1000051409	0.0264013	0.012630099999999995	0.0006970286416900001	0.0001595194260099999	-0.0557131	-0.008538599999999993	7.290768995999987e-05	0.0031039495116099995	-0.131182	-0.02188799999999999	0.017208717124	0.0004790845439999996	9.02343e-05	-0.0001055057	8.142228896490001e-09	1.113145273249e-08	-0.0005114680000000001	-6.458300000000006e-05	4.1709638890000065e-09	2.6159951502400004e-07	0.000188248	0.0	3.5437309503999993e-08	0.0
529.3573038819527	0.29242063801177665	0.08550982953521451	280219.15517317003	758.7790181430403	-1.1291783157785176	575745.5983741161	1.2750436688244096	444.73801589909067	-0.12550175510983766	0.015750690535649658	197791.90278585986	444.740840395537	788.205539657991	1.023268	35.512974	0.040692035	0.0226238	0.1303454219	0.0585452158	-0.053641606200000004	0.0338214605	-0.0110833853	0.016506573899999998	0.0021666101000000003	0.0748483133	0.000663176	-0.0955423792	0.057542348300000004	0.053632788	-0.170911069	0.0238249048	0.052871479000000006	-0.0321469143	0.0468470893	0.054333655999999994	0.0652886199	-0.0446730299	0.048543230300000004	0.1637853722	-0.0717046546	-0.136140772	0.05366046519999999	0.016304491	-0.0028105441	0.0371431417	-0.0083919628	0.0274528479	0.0258489573	-0.0275594263	-0.0557932342	0.0724261302	0.08770797109999999	0.08409161550000001	0.004972889	-0.0634338074	0.1024148888	-0.0306334496	-0.0344782285	-0.1133846047	-0.1258141441	0.0140785346	-0.019253941899999998	0.0899020605	0.015829056799999998	0.09252803130000001	-0.003519300000000001	0.050494348499999994	-0.034032276	-0.0687003491	0.0234380431	0.09219848509999999	0.0704556105	-0.0370929153	-0.017696467900000002	-0.14100096380000002	0.051638391900000004	0.0542313105	-0.0219062631	-0.0970943615	0.0739230879	0.1220336011	0.1149062028	0.1224409611	-0.0894540989	-0.1445156988	-0.006625995	0.08199506919999999	0.0060825339	0.075955887	-0.1538848578	0.062171965999999995	-0.0448895142	0.0120358728	-0.047843269199999996	0.0213213395	0.1167599175	-0.0805843956	0.0089906789	-0.0456520807	-0.059258745099999996	-0.0755419981	0.0074332338	0.053346347	0.076051769	0.028701292599999997	-0.09369002609999999	-0.0640060144	-0.0326069185	0.08508112949999999	-0.119362568	0.0914717305	0.1964277751	0.0678536062	0.0342507242	0.0175364005	0.027465491800000002	-0.0891238883	0.0220456438	0.0709001106	0.0260939828	-0.15329140089999999	0.0969480883	-0.0008542911	-0.010288425600000001	-0.0684065252	-0.10364992	-0.05350852230000002	-0.0545432768	0.030546943599999998	-0.013542183999999999	0.014567075300000001	0.0092436936	0.007363093199999999	-0.0395019647	-0.0733226297	-0.0686400863	-0.0148776428	0.0113102081	-0.0823864634	0.030964899599999998	0.08613520279999999	0.054155370599999995	-0.076825908	-0.0382738588	-0.1315652498	-0.007074394	-0.05651196190000001	-0.0786870862	0.0584375583	0.0413877566	0.0360304736	-0.0025623966	0.1335532411	0.0737562611	-0.004983279	-0.1910030648	-0.1372971172	-0.050413260099999996	-0.1666995341	-0.1013949886	-0.0339909853	-0.032983529	0.0947817654	0.0373051762	0.00206232	0.1211508695	0.0027987715999999996	0.042514255199999997	-0.0351829506	-0.042431885700000005	-0.0430117371	0.09032782789999999	-0.1084029557	0.0900530069	0.0212766171	-0.0490370583	0.0093637426	-0.0439972629	0.0339647405	-0.164099106	-0.07007117110000001	-0.0587353781	-0.1660138355	-0.052769794	0.033170749	0.0247248493	-0.11864492830000001	0.040728263199999996	-0.021934709900000002	0.0792962619	-0.06734026480000001	0.033275780299999995	0.1415049329	0.11064916400000001	0.0166369245	-0.0082114658	0.08601384599999999	0.0723348823	-0.0045269437	0.0169266081	-0.06026365860000001	0.0091431082	0.0325171778	-0.0168326901	-0.07039403450000001	-0.0182764273	0.0939769123	-0.10298611449999999	0.0263682	-3.3099999999997715e-05	0.0006952819712400001	1.0956099999998487e-09	-0.0557857	-7.259999999999905e-05	5.270759999999863e-09	0.0031120443244899987	-0.146477	-0.015295000000000003	0.021455511529	0.0002339370250000001	0.000429699	0.0003394647	1.84641230601e-07	1.1523628254609001e-07	-0.00067783	-0.00016636199999999998	2.7676315043999994e-08	4.594535089000001e-07	0.000188248	0.0	3.5437309503999993e-08	0.0
529.4281162350653	0.0708123531126148	0.005014389353345647	280294.13026020984	759.3209779475958	0.5419598045555176	576568.3475512932	0.2937204297538549	445.1289179582358	0.3909020591451053	0.15280441984388346	198139.7536026698	445.1886044230477	789.7457310034039	0.963398	33.435127	0.04800705000000001	0.0229068	0.1583027606	0.1093097615	-0.022843383199999998	0.0843714852	-0.07875040009999999	0.0087057668	0.1194633655	0.12426150779999999	-0.0157383563	-0.0001662596	0.0437443932	0.049282863200000006	0.0048014165999999995	0.1205017766	0.0630734146	0.082490991	-0.0120665723	-0.0234191389	0.0756467987	-0.0883153889	-0.026459364300000003	0.0004944677	-0.0078240041	0.16714839199999998	0.1184955099	-0.11919195449999999	-0.0801663156	-0.1304230808	0.0428288597	-0.0778913763	-0.0660380729	-0.0869250484	-0.0735634765	-0.0365757973	-0.023385683900000002	0.11107387769999999	0.028896195299999997	0.0931382244	0.10631376669999999	0.0496480237	-0.2762409233	0.011721999299999999	0.0350638074	-0.014588629099999997	0.0656225099	0.022878915899999998	-0.0562504108	0.1877277527	-0.0284494245	0.0158412593	-0.07596440900000001	-0.0344624798	-0.021501312400000003	0.09797078320000001	0.030728746499999997	0.143140551	0.0659205063	0.0103578636	0.0152077841	-0.0427942696	-0.0509974641	-0.0401298256	0.10106766380000001	-0.0405449877	0.009961664399999999	0.0189719764	-0.0579726108	0.1014943618	-0.1767153081	-0.0691871398	0.1007916975	0.0519408781	-0.12002968119999999	-0.0683918961	0.1388273893	-0.009659705	0.148921169	0.0147561091	0.0323575287	-0.12116131849999999	-0.15103840400000001	0.055307453	-0.1912284729	-0.014511722900000001	-0.0519304478	0.038933919	0.0240671961	-0.0320473519	0.013683754499999999	-0.0785078463	0.011701093400000001	-0.0111306738	-0.012623736000000002	-0.1043794636	0.08505807189999999	-0.030922749300000007	-0.05906641660000001	0.0193176879	0.0414383226	-0.001258968	0.06497190559999999	0.190687125	0.0042722987	0.138793484	-0.0140685901	-0.0493977654	0.07463352349999999	0.08583766609999999	0.1113559207	-0.1098043922	-0.0634826591	-0.0451668151	-0.027273492200000003	-0.07831208719999999	0.0236681726	-0.0694283515	-0.11549585970000001	-0.12537348980000002	-0.1405872582	0.026848522599999997	-0.0341637129	-0.053352513600000005	-0.0044366549	0.1057873817	0.0785144509	0.1166454948	0.0158795498	-0.0244503752	0.043362308200000005	-0.051969962	0.04282741650000002	0.051007312699999995	0.0913844004	-0.0597113979	0.0013787539000000002	0.0256872225	-0.0455072655	-0.0801082174	0.0991301954	-0.0691878794	-0.1608409569	-0.0843123763	0.1400473996	-0.0271486342	-0.09592243060000001	0.0396477131	-0.1530713618	-0.10534577099999999	0.045259012300000005	-0.0012179902	0.2067754511	0.14245067	-0.043609912300000005	-0.056727106900000004	0.12420285060000001	0.0282557603	0.0472286013	0.0315146825	0.051687696100000007	0.0515868751	0.0355402867	-0.0413542939	0.023381287799999997	-0.052014521699999997	0.1059776448	-0.054930327599999995	-0.0701405326	0.0472817455	-0.038924197	-0.0079969436	0.019029888000000002	0.0391335331	0.1762032022	0.0150465127	-0.13537565599999998	-0.041313564500000004	-0.11415838689999999	0.074136119	-0.0709623759	-0.034158864	-0.0753090208	-0.1012569948	-0.053448113	0.0344424248	0.0343456494	0.0806749999	-0.1556142429	-0.0719405264	-0.0142415751	0.0907207723	-0.105391148	0.0159831	-0.0103851	0.00025545948561	0.00010785030201000002	-0.0665279	-0.010742200000000007	0.00011539486084000017	0.00442596147841	-0.15253	-0.006053000000000003	0.0232654009	3.6638809000000044e-05	0.0007794789999999999	0.00034977999999999984	6.075875114409999e-07	1.2234604839999992e-07	-0.0007445849999999998	-6.675499999999972e-05	4.456230024999962e-09	5.544068222249996e-07	0.000188248	0.0	3.5437309503999993e-08	0.0
528.6992977087972	-0.7288185262681282	0.5311764442316462	279522.94739777537	759.6388455177732	0.3178675701774409	577051.1756195753	0.10103979217051036	445.0478436341195	-0.08107432411628679	0.006573046030912722	198067.58312337968	445.0444386109451	779.0662346087328	0.98853	34.307373	0.07702359999999997	0.0382653	0.10585544960000001	0.1624957025	0.0222879781	0.0719800325	-0.050334003499999995	0.0306800048	0.06840544330000001	0.0408307094	-0.05226127480000002	0.0172028775	0.0190179831	0.020678301399999998	-0.066086328	-0.0531516142	-0.0046280861	0.0664857027	0.1218819709	-0.0386853198	0.1644676431	0.038709862000000005	0.0158838049	-0.0045826031	-0.0544457454	0.0003340058	-0.0274361502	-0.0249983502	-0.0127282577	0.1196359076	0.1307578992	-0.027065678399999998	-0.0960853722	0.0943587488	-0.1959342233	-0.0892648343	0.0186357885	0.021119244199999998	-0.1261513815	0.0139486251	0.1075442806	-0.1417570591	-0.0470531342	0.1078029439	0.0201343973	-0.0798333562	-0.0092194071	-0.11268118449999999	0.0320682162	0.0853672601	-0.034603442000000005	0.027063982200000003	9.9727e-05	-0.0274687419	0.0886177239	0.0678216881	-0.0699443066	-0.0967872695	0.0379588874	-0.1269276738	0.0119191517	0.0662094795	-0.0399045899	-0.023593620899999997	0.08967714689999999	-0.035064565	0.0200210605	0.0582035216	-0.053924786100000004	0.2611876995	0.1777110675	0.0171826044	0.0848458802	-0.0960351094	-0.12696136189999999	0.0483025932	0.1132873584	-0.0276988573	0.0531012684	-0.0816307068	-0.1341033253	0.0116587889	0.09466633039999996	-0.08570323099999999	0.0582741888	-0.105107367	-0.0049771511	-0.0827852362	0.0830354406	0.1601376809	-0.0003367329	0.0079042957	-0.10823988710000004	-0.10143720369999999	0.0003718024	0.0173840536	0.0522737526	-0.0270950845	0.1016535733	-0.0245575368	-0.0670200204	-0.0236572112	0.1293882685	0.042326406399999995	0.069995967	0.10010594980000001	0.0644409487	0.0359180866	-0.0699812422	-0.0716114591	0.076555309	-0.1328160605	0.011473621299999999	-0.0470502326	-0.1077112376	0.0297240384	0.0831623362	0.0652275797	0.0708298841	-0.0356076539	-0.0796759722	0.013853546699999999	0.030745315899999997	-0.0379551489	0.07120047089999999	0.07729683799999999	-0.0813382966	-0.0581233742	0.0662765583	-0.0785311542	-0.0209129189	0.016925953400000002	-0.0987239365	0.05649666160000001	0.0577397022	-0.0517164946	0.0381228276	0.0256413545	-0.0832880322	0.2278098701	0.1723596022	0.013502654099999999	3.66414e-05	-0.121231555	0.0295896224	-0.08974243259999999	-0.1777375325	-0.1524428823	-0.021780904900000002	0.0155230525	-0.09836061759999999	0.0629456591	-0.0075567739	-0.0734928374	0.029535794	-0.0686390722	-0.015559020900000001	-0.15837541289999998	-0.030852220099999998	-0.0020973492999999998	-0.0478114954	-0.1112007057	-0.0527387771	0.08937396730000001	0.0189421786	0.10695683630000001	0.08002659570000001	-0.0964406637	0.0318569098	0.08857156810000001	0.11988050300000001	0.0217788216	0.10473442289999996	0.07320061309999999	0.0900904132	0.1090433683	-0.1059103877	0.0101675024	0.0227683539	-0.045274082	-0.0307675327	0.0988824119	-0.0598516854	-0.0178167585	-0.0390865578	-0.09421697550000001	-0.0369662969	-0.0387190568	0.15183323810000002	-0.0734618621	-0.0101868048	0.08717919119999999	-0.1072067914	0.0313508	0.015367699999999996	0.0009828726606399998	0.00023616620328999996	-0.0455445	0.0209834	0.00044030307556	0.00207430148025	-0.12846400000000002	0.024065999999999976	0.01650299929600001	0.0005791723559999989	0.000939194	0.00015971500000000005	8.820853696359998e-07	2.5508881225000014e-08	-0.000760733	-1.6148000000000226e-05	2.607579040000073e-10	5.787146972889999e-07	0.000344515	0.000156267	1.18690585225e-07	2.4419375288999997e-08
529.7741301991327	1.0748324903355524	1.1552648822809253	280660.62902824767	760.682877589684	1.0440320719108058	578638.4402581223	1.09000296717837	445.21167153513	0.1638279010105066	0.026839581149508348	198213.4324711045	445.20733281403017	787.4545304344076	1.036818	35.9832	0.12089153	0.0583643	0.1263735126	0.0964250374	0.0133834504	0.0967737611	-0.083737467	0.044141653200000006	0.026189994700000004	0.121993691	-0.0516494392	-0.025069812400000002	-0.053654503	0.05579615	0.032154962999999995	-0.0728155536	0.012702563	0.0285860846	-0.0592099063	-0.10000157470000001	-0.215648223	-0.1785559948	0.1015588018	0.1283633917	0.2699346283	0.09490003890000001	0.05183184019999999	0.0448944812	-0.050622678399999996	0.0276797375	-0.0257395046	-0.1345088481	-0.051418760099999995	-0.017818493	-0.0342604366	0.0906931978	0.055389025999999994	0.0804641307	0.008047693100000001	-0.0032323268	-0.027574799900000002	0.0035764086	0.031691364300000004	-0.064233413	-0.09686179	0.08510304380000001	-0.012472374199999999	-0.1420558575	0.0129054419	0.13180240769999998	-0.0474243739	-0.0563339696	-0.0145789261	-0.0326248896	-0.0532603383	0.1232826717	-0.011214458799999999	0.044241883499999995	-0.040461707	-0.0151011625	-0.067558365	-0.1042152678	0.0469398047	-0.0158773974	0.0793505967	0.0024699967	-0.22517782109999998	-0.0853293415	0.0271051427	0.105419585	0.1769336127	-0.12879893369999998	-0.0482181783	0.0332390042	0.107172503	-0.0792171822	0.044955495199999994	0.032685621899999996	0.028583834300000006	0.0610198112	0.09320653599999999	-0.0392118154	0.0651662985	-0.0021490441	0.0292222173	-0.0673013235	-0.005641058399999999	-0.0198238399	-0.11240905429999999	-0.0451647758	-0.1832361897	-0.0524583504	-0.0742391984	-0.064659457	0.0089002466	0.1025711028	0.11153638369999999	0.0478565013	-0.0679804	-0.0226678554	0.0153892412	-0.0454351435	0.123690791	-0.15455381699999998	-0.0269774676	-0.0778130086	-0.0789133761	0.0362593817	-0.0282502298	0.0177966333	-0.0356095912	0.09658170519999999	0.1180814268	-0.0585457563	0.1312362381	-0.10899211619999999	-0.0379638938	0.0693169713	0.0854068397	-0.0688981994	-0.10804170910000001	0.0796873043	-0.0241288843	-0.0347237573	-0.0477570682	0.12799689449999999	0.0208545807	0.0432336632	-0.054204647599999996	0.0166734817	-0.0573905755	-0.0202573401	0.026314248999999998	-0.027163644100000002	0.0679515852	-0.0583509693	-0.1466669692	-0.1230467735	-0.0456328992	0.1280060803	0.1041906965	0.2910289283	-0.0227252904	0.0438665558	0.0017282023000000002	0.0127351849	0.0104490767	0.041368261	-0.0048439204	0.015542479599999999	0.103988991	0.0566137108	-0.1179864456	-0.0210224177	-0.058183133	0.0283925083	0.0486958724	0.0363197212	0.06469239389999999	-0.18522342309999998	0.050800102699999995	0.0551101873	-0.0738743338	0.0916406751	-0.1106372939	0.0474444211	0.0505925925	-0.06792823719999999	-0.0714368209	0.012302663200000001	0.1262969397	-0.056010713200000006	-0.0412132372	0.0202513654	-0.15625440570000002	-0.10195584740000001	0.0815708243	-0.013109956	-0.0236537567	-0.072094142	0.0328365855	-0.156920159	0.029970941	0.008747911899999999	-0.0852403139	0.025976195499999997	0.056952862300000004	-0.0862359276	0.0141106892	-0.0749575099	-0.0061177874	0.0833633121	-0.108422891	0.00132037	-0.03003043	1.7433769369e-06	0.0009018267259848998	-0.0417673	0.0037772000000000014	1.4267239840000009e-05	0.0017445073492899999	-0.168391	-0.03992699999999999	0.028355528881000007	0.0015941653289999992	0.000652798	-0.000286396	4.26145228804e-07	8.202266881599997e-08	-0.00116311	-0.000402377	1.61907250129e-07	1.3528248721e-06	0.00059888	0.000254365	3.586572544e-07	6.4701553225e-08
530.7792468501202	1.0051166509874747	1.010259482092277	281726.6088867809	760.1504273966467	-0.5324501930373344	577828.6722713046	0.2835032080654947	445.3751411955477	0.16346966041771793	0.026722329877084016	198359.01639495406	445.3837816697733	799.8624729686447	1.040036	36.094906	0.12617527	0.0571856	0.16917461579999998	0.012018505700000001	0.0371941287	0.056363133600000004	-0.0816299229	0.1238571277	0.0878129074	0.0647171396	-0.0942779522	-0.016352289	0.0534673783	0.1201815486	0.0565359371	0.1041959551	0.0785801535	-0.1380143698	-0.14969926779999998	-0.16064099	0.085361458	-0.1661337685	0.002694227	-0.08398642099999999	0.026266514300000002	-0.0377231067	0.0647647067	0.0145573301	0.1281019659	-0.0240319879	0.0725561852	0.0784833175	-0.011141083500000001	0.11860586949999999	0.1063998192	-0.039488466800000004	-0.0468505105	0.029257897400000007	0.0160917745	-0.0819038314	-0.0517081673	-0.0036899978000000003	-0.0012172293	0.0467064795	0.082823715	-0.0196021641	0.1190059358	0.043925158	-0.09911917769999999	0.1337623524	-0.0292019102	-0.0405526961	-0.1507459098	-0.0645288737	0.057957616399999995	0.11544052099999999	0.022335955499999997	-0.0564867106	-0.1868898349	0.023727528799999998	-0.1088275036	-0.0773761587	0.0552934333	0.057048966799999996	0.0165463989	-0.0787897726	-0.1385824058	-0.14800456480000002	-0.0536381883	0.1620178793	0.1516940725	-0.0103613109	0.0257915025	-0.056848083099999995	0.0411046429	0.0831611688	0.013703161100000001	0.0772473986	-0.06747819299999999	-0.0016141298999999998	-0.1479881316	-0.1072904801	-0.0836660444	0.163305989	-0.072716093	0.1876076821	-0.0764746129	0.0721799754	-0.0883317619	0.16463022929999999	-0.0634021142	0.0653839398	-0.0339165625	0.016368943400000002	0.123580707	-0.0036830515000000003	0.0747704236	-0.0005269223000000001	-0.0776113023	0.11791271699999999	-0.09988729880000001	0.0390627422	-0.0301082287	0.0788423902	-0.0233312759	-0.0712188406	0.09249200210000001	-0.0526743904	0.0241985408	-0.07698004309999999	-0.1571908105	-0.0027265353999999997	0.054517877	-0.024126377999999997	0.103579909	0.10480345320000001	0.0801876872	0.006907595	-0.04821077519999999	-0.0739999884	-0.1116276756	0.056314406500000004	-0.1022688067	-0.1107945251	0.055592786500000005	0.13353660550000002	-0.023201896899999998	-0.0679413553	-0.1692867694	0.09263863630000001	-0.118703905	0.025929302799999998	0.0696014413	-0.0534245055	-0.0006589839999999999	-0.0043057444	-0.0781090262	-0.1443432958	-0.16424772740000002	0.11669550890000001	0.14870646839999999	0.0860938418	0.0440129447	-0.0424499224	-0.0432894188	0.0175052843	-0.0362194199	-0.0226564503	0.1261755957	-0.023886875	-0.1046015916	-0.055056700199999996	0.11405081980000001	0.22142595899999998	-0.0794940823	0.1272883815	0.0058170697	0.11396433210000001	-0.0998449278	-0.0821677519	-0.1961060238	-0.0189814157	0.0203217977	0.0010969665	0.0060232466000000005	0.12448385099999999	-0.0207952779	-0.0786311233	-0.035482707599999996	-0.0206808175	-0.0171840802	0.10350333449999999	0.0435179507	-0.070823537	0.07156317549999999	-0.0951835915	0.011177448400000001	0.0689770591	0.08272065990000001	-0.016663398	-0.06064759910000001	0.024271362	0.1520227122	0.034496641099999996	0.028136170800000002	0.1139071886	-0.1428074436	-0.08874766519999999	-0.0519411923	-0.0764269467	-0.0020402135999999997	0.0792851412	-0.1090326458	-0.0105556	-0.01187597	0.00011142069136	0.0001410386634409	-0.07296089999999998	-0.03119359999999998	0.0009730406809599988	0.005323292928809997	-0.212613	-0.04422200000000001	0.04520428776900001	0.001955585284000001	0.00111165	0.000458852	1.2357657225000002e-06	2.1054515790400004e-07	-0.00140766	-0.0002445500000000001	5.980470250000002e-08	1.9815066756e-06	0.000524608	-7.427200000000001e-05	2.75213553664e-07	5.5163299840000015e-09
530.9748905839301	0.1956437338099022	0.03827647057907987	281934.3344306166	760.2645427348601	0.11411533821342346	578002.1749398459	0.013022310415564023	445.4879645921846	0.1128233966368839	0.012729118828683623	198459.52659648753	445.4939145770009	800.5493419975955	0.999078	34.673435	0.11896919999999996	0.06269130000000002	0.1634566218	-0.0149615815	-0.0051641642	0.0658173271	-0.0367445982	0.1278460215	0.09782443310000001	0.06696147820000001	-0.1019224944	-0.067419828	0.0695014154	0.032302197799999995	0.0015579483999999999	0.08430270470000001	0.0013260709	0.015081621299999999	-0.0904048857	-0.2097858823	0.0096987858	0.0291347864	-0.0887057674	-0.0118756151	-0.0132421499	-0.032546473	0.0724899022	0.017585744	0.1045447297	0.0290272956	-0.12277753460000004	-0.07188866320000001	-0.0054604447999999995	-0.0027573640000000004	-0.1127405684	0.1415713498	0.047641242599999994	-0.10309027359999999	0.0098724177	-0.0684244206	0.0246704907	-0.2199095284	0.047335097199999995	-0.0143496058	0.054996623499999994	-0.09815839400000001	-0.0953010966	-0.0440035139	-0.14011390710000002	0.1354636871	-0.0538481699	-0.078716081	-0.1617256089	0.0670282945	0.09950891029999999	0.046676225099999996	0.0232520745	-0.0115641035	-0.08209542360000001	-0.05513775480000002	0.027143779	-0.0457917437	-0.0080965057	-0.011571145	0.044644090899999996	0.0331609597	0.0586013279	0.061832544800000014	-0.12174567359999999	-0.024088568900000003	0.0563852975	0.2341553036	0.0256760459	-0.11242788529999999	0.036477387	-0.0905906854	-0.0019327705999999999	-0.0796798578	0.0123373463	0.0128888387	0.033722917000000005	-0.0106168145	0.0062920259	0.0938082655	0.0759233399	-0.0846970177	-0.021381229900000003	0.0913062074	0.0783669996	0.14534556880000002	-0.09579908039999999	0.0803383221	-0.0052248965	-0.0377570358	0.020980834500000003	-0.0711637212	0.0152853271	-0.0632010527	0.22417666030000002	0.1163923033	0.1073572803	0.1963443171	0.1015279945	-0.0791451294	-0.055348725	0.047094206799999996	-0.0762320043	0.1135821733	-0.0260079587	0.0304625301	0.0073086046	0.0907600209	-0.0640033258	-0.0205089816	0.0728515418	0.0359068427	0.032360104	-0.1098748866	-0.0288290979	-0.0737132253	-0.1213103246	0.0577258585	-0.1673158288	0.0243847296	0.12217784529999999	0.0524602148	-0.0081875403	-0.0392897766	-0.0769490635	-0.0336894384	-0.015712237	-0.0541887571	0.0319975183	0.053504368499999996	0.010593620500000001	0.0256219131	0.0253253588	0.0377677966	-0.0752536503	0.2254664398	-0.1268463805	-0.1614176885	0.0515220376	-0.0405739577	0.05658462230000001	-0.014523163700000001	0.0325534515	0.0254919096	-0.0500963937	0.0369856305	0.0036495087	-0.0658647846	-0.12363921300000001	0.0345540435	0.0230155712	-0.0575491632	0.1101226438	0.040681007799999995	-0.0013563764000000002	-0.018289103600000002	-0.09957598640000001	-0.1310731313	0.0395536344	-0.0687135329	-0.0282429795	0.0921427622	0.07142182679999999	-0.1200356318	0.2285250276	0.17984551629999998	0.0004704569000000001	0.0817759198	-0.16894527510000001	0.0944393036	-0.0409162738	0.0288240977	0.1093105946	-0.0120123369	0.0037856938	-0.0301177332	0.1251707019	-0.052920008899999996	-0.0228328503	-0.0378478065	-0.0502676921	0.0979867122	0.0320152014	0.10699954019999999	0.0195917601	-0.0778696586	0.0020402135999999997	0.0749575099	-0.1090326458	0.0361719	0.0467275	0.0013084063496099998	0.00218345925625	-0.059087	0.013873899999999979	0.0001924851012099995	0.003491273569	-0.175127	0.03748600000000002	0.030669466129	0.0014052001960000015	0.00118259	7.094000000000002e-05	1.3985191081000002e-06	5.032483600000003e-09	-0.00109132	0.00031634	1.0007099560000003e-07	1.1909793424e-06	0.0004942519999999999	-3.035600000000005e-05	2.4428503950399993e-07	9.214867360000028e-10
530.7978373299337	-0.17705325399640515	0.031347854750715554	281746.3441141348	758.9081903661569	-1.3563523687032557	575941.641404835	1.8396917480869328	445.36239006945436	-0.12557452273023273	0.015768960758925737	198347.6584883768	445.3998879776679	802.5393737982636	0.941037	32.659111	0.03486639999999998	0.016389400000000002	0.1649566912	-0.0225711198	0.0085587064	0.0560705989	0.0035836474	0.0921223196	0.1134068419	0.0705619114	-0.0646683517	-0.0701584487	0.053598752699999995	0.1108819249	-0.1040548395	0.0746195922	0.09367097460000001	-0.093039463	-0.0952068216	-0.1331259806	0.0896219116	0.06164404320000001	0.0255832813	-0.032882058799999996	0.006497923399999999	0.012641226299999999	0.1423195515	-0.056978438099999994	0.0349347885	0.011458752	-0.0826303248	-0.0048386786	0.023543081299999997	-0.1011751681	0.0513334469	0.0008254816000000001	0.1023997792	-0.0352849569	0.091262156	-0.09782332099999999	-0.0192848608	-0.0357022065	0.0308847881	0.0748789708	0.0550363034	0.0283991977	-0.013698161200000001	0.0033464451	-0.0611898855	0.1270800224	-0.0102273276	-0.06340143549999999	-0.0700133228	0.009348639300000001	0.0646516416	0.0379482545	-0.00174833	-0.0357794038	-0.0061508663	-0.038045785	-0.0265264198	-0.1037559337	0.0759957055	-0.0864025626	-0.0482659539	-0.0311217646	0.0491978347	0.0341741473	-0.037715595299999995	0.06722011139999999	-0.0777690964	0.006302395600000001	0.0458308792	-0.0225001188	-0.07348101209999999	0.0556891095	-0.074807485	-0.0058236715000000005	0.0028641568	-0.080457502	0.018306230700000002	0.1446455853	-0.20011976059999997	0.0286278789	0.0084366492	-0.0040575763	-0.051849414100000005	0.135077497	-0.0482251087	-0.1035470899	0.0848302495	0.0059516489	0.0405613494	-0.1056766613	0.1341309445	0.02070806	0.0888309317	0.031436825	0.028864050899999997	-0.035680131000000004	-0.0864603445	-0.038430976	-0.06906813049999999	0.0086607032	-0.0186778676	-0.0240309744	-0.0111105561	0.1054365864	-0.0858251786	-0.0324886337	-0.0125927798	-0.12488937859999999	0.0068713702	0.032194688	-0.0304685594	0.0822418171	-0.165165862	-0.0371908055	0.048824291299999996	-0.0809457446	-0.08681769119999999	0.0808882559	-0.0583041838	-0.0236911202	0.0890439051	0.0427481788	-0.0191461284	-0.021782842900000002	-0.0114934771	-0.0366168562	-0.051001231200000004	-0.1392838448	0.0410291969	-0.04304849	-0.0558963924	-0.027706711499999998	0.0211785244	0.031808077000000004	0.023234875099999996	-0.033522653	0.1108984531	-0.1080170011	-0.012484399299999999	-0.0748421432	-0.023362684100000003	-0.0199245597	0.0234278736	-0.07089248599999999	0.0044664234	0.030293034700000002	0.0124159604	-0.0913279218	0.015543868300000001	0.0739952274	0.1719488193	0.0222291583	-0.0430869833	0.157187482	0.039479145699999996	0.1008923589	0.1014977832	0.0393796052	0.1298438065	0.0701205093	-0.08613646369999997	0.0668384915	0.1087854026	0.0135471065	-0.0206520373	-0.046759059400000004	0.0481222045	-0.011706395	0.0646676274	-0.06529031589999999	3.28691e-05	-0.0062092363000000005	0.0501222558	-0.022754695699999997	0.0439475828	-0.0717748066	-0.08468148910000001	0.0884338492	0.07573594019999999	0.043833436100000005	0.0375988394	-0.034968340699999996	0.0795524407	0.09132886359999999	-0.026227838	-0.0792851412	0.0061177874	0.07039403450000001	-0.108422891	0.0262992	-0.009872699999999998	0.0006916479206400001	9.747020528999997e-05	-0.052906	0.006181000000000006	3.8204761000000065e-05	0.002799044836	-0.171748	0.003378999999999993	0.029497375504000008	1.1417640999999955e-05	0.0011028600000000002	-7.972999999999986e-05	1.2163001796000005e-06	6.356872899999978e-09	-0.00101693	7.438999999999992e-05	5.533872099999988e-09	1.0341466249000002e-06	0.000648806	0.0001545540000000001	4.2094922563600005e-07	2.3886938916000028e-08
529.7073709266136	-1.0904664033200788	1.1891169767698289	280589.89881398506	757.2256935431772	-1.6824968229797153	573390.7509619456	2.8307955593368344	445.3079542919046	-0.05443577754977014	0.0029632538774480586	198299.17415564103	445.2660804772688	796.8331657777652	1.140498	39.58149	0.16701605	0.102603	0.1151036997	0.027519789300000003	0.0833424086	0.0589878296	-0.057316558499999996	-0.1410852123	0.1226998179	-0.0317957392	-0.0553597722	0.1037800302	0.1024665957	-0.0294657641	-0.043932760700000004	-0.1676626785	-0.0712334153	0.1319565931	0.0527447507	-0.0027207707	-0.0810008658	-0.09019122339999999	0.012758772	0.027003075499999998	0.0172050064	0.0486123019	-0.1885534613	-0.06870147509999999	0.11994423109999999	0.05884738110000001	-0.09145061189999999	0.1006502814	0.1177391175	0.015590358600000001	0.0915718125	0.0345786444	-0.11302595119999999	-0.128918192	0.0626683471	0.0205578841	-0.0867637034	0.1053740534	0.1828593732	-0.10347550550000001	0.023248373	-0.0685722768	0.0490766125	-0.07484647400000001	-0.10864018710000001	0.1073172659	-0.0620730082	0.0656597704	0.09768432949999999	-0.00034614769999999996	-0.058282735499999995	0.0097309836	-0.0560198381	0.0184598724	0.16335503769999998	-0.0706869513	0.15219248259999998	-0.0547524249	0.1537074975	-0.0488657636	-0.20548476149999997	0.0375382751	-0.145430452	0.2128685491	-0.0712054508	0.0576084013	0.0016665631	-0.0477691814	0.0790742555	-0.038186774900000005	0.047133153399999995	0.1594998913	0.0838324865	-0.1953168968	-0.0966665047	0.0361435121	-0.0861018586	0.0899844431	-0.0346585899	-0.010882800500000001	-0.128870285	0.0764051722	0.041770629	-0.0503795728	0.0673686369	-0.0172490479	0.039108365	0.0793337614	-0.0069363013	0.0723583041	-0.033342791600000005	0.074521588	-0.16848720309999998	-0.10650863099999999	0.016067024699999998	-0.025968203999999998	0.0757442067	-0.0028498568	0.028270672	0.08655016509999999	-0.0050990244	-0.0274975248	0.0642819862	-0.21622562039999998	0.121682271	-0.1294577231	0.0780946417	0.0087893611	0.1309930588	-0.1316927266	0.0470073955	-0.0298638663	-0.0318990417	-0.024948953	0.1246006854	-0.0247947878	-0.1112050614	0.0212222177	0.0960176968	0.0219901551	-0.0730758178	0.010593388799999999	-0.0058931714	0.055630991399999996	0.11782395080000001	-0.1412112749	0.0896209803	-0.0681565333	0.0381618801	-0.13475191050000002	-0.21875255030000001	-0.11354426849999999	-0.21181551850000002	0.2274585952	0.041631436200000004	0.0497522415	0.044092557000000004	-0.0018373978	0.12405438699999999	0.0226802348	-0.0585608019	0.0971029647	-0.1244754201	-0.0980896522	-0.1031572316	0.13849047949999999	-0.0942946934	0.0113378023	0.1333270813	0.0671002433	0.0310317346	-0.0146018337	-0.0949558619	-0.0060761494	-0.0034321208	0.047068016500000004	-0.050810929000000005	-0.0307915019	-0.0714120181	0.0395128659	0.1572606356	-0.0893171073	-0.1115401709	0.0875908675	0.0597853337	0.054843914900000006	-0.016765845300000002	-0.0798319254	-0.0187201719	0.0499787405	0.023204119199999998	-0.0089786383	-0.124960831	0.0639012764	0.11689260539999999	0.10291554	-0.0852833949	-0.2170488565	0.0211174586	0.0748927209	-0.1500481015	0.0046096664	-0.004237802	-0.026089878599999998	0.11072625189999999	-0.0806728995	0.0101868048	0.06560907349999999	-0.1072067914	0.06127340000000001	0.034974200000000004	0.003754429547560001	0.0012231946656400005	-0.0137351	0.0391709	0.0015343594068099994	0.00018865297200999998	-0.0845461	0.08720190000000001	0.0071480430252100005	0.007604171363610001	0.0011634900000000005	6.063000000000032e-05	1.3537089801000014e-06	3.675996900000039e-09	-0.00106968	-5.2749999999999846e-05	2.7825624999999838e-09	1.1442153024e-06	0.0006488069999999999	9.99999999907325e-10	4.209505232489999e-07	9.9999999981465e-19
528.8944651626782	-0.8129057639354187	0.6608157810394266	279729.35527971544	759.6223798015343	2.396686258357136	577026.1598953464	5.744105020997926	445.01484071952484	-0.29311357237975244	0.08591556631322038	198038.20846062407	445.06269025954805	785.2364175928814	1.184397	41.105003	0.19591415	0.113528	0.0488875233	0.0426737141	0.1242220346	-0.016107638400000002	-0.0663700903	0.0522956482	0.0803309062	-0.0718918459	-0.1500594939	0.0037301356	-0.0407114069	-0.011103353	0.0529282196	0.19201586739999998	0.00779429	-0.17260297089999999	-0.0772009151	0.0004423107	-0.1573437911	-0.0035269074	0.0587806073	-0.12175174289999999	0.0700331894	0.0790536495	-0.1193453242	0.1395204542	0.1159484061	0.22451783320000002	-0.043668377800000005	0.007974562	-0.0779635606	-0.012649023	-0.0207859162	0.043112017999999995	-0.1093309977	0.0630224734	0.0694725152	0.0458874332	0.0012569777	-0.0010737998	-0.0192084343	-0.0192491026	-0.050252784800000005	-0.023431700899999998	-0.0093883118	0.009032675300000001	0.0119228718	-0.012497438	-0.1280279618	-0.1047904048	0.0358089533	0.0694211857	-0.0531098798	0.1267189969	0.0767729846	-0.0284725096	-0.0022321641	-0.06789860730000001	0.042969811399999995	0.0298738389	0.0064020484	0.2590486736	-0.0364135153	0.0389522247	0.1876275522	0.11912774	0.072706954	-0.007393453	0.061406329	-0.0753971893	-0.06101659440000001	-0.041697073599999995	0.0029936952000000003	-0.0037759496	0.058554021500000004	-0.12203598140000001	-0.0206652663	0.0041805003999999995	-0.0411104954	0.1316705796	0.092969045	0.0413069513	-0.045905945	0.046373949299999995	0.0147277306	-0.0052802212	-0.1425330792	0.0431689372	0.0145818699	-0.052734582099999996	-0.0025165256	-0.0862671001	0.0171146407	0.0696026296	0.11902293929999999	-0.1417096555	-0.0547156171	0.1198530014	-0.045401719699999996	-0.09834160900000001	-0.0738625009	-0.1474466906	-0.0927330383	-0.0214195077	0.0433977609	-0.0204900183	-0.18304965399999998	-0.1099642877	-0.0207245601	0.047814337699999994	-0.057816770199999985	0.0023776672	-0.0967921802	-0.059551956399999995	0.0363506526	-0.0540518528	-0.050693464699999996	0.1038538918	-0.06812849280000001	0.0931475666	-0.032170756	0.0887221457	-0.042341332	0.1171541349	0.0866166741	-0.049884841299999996	-0.0290044382	-0.0650239488	0.013812582700000001	0.1476399464	0.06967378910000001	-0.1240068526	0.1130591481	0.0956341293	0.1599239889	0.1327228693	0.0936054784	0.0268598887	-0.009742120600000001	0.032348630499999996	0.0798328539	0.056680422599999995	-0.056183744800000004	-0.0632505704	-0.0323661981	-0.0884165941	-0.1072514768	0.110135871	-0.0357266846	0.1130396991	-0.025289830099999997	0.022859730099999996	0.0410606502	0.0577617729	-0.0787196544	0.038499615699999996	-0.1082838621	-0.09626458630000001	-0.0467631279	0.06440110019999999	0.0616337593	0.0958904547	-0.0363064778	-0.0201809326	-0.0033804969	-0.0669692547	-0.0985886894	0.1175831266	-0.0296203151	0.0324001488	-0.0368304165	-0.2130870143	-0.0624906529	0.0122339589	-0.0592135182	0.017738881499999998	0.0565581153	-0.1459685458	0.1204280055	0.1218730584	-0.0794314247	0.0553727045	-0.049945099400000005	-0.11966428330000001	-0.0261862919	0.0332271907	-0.0662005572	-0.0820324483	0.0142415751	0.0606176821	-0.105391148	-0.025845	-0.08711840000000001	0.000667964025	0.007589615618560002	-0.0386204	-0.0248853	0.0006192781560900001	0.0014915352961600002	-0.154654	-0.07010789999999999	0.023917859716	0.004915117642409999	0.00134611	0.00018261999999999944	1.8120121321e-06	3.3350064399999786e-08	-0.00116311	-9.343000000000003e-05	8.729164900000006e-09	1.3528248721e-06	0.000648806	-9.99999999907325e-10	4.2094922563600005e-07	9.9999999981465e-19
528.922737839577	0.02827267689883684	0.000799344259026022	279759.26260371396	761.1691885564685	1.5468087549342044	579378.5336077127	2.392617324341104	444.8036299026318	-0.2112108168930149	0.04461000917261467	197850.26917455747	444.8338322472051	788.8647069956032	1.021718	35.45916	0.1488995	0.0773457	0.0563545963	0.0034493886	0.1098183922	-0.0383567604	-0.0946537367	0.0754613199	-0.042882809400000006	-0.12940660369999998	-0.0681871713	-0.0470730263	-0.0233327104	-0.051139404699999995	0.0894232658	0.0706554401	0.0152041872	0.057462163399999995	-0.022039919300000002	0.11026389460000001	-0.10722851800000001	0.064872517	0.0329261929	-0.0016028999	0.1801597247	-0.0571393716	0.031170419300000002	0.0134380103	-0.0991632348	-0.023410069	-0.046094364400000004	0.1233386609	0.0815573271	0.18309008850000005	-0.1353890073	-0.0034126188	0.0516597711	0.0415938702	-0.0702109304	-0.0052208402	0.11338211039999999	0.061756470599999995	-0.0517412966	-0.1081034889	0.064725448	-0.024750774399999998	0.0271581556	0.0575875708	0.0259565572	-0.0219324062	-0.12510392369999998	-0.1192214835	0.0662127079	0.1604898852	-0.064327564	0.0693333198	0.0818982778	0.0678540493	0.0878239856	-0.17470228489999998	-0.0929747122	-0.0254596313	0.021879009900000003	0.2035361688	-0.0868776099	0.118600433	0.0095387222	-0.1518823915	-0.1402878548	-0.1043494964	0.043293067000000005	-0.0665593042	0.08954902869999999	0.0864642966	-0.096596117	0.0290639311	0.006360611600000001	-0.0095854462	0.008503241600000001	-0.0380436622	0.0368460637	0.008583473000000001	-0.0182417927	-0.07127314280000001	0.0553606984	0.0721168484	-0.0102316675	-0.1001657679	0.0346290809	-0.027467670899999998	-0.0250412975	-0.0379170326	0.0746442575	0.0983047831	-0.0872824601	-0.0567105956	-0.0790081682	0.2388815302	-0.0514693542	-0.0506971233	0.036567424700000004	-0.06070344730000001	0.0440122069	-0.09271130529999999	-0.0649646247	-0.0775378057	0.09592423119999999	0.1004693563	0.011048123200000001	-0.0373996605	-0.0128980858	0.044674590300000004	-0.0977094065	-0.0991324953	-0.0923752906	0.011936676	-0.0503434404	-0.05209908110000002	-0.047153092300000005	0.10613343869999999	-0.0525621466	0.09909985269999999	-0.0245795505	0.1891427853	-0.0529316408	0.0684793252	0.09461756060000001	0.0401898035	0.0467643265	-0.1453384033	-0.0922282571	0.1439166185	0.1223380384	-0.1116877734	-0.0139827319	0.2119163241	-0.043281918600000004	0.0079111125	-0.1369797593	-0.0847401223	-0.0858338477	0.06734693259999999	-0.0815557842	-0.1755032984	0.044139344500000004	0.0046072814000000005	0.0174532003	-0.0541975274	0.010784512	-0.0098410907	0.048270233600000004	-0.0617185796	0.0249414664	-0.09629969099999999	0.04338561269999999	-0.018752381499999998	-0.101836249	-0.08701368699999999	-0.0044396184	-0.0097374156	-0.0085672162	0.0545960779	-0.1065740332	-0.16951919070000002	-0.1336523491	-0.0249369736	-0.09388104259999999	0.0714051741	-0.0641671417	-0.1371765396	0.07665768049999999	-0.0525846797	-0.0720368155	-0.051774700300000004	0.0063147184	0.0178214097	0.06930754459999999	0.0776303644	0.0339590044	0.050311267699999995	0.0157482473	0.09100162630000001	-0.1177128843	0.0259491892	-0.0284293654	0.0516837658	0.0061396763	0.0497596615	-0.0396892207	-0.0833633121	0.0182764273	0.055435565	-0.10298611449999999	0.034213	0.06005800000000001	0.001170529369	0.0036069633639999998	-0.0467098	-0.008089400000000005	6.543839236000006e-05	0.0021818054160400004	-0.182478	-0.027824000000000012	0.033298220484	0.0007741749760000007	0.00222617	0.00088006	4.9558328689e-06	7.745056036e-07	-0.00105294	0.00011016999999999993	1.2137428899999984e-08	1.1086826436e-06	0.000717138	6.833199999999994e-05	5.142869110439999e-07	4.669262223999992e-09
529.4180962002088	0.4953583606317125	0.2453799054477377	280283.52058425354	761.6790974481304	0.5099088916618939	580155.0474893985	0.2600070777958611	444.80377543787256	0.0001455352407333521	2.1180506295314752e-08	197850.39864378536	444.8211443988738	793.1800437295602	1.022267	35.478214	0.094491499	0.0464229	0.058438013399999995	-0.0298820121	0.0872697109	-0.122922605	-0.0986938402	0.0776666553	-0.0946493533	-0.1471012148	-0.09282284240000001	0.0202222748	0.1024629017	0.0031591913	0.09336578640000001	0.1028238434	0.0282447896	-0.0378924733	-0.018943746799999998	-0.0023170163	-0.157666798	-0.0170970486	0.029511927400000002	-0.1221938349	0.06660676759999999	0.1394670294	-0.0068244703000000006	0.1818876484	-0.0579856813	-0.090693416	-0.1062389228	-0.1240661698	0.043219844400000006	0.07098896889999999	-0.09062487609999999	-0.1729669532	-0.0294573072	-0.0171701817	-0.017086419	0.1341704421	-0.161282075	0.0549273465	0.0517816433	0.0103951151	-0.0607655425	-0.1601874567	0.059325917699999994	0.05225187110000002	0.013512258400000001	-0.0583458827	-0.09371052699999999	-0.1599765933	0.026154921	0.12893544710000002	-0.083912783	0.1184170456	0.11634313269999999	-0.0649270251	0.013110221200000001	-0.08448528599999999	-0.0413799983	-0.0745171625	0.0433934037	0.0178261201	-0.0899188151	0.0860429459	-0.0716271384	0.109342199	0.0159622312	-0.1758082142	-0.0616550203	0.0679852133	-0.1407674703	0.011628958100000001	-0.0685629683	-0.0738929772	-0.0084431251	0.0738072055	0.0019365431	-0.054668988099999996	-0.0288895513	0.0669341805	-0.0111041976	-0.0786367737	-0.0755404969	-0.0202174544	-0.0194238986	-0.0572015124	0.0030559715999999995	-0.1666042963	-0.0786292558	-0.022557195800000002	0.0487812228	0.058312021299999996	0.0250422503	-0.034720786600000005	-0.0847450535	0.0998958443	-0.0148463402	-0.0101439691	-0.137654404	0.0337235336	0.1877105332	0.163344972	-0.0166684801	-0.0515107216	-0.037719482900000004	-0.0654749562	0.029604695099999998	0.1196959808	-0.0957259267	-0.0806431136	-0.017981244599999998	-0.0444202627	-0.0038075697999999996	0.0012069614999999998	0.05155673	0.0659709501	0.0732158347	0.1215132301	0.0082433413	0.12371450769999999	-0.0694136752	0.1517346359	-0.0586094312	0.10476436900000001	0.0981884792	-0.0965316319	-0.0132731819	-0.076551403	-0.0851780487	-0.0387872724	0.0803740942	-0.0496219057	-0.0759839091	0.051152275700000006	-0.0850568307	0.0492815128	0.0945673715	-0.0442712226	-0.1941186197	-0.037959898	-0.0084194167	0.0634628269	0.0221788319	-0.1594745034	-0.0015349816000000001	0.0096300769	0.057716924	-0.0706714072	-0.0378495711	0.0575327365	0.0404168222	-0.009562035699999999	0.0437484562	0.0006769984	-0.037157254300000005	0.0294727285	0.1405505188	-0.043258075599999994	0.1279870508	0.1058513517	-0.0445332779	-0.07898580179999999	0.0122933371	-0.0119907559	-0.0537077546	0.036601266800000004	0.026269745299999998	-0.038890305800000004	0.1334878145	0.0874143705	0.0502579376	0.10729953019999999	0.0647257575	-0.1776573166	-0.0517557723	-0.0056104105	-0.1106886151	0.1160924938	-0.0599495038	0.0701131474	0.043000608200000005	0.0129940255	0.036830076600000004	0.023445402400000002	-0.0508867383	-0.0162378712	0.0990894781	-0.0846650256	0.0222857183	0.0500790271	-0.1000051409	0.000150451	-0.034062549	2.2635503401000004e-08	0.0011602572443774007	-0.0624457	-0.015735899999999997	0.0002476185488099999	0.00389946544849	-0.166977	0.015501000000000015	0.027881318528999995	0.0002402810010000005	0.00177196	-0.00045421	3.1398422416e-06	2.063067241e-07	-0.00116311	-0.00011016999999999993	1.2137428899999984e-08	1.3528248721e-06	0.0007365989999999999	1.9460999999999914e-05	5.425780868009997e-07	3.787305209999967e-10
529.4797642380619	0.061668037853110036	0.0038029468926526117	280348.8207375936	759.979870753036	-1.6992266950943529	577569.4039498013	2.8873713613212777	445.39126761972466	0.5874921818521557	0.34514706373740633	198373.38127190524	445.28987967356215	796.7000388082132	1.017323	35.306625	0.04825154900000001	0.0236044	0.0684137465	-0.0822078457	-0.050131931500000004	-0.0996672129	-0.111163431	0.055631972800000005	-0.1129679989	-0.0484824307	0.0536442633	0.0237053087	0.050480125599999995	-0.0422311365	-0.0497690054	0.053972190499999996	0.0549846863	-0.082455357	-0.0129420892	0.0638936259	-0.07357187280000001	0.0010387531	-0.0174608147	0.09790308689999999	0.0360201601	-0.0853539507	0.0178442214	0.0971524917	0.0089421357	-0.1433763515	-0.0405464438	0.0569260489	0.0579153763	-0.0826492444	0.040603543900000004	-0.0175971279	0.0801358892	0.0478254396	0.03715261	0.0717495905	-0.0816710249	-0.0175802704	-0.0054637207999999994	0.0074460694	0.0442043769	0.016504588400000002	0.0080891696	-0.0638326163	-0.16678820460000002	-0.054945240599999993	-0.009846097600000001	-0.20582273260000009	-0.1188407875	0.0818987987	-0.16931139050000002	0.06170837150000001	0.014570329299999999	-0.0983039369	0.10077924519999999	-0.0056699818	-0.0775663858	-0.05803090280000001	0.08312601139999999	-0.008913863900000001	-0.1695178305	0.125367788	-0.0451830992	-0.0711818609	0.0306982719	0.0494019888	0.061885915199999995	0.11982058279999999	-0.084586572	0.1350163141	0.11326375609999999	0.043730303899999996	0.0987169764	0.16729602699999999	0.0072056767	-0.044354027000000004	0.0286206521	-0.0247813463	-0.028853120899999998	0.0197299767	0.0381628423	-0.042559905599999996	-0.0921759364	-0.0437370608	0.018343294099999997	0.0463030806	0.0163131499	0.07366748719999999	-0.0016661622	0.0293056366	-0.0829304693	0.013768246999999999	-0.06944268740000001	-0.0337706895	-0.0806332553	-0.0449154522	0.013341508799999999	-0.0006213889	-0.1668748679	0.0203758068	0.0374823253	0.0604177313	-0.05396546940000002	0.042914552800000005	-0.0091947422	-0.09475756699999999	-0.0720025291	-0.0475897579	-0.023607442599999997	0.201541533	0.0005794357	-0.024554146699999998	0.049255245700000005	0.1088203239	0.052982115700000006	0.034242670600000004	0.0644650383	0.1210203442	-0.20405098730000001	0.0755995489	-0.151174695	0.067435811	0.0010860432000000001	-0.0744243288	0.0883730414	-0.0129722727	-0.0915703276	-0.0669473329	0.049676901600000004	-0.09573413509999999	-0.1499100785	0.1588088026	-0.052501533899999994	-0.0133394459	0.0551888353	0.09255288519999999	-0.029239850699999997	0.0885471184	-0.1447052635	0.09823918150000001	0.0552321947	0.1154314143	-0.0390654404	0.0052872131	0.17723486289999998	-0.12149028140000001	0.0199508902	-0.0091095147	-0.0242904186	0.041908977	0.0068303543999999996	-0.0716015906	-0.0098689422	0.039018719199999996	-0.0166514299	-0.023740780099999997	-0.0184453129	-0.097672299	-0.0046121103000000005	0.0189889975	0.0741145176	-0.0406925298	-0.036648460699999996	0.0511134763	-0.044369041500000005	-0.0832125985	-0.09463415800000001	-0.0312858664	-0.0270635363	-0.0569623652	0.0010390571000000002	0.053655676799999996	-0.0011959925999999999	-0.12262295990000001	0.0665827531	-0.025564666	0.021717319300000003	0.06911205940000001	0.1333024366	-0.0560081903	0.074404227	-0.1510794147	0.027697596	-0.1260023501	0.013922946399999999	-0.08593713359999999	0.0262638406	0.044564922	-0.09646489789999999	0.0191627	0.019012249	0.0003672090712900001	0.000361465612038001	-0.0535745	0.008871200000000003	7.869818944000005e-05	0.00287022705025	-0.17368599999999998	-0.006708999999999993	0.030166826595999993	4.5010680999999906e-05	0.00176029	-1.1669999999999866e-05	3.0986208841e-06	1.3618889999999688e-10	-0.000972767	0.00019034300000000004	3.623045764900002e-08	9.46275636289e-07	0.000807768	7.116900000000016e-05	6.524891418240001e-07	5.065026561000023e-09
529.0433261464623	-0.43643809159959795	0.1904782077990991	279886.84094011213	761.3570033839447	1.3771326309087044	579664.48660178	1.8964942831135296	445.52650904094634	0.13524142122162175	0.018290242014044118	198493.87025821247	445.5541628952298	789.607887127954	1.07162	37.19104	0.13291315	0.0726596	0.034694671499999996	-0.0726716967	-0.067333115	0.0606631463	-0.049967259699999995	0.046969943099999995	-0.08878577550000001	0.0908700734	0.0029085409999999997	0.0265814578	0.010831033799999999	-0.1420423738	-0.1184561641	0.1362013927	-0.0384113614	0.0816905309	-0.0181238277	0.08226484120000001	-0.0674852579	0.0174173785	-0.0976785857	-0.0698739926	-0.0323495239	0.038128796	0.080511655	0.0492629659	0.0139765424	-0.0858503501	-0.054005965	-0.0656325095	0.042881745199999995	-0.0997297142	-0.059019152400000004	0.0257005829	-0.0807373358	-0.10537387570000001	0.018002758400000003	-0.038241832999999996	0.011216272	0.19702090100000005	-0.0640248846	-0.0368132189	-0.0738448587	0.0367956567	-0.027532866200000002	0.0158109802	-0.110718698	0.0444599967	-0.011679013500000002	-0.1011274083	-0.1546754208	0.1919098217	-0.10421906480000001	-0.1059381586	-0.0292769691	0.094636909	-0.0166698172	-0.0876048528	0.0056423611	0.0001779738	0.0807086801	-0.1464314271	-0.05257237360000002	-0.06549490179999999	0.08585379060000001	0.0274145899	0.11875532820000001	-0.1008194536	0.0065048822	-0.0793101542	-0.0754920429	-0.026952432999999998	-0.09155449	-0.1417908166	-0.037038043300000004	0.0805367375	0.1586282523	-0.07400020360000001	0.06405116940000001	-0.0598023196	-0.0658198958	-0.0039547518	0.0273167489	-0.0146241956	0.09883501199999999	0.0710672099	0.05782777190000001	-0.0566112353	0.14213314900000001	0.0752407428	0.0473770213	-0.11729611599999999	0.010617419599999999	0.156649344	-0.027378913199999997	0.0328032522	-0.0122933404	0.0724638951	0.04911679309999999	-0.0376578856	0.027470089	0.0158617235	-0.045588851799999996	0.024012391600000002	-0.004994892	-0.0151914679	0.1530055362	-0.0043834178	-0.0036861246999999996	0.0614496595	-0.0546195395	0.0388946799	0.0988303923	0.102891611	0.1314277112	-0.0445434373	0.032947815400000004	-0.057686975700000004	-0.0230721892	0.027299025	-0.2182613918	0.1733305949	-0.0342038667	-0.0813289823	-0.021702783399999998	0.1042262998	-0.0548178963	-0.1139767736	-0.023406265	-0.1137541757	-0.0508702141	-0.039287213700000004	-0.07250322320000001	-0.030844629100000007	0.1029637777	-0.0181566402	0.11830955	-0.08533393060000001	-0.0065405525	0.0805782492	0.0033037613	-0.0428105666	0.0378039752	-0.1461517823	0.0936726996	0.0277742344	-0.0487710591	-0.1113335438	0.048641420899999996	-0.013718026599999999	-0.048597056	0.0016640056	-0.0076260985	0.07304629309999999	0.1138608117	0.0014797857999999998	0.06128942480000001	0.1725636431	0.117231234	-0.0462191266	0.0771581076	0.1173002161	-0.0766001228	0.0683496423	-0.0569080026	0.1387379307	-0.037151395	0.1150683126	0.0368122975	-0.025400753300000002	-0.0790595248	-0.0045135015	0.0035474863	0.0247797167	-0.0030321384000000003	-0.0049556546000000005	0.0214612782	0.1125348332	-0.005984085	-0.0517799242	0.0036108396999999996	-0.0342573786	0.1186491251	0.11255439800000001	-0.1369951675	-0.061310126	0.0496251816	-0.08717919119999999	0.0302052306	0.0389105992	-0.0923851842	0.017760599999999998	-0.0014021000000000033	0.00031543891235999986	1.965884410000009e-06	-0.0514626	0.0021119	4.4601216099999984e-06	0.0026483991987600003	-0.113974	0.05971199999999997	0.012990072675999999	0.003565522943999997	0.0008751619999999999	-0.0008851280000000002	7.659085262439999e-07	7.834515763840005e-07	-0.00132242	-0.000349653	1.2225722040899998e-07	1.7487946564e-06	0.000648806	-0.000158962	4.2094922563600005e-07	2.5268917444000003e-08
528.2211933910373	-0.8221327554249456	0.6759022675426134	279017.6291474517	759.0311989521788	-2.32580443176596	576128.360982782	5.409366254822179	445.27444760147654	-0.25206143946979864	0.06353496926758696	198269.3336868001	445.29417035497914	784.2970725286519	1.087647	37.747253	0.0597278	0.0303521	0.0031468825	-0.0428570358	0.1258662788	0.033062822	-0.005593751700000001	0.025766487200000004	0.0507284811	0.023216531600000003	-0.0744139242	-0.0070632485	0.097406571	-0.10480023	-0.1387071664	0.0133837748	-0.0310645183	0.0006930558	0.1076143705	0.0372150182	0.0038102063	-0.015234891200000001	0.0135750756	0.0147483741	-0.0743320063	-0.1482559175	-0.07567339049999999	0.04291591610000002	-0.0818544864	-0.0140306273	0.0119498903	-0.0063383876	0.025062751	0.1422541312	-0.1344558572	-0.0159914984	-0.101585643	-0.1229322182	-0.022894373	0.0659033687	-0.059600741	0.17433738170000002	0.0530794065	0.0186165408	0.0622015685	0.13817926619999998	0.1075582421	0.0007675942	0.0638353665	0.0126205883	-0.1300928899	0.0027492356	-0.029710709	0.1218724449	0.019986396599999998	-0.022748661099999998	-0.10315849640000001	-0.1518624909	0.024613265899999997	-0.057891461	0.0273554117	-0.0564261967	0.1113488508	-0.07549991910000001	0.001955054	-0.0376615656	0.1081560382	-0.027517208199999997	0.0946664782	-0.07874022480000001	-0.0267234401	-0.005906231600000001	0.0081327411	0.036127494100000004	0.0381622188	-0.1362768274	0.0554715678	-0.1157516031	0.030514420299999997	0.0470792009	0.0317457031	-0.0167256272	-0.054261543200000005	0.0363401426	0.08736177460000001	0.1011759253	0.0086338602	0.0152965905	-0.062334431399999994	-0.1247323143	0.0160672062	-0.0802883397	0.008025832	0.09122632970000001	0.0400186917	-0.10546783859999999	-0.0675989687	-0.09237934699999999	-0.092150754	0.094080761	-0.0690546696	0.0436586887	-0.0150003904	-0.1394428854	0.1108771804	0.028280086800000007	-0.014531987	-0.0844811333	-0.0722914459	-0.0159314076	-0.016021783799999998	-0.0195142892	0.0191401343	0.0661276596	-0.028955452000000007	-0.1359568231	-0.0721761992	-0.0177465405	0.05815304	0.0653679066	-0.1115042408	-0.0078219306	-0.04513927	0.1074181899	0.0250857325	-0.0051412521	-0.1565358982	-0.1170633298	0.051849136	-0.0846590323	-0.013847966000000001	-0.1228991866	-0.0034913089	-0.0659191108	-0.0060957473	-0.003639067	0.0822424152	-0.0636517152	0.07477009	-0.0198540264	-0.0431030146	0.014730863899999997	-0.0012852579	0.007629043	0.067063284	0.0321556816	0.0659010232	0.0481548246	-0.1602569049	0.035823917000000004	0.024949373799999997	-0.0995345173	-0.0121195707	-0.0013385263000000001	-0.041245836	0.09043353259999999	-0.0329100374	0.08888059	-0.0208978414	0.0038380123999999997	0.060418964900000004	0.112340281	-0.0106558443	-0.07084431990000001	0.1519569503	-0.0768415778	-0.042495362800000006	0.007292899300000002	-0.036569294599999996	0.016191118600000002	-0.0641775728	0.1187257474	0.021107046400000003	-0.0221260896	-0.17741594230000002	0.0694447406	-0.0483423363	-0.0071732121	-0.0296065067	-0.0057639423	0.09546024060000001	-0.0323470413	0.0447725334	-0.019238491200000003	-0.0317775499	-0.1250686264	0.023332464100000002	0.08132019559999999	0.0673354085	-0.0883907642	0.0341043759	0.033133849300000004	-0.087788815	0.0315909	0.0138303	0.0009979849628099998	0.00019127719809000003	-0.0484031	0.0030595	9.360540249999996e-06	0.00234286008961	-0.111055	0.002919000000000005	0.012333213025	8.520561000000028e-06	0.000405823	-0.0004693389999999998	1.6469230732900002e-07	2.2027909692099985e-07	-0.00128687	3.554999999999986e-05	1.2638024999999904e-09	1.6560343969000004e-06	0.000942297	0.00029349099999999984	8.879236362089999e-07	8.613696708099992e-08
527.0418691694683	-1.1793242215690043	1.390805619579338	277773.131857647	759.8211130718641	0.7899141196853634	577328.1238697666	0.6239643164783026	445.1019323660952	-0.17251523538135416	0.02976150643868403	198115.730196032	444.9743574811357	778.8895694630918	1.100168	38.181789	0.0983692	0.0474894	-0.0414938489	-0.0327789427	-0.0089223192	-0.1337682107	-0.08666577730000001	0.0654905568	-0.10918529140000001	-0.1282681856	0.037573573900000004	0.1230114709	0.1272038796	-0.059177625199999986	-0.0443768981	-0.0049944509	-0.1361464165	0.0634413581	0.0585967643	-0.0329391525	-0.0833761496	0.0219253154	0.025270711499999998	-0.062210986100000004	-0.118617901	-0.0052883973999999995	-0.0270911753	0.027038306499999998	0.2242223107	-0.019514794499999998	-0.048605586900000004	-0.0447691511	-0.0099555299	0.041422475099999995	-0.0683349033	0.022099607200000003	0.1840150816	0.040434255	-0.016671123700000002	-0.0910250069	-0.0625430021	-0.020766134199999998	-0.055600415300000004	-0.016478123	-0.0848538647	0.028833312200000006	-0.1328521378	-0.0437243499	-0.019406656	-0.0927763585	-0.0056016106	-0.1517178456	0.0334852068	0.18564634510000005	-0.0348263866	-0.0747196196	-0.0354857383	-0.012810920600000001	0.0619667717	0.037835421800000005	-0.1086100208	0.0023081056	0.0428562045	0.0167813386	0.0733114244	0.0017762638	-0.0052821943	-0.0334001861	0.1424483065	0.1313556971	-0.0038665069	-0.050710951500000004	-0.06865569099999999	0.0098769567	0.045822332	-0.029552728700000006	-0.09385264119999999	-0.1253828472	-0.0759891737	-0.0223576246	0.1545117016	-0.0188154421	-0.0179344525	-0.14429545289999998	0.0913019834	0.0629608828	0.0432566909	0.0132536235	0.0782357979	-0.045443402	0.0123015713	0.0649952495	-0.0782172164	0.0359387494	-0.0330984823	0.0654267135	0.0336298761	-0.045547991600000004	0.048654151900000005	-0.0495189941	-0.0921711809	0.0272186211	-0.017289584	0.13170979119999998	0.0115354104	-0.0994537061	0.0202016464	0.0466181878	0.0016598137	-0.035391392	0.1175655508	-0.016577116200000002	0.1749238828	0.034994397000000003	-0.1358793642	-0.0639293598	-0.0398997823	-0.058555065	-0.0703220623	0.0708577972	0.101100379	0.0993642817	-0.0698211411	0.2044623496	-0.0225529133	-0.06646238110000001	-0.0389173687	0.036479644500000005	0.08125222139999999	0.0408772873	-0.0894200912	-0.019994161200000003	-0.0240269874	-0.0497522246	0.06505804059999999	-0.006520035699999999	0.0144732923	-0.1102674223	0.07480670269999999	0.0476532685	0.11993372039999999	0.032761223900000004	-0.005835971	0.1366180199	-0.0965201772	-0.012907231000000002	0.08660922609999999	0.0378291564	-0.0610227284	0.0913722247	0.160049839	-0.09735911189999999	0.0642480675	-0.12661993789999998	-0.0179752766	0.0434354536	-0.06507695620000001	-0.078081969	0.0671725182	0.09733364359999999	0.0016307472	-0.10355894339999999	-7.80285e-05	0.0685176053	0.0238756465	-0.0566729803	-0.020073843	-0.0651628715	0.1072263356	-0.071011373	-0.013793974399999999	0.025756704900000003	0.0750353438	0.024740801899999998	0.08396712769999999	-0.014866153	0.019732289	0.0013229844	0.0225067031	-0.0183540168	-0.1318935424	-0.051775572	-0.0903535993	0.05962600570000001	0.0172619328	-0.17364698420000002	-0.0160270957	0.025395807000000003	-0.0747221355	-0.0895714288	0.0379558231	0.027252848	-0.0827014951	0.0200877	-0.011503199999999998	0.00040351569129000003	0.00013232361023999994	-0.038254	0.010149099999999994	0.00010300423080999987	0.0014633685160000002	-0.137717	-0.026662	0.018965972089000003	0.0007108622440000003	0.00116032	0.000754497	1.3463425024000002e-06	5.69265723009e-07	-0.00116311	0.0001237600000000001	1.5316537600000025e-08	1.3528248721e-06	0.0008194560000000001	-0.00012284099999999984	6.71508135936e-07	1.5089911280999957e-08
526.4222986893128	-0.6195704801555166	0.3838675798801374	277120.43655734014	761.0088459400438	1.1877328681796369	579134.4635989972	1.4107093661542272	444.6133033927864	-0.4886289733087778	0.2387582735567904	197680.98955384592	444.5804274198369	768.9414042034813	1.110364	38.535648	0.03775445	0.0193352	-0.0686649142	0.0098133057	-0.0357810684	0.1092919602	0.0024578723	0.1082193921	-0.0348722266	0.0828991945	0.0017897871	-0.031323167799999996	-0.0737675193	-0.04867459389999999	-0.1244211998	-0.08792883289999999	-0.055886819500000004	0.0815680161	-0.0410664461	-0.0916394534	0.045778987199999996	0.030398135	0.0395029187	-0.09029677720000001	-0.056403538499999996	0.0668827088	0.12048594060000001	0.08977864619999999	0.1575991678	-0.0499101221	-0.0790904264	-0.008273014	0.0600214134	0.014432809199999999	0.0616033554	0.0860432898	-0.0208545128	-0.050674469699999995	-0.1088455979	-0.043212527699999996	-0.0018815841	0.07229185769999999	-0.1326272672	0.0710251339	-0.056892379800000004	-0.0761487035	0.0244134135	0.052400288899999994	0.1154083164	0.0668027881	-0.0404818084	0.0818048302	-0.0433188199	0.197263469	0.0203426282	-0.044377933	-0.017007312	0.12445770240000001	0.030336727400000006	0.0876795284	-0.08538411679999999	0.0008217236999999999	0.0897739008	-0.0171827635	-0.010913206399999998	-0.22274400800000002	-0.0957999718	-0.0408763658	0.0382221946	-0.0164662632	0.0093971129	0.1209528633	-0.0054238851	0.122042361	-0.0734882916	0.10195281210000001	-0.0466437186	-0.1980554898	-0.1640623518	-0.0250480217	0.1276596056	-0.078671564	0.1214844418	-0.1173583966	0.1247854566	0.0329285673	0.0003436338	0.10751306869999999	-0.0417403705	-0.055175306699999996	0.0868504312	0.1076461784	0.0328346162	-0.048419830700000006	-0.09043740880000001	-0.08544671220000001	-0.026651357	-0.0098077441	0.0480439454	-0.013592831000000001	0.018003968500000002	-0.046989307800000005	0.0758179851	-0.11444271119999999	-0.0261092494	0.0783803458	-0.0288617734	0.045421389400000005	0.0530060424	0.0768289109	-0.0274045754	0.0004716311	-0.0094634661	0.0096328501	-0.060781912699999996	0.09322005480000001	-0.007099155699999998	0.0713760154	-0.0759151677	-0.0590313608	-0.0737607981	-0.09172752029999999	-0.0490307321	0.1856695239	0.0707888684	-0.0288976081	0.015760249	0.1543614915	0.0400288253	0.0907077317	-0.0595994533	-0.0128837857	0.0140006974	-0.09758491710000004	-0.1223596883	-0.194484585	0.0091775576	-0.18636588910000002	0.0182361136	0.025425371000000002	-0.0436447377	-0.0846798839	-0.10308730949999999	-0.0412786785	-0.13297180460000002	0.0096072684	0.0064515985999999996	-0.027175147200000003	-0.0047720201	0.1550173502	0.12174349529999999	-0.054772883700000004	0.018225076200000002	-0.22701372420000002	-0.0663063215	0.0300276579	-0.0463536437	0.0334048225	-0.0985242244	0.006318376800000001	-0.0056112799	-0.1141368502	0.0125153444	-0.135178745	0.0305805121	-0.026386287400000003	0.044715280499999996	0.0817681269	-0.0005462982	0.0675381295	0.09469627300000001	-0.048177044100000004	-0.016093465300000002	0.0029936099	-0.0417851011	0.08699331130000001	0.0244843418	-0.0052350187	-0.0596566812	0.006233236999999999	-0.0019631801	0.1368498222	-0.021115112000000002	0.0605891067	0.074343696	0.07567286	0.0447875192	-0.0308711056	-0.0530707697	-0.0907207723	0.0417541856	0.0212860992	-0.077151675	0.0288561	0.008768399999999999	0.0008326745072100001	7.688483855999998e-05	-0.0231012	0.015152800000000003	0.0002296073478400001	0.0005336654414399999	-0.143504	-0.005786999999999987	0.020593398016	3.3489368999999844e-05	0.0011612800000000006	9.600000000005873e-07	1.3485712384000015e-06	9.216000000011273e-13	-0.00121837	-5.5260000000000125e-05	3.053667600000013e-09	1.4844254569000004e-06	0.000924161	0.00010470499999999997	8.540735539210002e-07	1.0963137024999993e-08
527.3175519236598	0.8952532343470239	0.8014783536088073	278063.8005667617	759.4461878325798	-1.5626581074640171	576758.5122134379	2.441900360823024	444.3637496374649	-0.24955375532152854	0.06227707679507735	197459.14199186763	444.31051538757316	774.2998579314225	1.117022	38.766724	0.11549351	0.0672418	-0.059784669900000004	-0.029399465	0.07503574889999999	-0.0896545651	-0.0359816289	0.0809016749	-0.026097114900000003	-0.1195961518	-0.025206479500000004	-0.0840976063	-0.08864534689999999	-0.0752512018	-0.0380652478	-0.175877662	0.0761267701	-0.0758492623	0.0763364677	-0.0068533770999999995	-0.11481453300000001	0.0747037435	-0.0287728808	-0.0881753649	-0.166314882	-0.010514688999999999	0.0329556988	0.0348588682	-0.0812851371	-0.0076937822	0.10834418039999999	-0.0014620113000000001	-0.1299873577	0.038109348	0.12091808279999999	0.014140984799999999	0.1440040484	-0.0047663897	0.1238999239	-0.0921018312	0.14826209029999998	-0.0693946892	0.0060018242	-0.04596365	0.027037482999999998	0.0049313484000000005	-0.0411021402	0.0323285764	0.0227980281	-0.0338838767	-0.0044576985	-0.0301223921	0.11739239480000001	0.15266718769999998	0.08831519369999999	0.1198864291	-0.0633395058	0.1821173206	0.0771985989	-0.11312664310000001	0.0294432079	-0.021784129300000003	-0.0516792979	-0.0191978527	-0.061869178	0.0363475425	0.012902815500000001	-0.11267412619999999	0.04629594150000002	-0.1400074509	0.1586072019	-0.028820224900000007	0.013454233400000001	-0.05525388690000002	0.08972440949999999	0.0468547035	-0.12640197220000002	0.049248828	-0.1605838746	-0.0002130493	-0.0672425023	-0.1126698035	0.1312569049	0.0192168569	0.1111919544	-0.033724719900000005	-0.0012672654	0.0419559375	0.0250950229	0.0115810554	0.10940474970000001	-0.0199277772	-0.08918770220000001	0.0002603601	0.19908998649999998	0.0211694846	0.0248557217	0.0830006293	0.0692969523	-0.0666245137	-0.0642582538	0.09083887380000001	-0.1378380773	0.1352353484	-0.007979745	-0.110455291	0.0038068378000000003	0.047354121500000006	0.0386256446	0.008250003399999999	0.2637870444	-0.0644734084	0.046461586299999996	-0.0487487912	0.1433902718	-0.0814101628	0.0021830177	0.0016264298999999999	-0.09292140199999999	0.061834660599999994	0.0406594396	0.056503073200000004	0.0827361714	0.150927562	0.1067558708	0.120401687	0.013248926000000001	0.16957795309999998	0.0588925529	-0.1342553735	0.057601870199999995	0.0019374918	0.010725428799999999	0.0465208407	-0.0528844204	0.0790569554	0.053981560899999996	-0.0986056962	0.0229320653	-0.0230131168	-0.0832064204	0.1169145139	0.16626714210000001	-0.043278774400000004	-0.0678519248	0.0668981127	0.056482713399999995	-0.011090930300000001	0.1865786948	0.09810587800000001	-0.0692722058	-0.053534324400000007	-0.11880731039999999	-0.0783263349	-0.188217587	0.0292784725	-0.0035475771999999997	-0.027460883	-0.058388026100000004	0.0718585253	0.041135487000000005	-0.0292073498	0.085439462	0.07575700440000001	-0.0149701125	0.1287016255	0.0432831213	-0.0780040843	0.10653028390000001	-0.1771926721	-0.0806092397	0.0361413605	0.1165758649	0.049822490999999997	0.0283315057	-0.0798728866	0.0568633213	-0.039158899	0.0644910028	0.0130727431	-0.1459423541	-0.11583303619999999	-0.0753354009	-0.1453648011	-0.16075047039999998	0.0004259368	0.0659854737	-0.0129466564	-0.013571688	-0.0918383927	0.0454941512	0.0152523765	-0.07117039139999999	0.0287808	-7.530000000000037e-05	0.0008283344486400001	5.670090000000055e-09	-0.0406236	-0.017522399999999997	0.00030703450175999984	0.0016502768769599994	-0.104179	0.039325	0.010853264040999998	0.001546455625	6.05178e-05	-0.0011007622000000006	3.66240411684e-09	1.2116774209488415e-06	-0.00126951	-5.113999999999986e-05	2.6152995999999865e-09	1.6116556400999996e-06	0.000904647	-1.9514000000000095e-05	8.183861946089998e-07	3.8079619600000395e-10
528.3275062688746	1.0099543452147373	1.0200077794181286	279129.9538802877	758.9745815428644	-0.4716062897153961	576042.415428166	0.22241249249912207	444.83525582994866	0.4715061924838437	0.2223180895506115	197878.40482929593	444.8334476027852	783.4542862562918	1.101999	38.245342	0.07122081000000001	0.0471207	-0.0075704165000000006	-0.0913050284	-0.1249197869	0.0269732999	0.014879306699999999	0.0224693837	-0.086442697	0.059808821	0.0940847836	-0.035293448399999997	-0.0204974538	0.0762666469	0.0940373128	-0.1300464019	-0.0910458007	-0.0042768609	-0.042125682000000005	0.121287373	-0.0737765249	0.12891812119999999	0.0056633888	-0.0526274117	0.0036277437	0.0324864858	-0.0617514309	-0.0263092277	0.061926330599999996	0.0657791009	0.0632224938	0.013834991599999999	-0.0455009542	0.0416718731	-0.0314605289	-0.0074026445	0.07000301589999999	0.1412571118	0.0005537139	-0.0971712717	0.0444416764	0.1245978241	-0.048444237599999995	-0.0192312462	0.0065465587	0.050781025300000004	0.035664697599999996	-0.0052497454	-0.0178851397	0.0744256904	0.121127239	0.1221288459	0.0498183346	0.0861107885	0.0779075035	0.054898863099999994	-0.013859188	0.0974585286	0.0623884253	-0.06000803740000001	0.1440748569	0.0246411958	-0.052342978899999996	-0.013352724199999999	-0.0237246471	-0.030414173	-0.1261075738	0.0542341359	0.0928521266	0.0459951678	0.0325101971	-0.026164434700000003	-0.023912736400000002	0.0109478387	-0.0528149066	-0.0474822686	0.1578763984	0.0529486133	0.0466311954	0.0078505864	0.0790670904	-0.0281844273	0.1244880302	0.0041455593	0.0259934142	0.0012839153	-0.0184908615	0.0316269906	0.10199602039999996	-0.128608258	-0.1129359744	0.1257770843	-0.0421551858	-0.024092238300000002	-0.0019545536999999997	-0.0087372375	-0.0493464569	0.0530097118	0.12460318460000001	0.0205541698	-0.0229280592	0.21845967489999998	0.012573388500000001	-0.05280325599999999	-0.0437955606	0.0779939776	0.11241065130000001	-0.1334948664	0.030701743599999998	0.0089312201	-0.09633665820000001	-0.1220325487	0.0034800393	0.1356293448	-0.0342577462	0.0571911628	-0.0985045507	-0.0062391425	0.043191157599999995	-0.1486144258	0.0344849548	-0.08673353019999999	0.10509694720000001	0.0649622529	0.0953646195	0.0606373306	0.0123349247	0.056164548499999994	0.0300821439	-0.0962150566	0.133034465	0.0694510393	0.0025539134	0.0191341175	-0.035203686899999996	-0.1031366565	-0.0623446524	-0.0254782068	0.0918769951	0.052545059000000005	0.0139118345	0.11137748310000001	-0.0541301055	0.0053878325	0.0741046605	-0.0646460092	-0.10704048990000001	0.0115755604	-0.024876284199999998	-0.0103784888	0.08590815269999999	0.0736467988	-0.0863396731	-0.0042743320000000005	-0.086075187	-0.0135933378	-0.0465419593	0.0166088874	0.1615470807	-0.0037711237	0.021185855099999998	-0.11539035619999999	0.0057510851	-0.0893615657	-0.0269240338	0.0549931734	-0.0271029745	-0.0029308490999999997	0.1520455336	-0.0390854578	-0.07907007519999999	0.1257669079	-0.1366914598	0.0754185375	-0.013336953700000001	0.1106719791	-0.1465988908	0.12186325390000001	-0.10905851820000001	0.0007899284	-0.0495666305	0.0600839415	0.1797143816	-0.0438189617	0.1370197233	-0.053998704	-0.0457820086	-0.0028284301000000003	-0.0250382022	-0.09292389919999999	0.049170489000000005	0.0091706641	-0.06479109400000001	0.0279391	-0.0008417000000000008	0.0007805933088099999	7.084588900000012e-07	-0.0384407	0.0021828999999999946	4.765052409999977e-06	0.00147768741649	-0.124936	-0.020757	0.015609004095999997	0.00043085304899999983	0.000943688	0.0008831702	8.90547041344e-07	7.7998960216804e-07	-0.00125953	9.979999999999926e-06	9.960039999999857e-11	1.5864158209e-06	0.000849013	-5.563399999999994e-05	7.208230741689999e-07	3.095141955999993e-09
527.9799311830521	-0.3475750858224273	0.12080844028446774	278762.8077320605	759.6450972068268	0.6705156639624192	577060.6737103693	0.4495912556189639	444.9677488741237	0.13249304417496433	0.01755440675474905	197996.2975381052	445.0071118496289	784.4230836161107	1.057214	36.691067	0.07603845	0.0405633	-0.014699603799999999	-0.0986268944	0.0656226242	0.00770527	0.0310143981	-0.10233823060000001	0.0272349014	0.0022115514	-0.0324932155	0.0409731645	0.0467942587	-0.0165404131	0.046589266500000004	-0.0680479154	0.0919631227	-0.088491334	0.1220356894	0.020724020200000002	0.0626469878	0.0894561584	-0.0496536116	0.0379600357	0.0562506322	-0.0482352233	0.1211523427	0.070229423	0.0410924213	0.046781204900000005	-0.0584440223	-0.0400836567	-0.0030306165	-0.0163143935	0.076544214	0.0012994533	0.019877908899999998	0.11232923019999999	-0.0184669605	0.1564407223	0.07190930000000001	0.0371543	0.1369925219	0.0520128313	-0.19015600149999998	0.0328450742	0.028499716499999998	0.09070849380000001	0.023786935800000002	0.010126742900000001	-0.060262780499999995	0.0590005535	0.0635287735	0.015313149199999999	0.009626564399999999	-0.0029068882	-0.2186844154	-0.0605312166	-0.0545318135	-0.0277761314	0.091806576	0.126859424	-0.0477902792	-0.012615029	0.0145063273	-0.0919998727	-0.0417840129	-0.0200312703	0.0526938366	-0.09129870279999999	0.0439930034	-0.0404043301	-0.0439099564	0.0666007122	-0.041219587099999996	0.051964820999999994	-0.0581105249	0.1391598609	-0.0473638604	-0.046779924699999996	-0.08629680210000001	-0.020518516100000002	0.025675487400000002	0.0855962592	0.0117012495	0.07540513360000001	0.0975021246	-0.025789167	-0.06520493969999999	0.0639603435	-0.0455753617	-0.024977786499999998	0.12369903130000001	-0.0361390257	-0.1604149365	-0.1166290017	-0.0015054008	-0.0118258101	-0.0117737075	0.13101711060000001	-0.0417892358	-0.0780776791	0.1828381304	0.0389524342	-0.038433084	0.10939950279999999	-0.1128293759	-0.0173380285	-0.0606959498	0.0246016808	0.0734786041	-0.0639106327	0.0097885484	0.12158682130000001	-0.14551244230000002	-0.13403861179999998	-0.0711953389	-0.1444288007	-0.037584313599999995	0.0315083881	-0.0623516698	-0.0233730093	0.0762230599	0.022481279	-0.0175876887	0.0182091213	-0.2351295907	-0.02849145	-0.026864733999999998	-0.025893939300000002	0.0853436732	0.08910759380000001	-0.09867793119999999	0.0433373525	-0.0338906797	-0.0887168543	0.0514158283	-0.0656206025	0.0170275248	-0.0908007642	-0.0497286838	0.0788549989	-0.0162201911	-0.0337367412	-0.0383691392	-0.0314219613	0.0286008356	-0.0555885917	0.1482180025	-0.0494870543	-0.0354954225	0.048621782	-0.0168920352	0.0287359757	0.027817853700000002	0.1059122404	0.0022205228	-0.07614439740000001	-0.0587629599	-0.0880023591	-0.0834511119	0.0201292408	-0.013288321799999999	-0.1489937787	-0.0216532164	-0.0993601974	0.014115016499999999	0.0630743594	0.0017142145	0.22628136059999998	0.13272033390000001	0.0944825418	-0.00307268	-0.053761864400000005	0.0446775158	-0.006174345899999999	-0.0500225225	-0.1485504788	-0.0570450183	0.011273677099999999	-0.0532046003	-0.016622405	-0.057572056600000004	-0.08381267769999999	0.0323980884	-0.126103527	0.043466864400000006	0.1670511984	-0.1409895538	-0.0939769123	0.0527780575	0.0030600974	-0.05804945860000001	0.031576799999999995	0.0036376999999999968	0.0009970942982399998	1.323286128999998e-05	-0.0435971	-0.005156399999999999	2.6588460959999985e-05	0.00190070712841	-0.11166400000000001	0.013271999999999992	0.012468848896000001	0.00017614598399999978	0.000279293	-0.000664395	7.800457984900001e-08	4.41420716025e-07	-0.00161994	-0.00036041	1.2989536810000002e-07	2.6242056036000003e-06	0.0007943710000000001	-5.4641999999999935e-05	6.310252856410001e-07	2.9857481639999928e-09
527.0044849235816	-0.9754462594705728	0.951495405115132	277733.7271295695	759.5506174553583	-0.09447975146849784	576917.140476816	0.00892642343754912	445.0607570879815	0.0930082138577859	0.008650527845015637	198079.07749972725	445.0649710384329	777.3157762416431	1.048132	36.375874	0.0661393	0.0340791	-0.053877086399999996	-0.07402914690000001	-0.083463263	-0.022568603700000002	0.021394010699999997	-0.0956737476	-0.0156267562	0.06673767650000001	0.09219144369999999	0.1848578314	0.0620452206	0.043795741799999996	0.0804501567	0.0010104463	-0.051299453099999996	0.0423200436	-0.0515040409	-0.0852468358	-0.00042724260000000003	0.1185404194	0.1454779052	0.1818459908	-0.013850271899999999	0.032874935099999995	-0.0707366579	0.023305848100000002	0.1517621533	0.028893021600000002	0.0363301178	0.017524685800000002	0.0980235441	-0.09577198199999999	0.0634359285	0.0901395017	-0.0118969382	-0.0229519544	-0.11425289109999999	-0.0033960743	0.1115028434	0.0842812916	0.028743975499999998	0.0534678896	-0.052364857199999996	-0.0803337568	-0.10326740570000001	-0.012424553799999998	0.08396466109999999	0.0371315739	0.1088641015	0.0232538394	0.0963264019	-0.021456117400000002	0.0725559574	0.0094834907	-0.0630834783	-0.006846320699999999	-0.0334354821	-0.0090108712	0.18539119760000008	0.0345549867	0.0314825771	0.0600590272	-0.034562322400000005	0.0169614308	-0.1852696595	-0.1450570182	0.1221165508	-0.1113361509	-0.0590783096	-0.0011809166	0.1694163755	-0.047191983	0.0505083893	-0.1024792756	0.0970624164	0.1196244841	0.0312728275	-0.0291057029	-0.0164388926	0.038261576	-0.043089358200000004	0.0079175936	-0.0868284197	0.0182226227	-0.031840597799999995	-0.0160309335	-0.074755469	0.0954871878	0.09745647119999999	-0.0034550854	-0.0475015171	0.10115179070000001	0.0789945225	0.047964542699999994	-0.0981690105	0.0393736626	0.12699977939999998	0.042304076399999994	-0.1608370316	-0.0421150011	-0.12077397460000001	-0.0565730262	0.10197422210000001	0.0782523995	-0.0427863624	0.0032186586	-0.0356659416	0.047216586399999996	-0.1012747242	-0.05505497610000002	0.0548549225	0.0972295334	-0.1404298436	-0.0136104469	0.059431287	-0.0573703992	-0.1017725889	-0.09834029429999999	0.0589413949	0.0114697197	0.1154109691	-0.0166212543	0.0524596506	0.0113360724	-0.0595404476	-0.04386694730000002	-0.0178396552	-0.021142521299999998	0.19243475699999998	0.0844818526	0.0158821544	-0.0445260525	-0.0407030378	0.0008019564	-0.1367266707	-0.1538734557	0.0237931202	-0.0591676133	-0.0559891948	0.0597436689	0.089359635	0.012952305700000001	0.2708083316	0.0644315278	0.0191038499	0.0281825565	0.0393729283	-0.0372311905	-0.04379495519999999	0.0758779584	0.110631801	0.040731604500000004	0.0878054181	0.0189191552	0.059728263	0.041311440899999996	-0.10037370720000001	0.0190993795	0.0446149453	-0.0080617499	0.0059750065	0.030565112400000007	-0.0222326641	0.1190841302	-0.10392505279999999	0.0131784925	0.1043557765	-0.042488258	-0.0350412981	0.06798975089999999	0.1777637816	-0.0653297838	-0.0741107966	0.056734184000000014	-0.0171413243	-0.0503834391	-0.1101521561	-0.0095237351	0.026306656499999997	0.0927338835	0.045008180999999994	0.1250871289	0.040539037400000005	-0.1295644125	-0.05817082940000001	0.0181636455	-0.1259164988	-0.0949970637	0.05631181110000001	-0.0030600974	-0.0509831871	0.0371414	0.005564600000000003	0.0013794835939599998	3.096477316000003e-05	-0.0382812	0.0053159000000000045	2.8258792810000056e-05	0.0014654502734399995	-0.118173	-0.006509000000000001	0.013964857929	4.236708100000001e-05	0.0008062789999999999	0.0005269859999999999	6.500858258409998e-07	2.777142441959999e-07	-0.00124872	0.00037122	1.378042884e-07	1.5593016384e-06	0.0008711609999999999	7.678999999999976e-05	7.589214879209997e-07	5.896704099999962e-09
526.2310021040987	-0.7734828194828651	0.5982756720351625	276919.06757548393	758.5089627863271	-1.0416546690312316	575335.8466271897	1.0850444495145646	444.69984648344916	-0.36091060453225055	0.13025646446383454	197757.95346240327	444.64110372270216	764.1275018626221	1.082844	37.580566	0.06622990000000001	0.030348400000000005	-0.0918856883	-0.026795857599999997	0.014068083600000001	0.1155464643	0.0735614688	-0.0470035263	-0.007951823	0.0915245989	0.0719101105	-0.0019103573	-0.0520872537	0.0263199915	-0.0006030946	-0.029367983599999998	0.0460831777	-0.0954078278	0.0765318266	-0.1000665505	-0.16804016989999998	-0.1781543039	0.0685068137	-0.025394862999999997	-0.0242116019	-0.18542522879999998	-0.0031597438	0.09181837820000001	-0.0169304422	-0.0241250594	0.0345432486	-0.0182082224	-0.1272533891	-0.0001357129	0.0787793371	-0.0559799469	-0.017997614	-0.020141341599999998	-0.1024780203	-0.028590468100000002	-0.0560746725	0.0610803421	-0.0695948656	0.06488413679999999	0.0067962809999999995	-0.1692010435	-0.0175816265	-0.059918581100000014	0.034089120699999996	-0.023540787999999997	-0.0390982644	0.1155540944	-0.0704355326	0.0127759265	-0.0794905348	0.033562763100000004	-0.057855805999999996	0.030756676099999998	-0.1116442337	0.1899902377	0.1422096722	0.0043339681	-0.07955556650000001	0.063865869	-0.0350790708	-0.1406262963	-0.14069627210000002	0.048533567199999995	0.1136266964	0.0063235539	0.0546749747	-0.034824943	-0.0376168551	0.0133956294	-0.006962299399999999	-0.0051534753	-0.012960806299999999	-0.0417595667	0.0410970642	0.038250869300000004	0.0584372333	-0.004473602199999999	-0.042295235099999995	0.0447168314	0.1236727338	-0.0283069674	-0.0393979349	-0.1400232664	0.0254907859	-0.0868428559	-0.0827766235	0.056885777	0.0400061626	0.1234180109	-0.0833842409	-0.0023773476	-0.0016347913000000001	-0.0570231925	-0.0335303081	-0.0698983121	0.0245098602	-0.0030572978000000003	-0.0077874513000000005	-0.0965131868	0.093487446	-0.0678440548	0.0197365284	-0.0564600695	-0.0037869331	-0.0819420751	0.1162996106	0.1141131774	-0.0313439559	-0.09505329529999999	0.1264208346	0.14107006019999999	0.12476147509999999	0.027630093900000003	-0.16579475429999999	0.00062097	-0.038810610499999995	-0.13914105529999998	-0.0207467442	-0.0010464714	-0.08309142809999999	0.047295071900000006	-0.05116721230000002	0.0095552204	-0.0820353002	0.15612341300000002	0.1788050339	0.10963426	0.07974118990000001	0.0257919792	-0.049197579400000004	-0.153400439	-0.0255114081	-0.08294099490000001	0.1024384085	0.0342156986	0.014947368999999999	0.0690835409	-0.0185806865	0.0322236948	-0.049596657800000006	-0.045009702699999994	0.0709748085	-0.0121525626	-0.0177222683	-0.0520924107	0.0791778158	-0.07524312150000001	-0.0379867334	0.0338244629	-0.0084385799	-0.0834625534	-0.0855246509	0.0051761179999999995	-0.002364505	-0.0861051932	0.0559140672	-0.0278440327	-0.06476236769999999	-0.012996748	0.067446536	-0.14257030869999998	-0.1006788601	-0.0321097216	0.0011503932	-0.032900442	0.0012457065	-0.0456300818	0.034446661600000004	0.10581624449999999	-0.10677553599999999	0.0337086961	-0.0335751458	0.111430932	0.1534186169	-0.0466121287	0.045953923	-0.0495874577	-0.0848576399	0.0148898327	-0.0445093162	0.1816439387	0.0201682865	-0.0006090883	0.0280241963	-0.0959839967	0.0597668075	-0.0091706641	-0.043631796900000006	0.023499400000000004	-0.013641999999999994	0.0005522218003600002	0.00018610416399999984	-0.0418805	-0.003599300000000007	1.2954960490000047e-05	0.00175397628025	-0.139965	-0.02179200000000001	0.019590201225000003	0.0004748912640000002	0.0006275219999999999	-0.00017875699999999998	3.937838604839999e-07	3.1954065049e-08	-0.00145651	-0.00020779	4.31766841e-08	2.1214213801e-06	0.0007137760000000001	-0.0001573849999999998	5.09476178176e-07	2.477003822499993e-08
528.106736093993	1.8757339898943428	3.5183780008449506	278896.7247078505	758.1531448220366	-0.3558179642905088	574796.1910035439	0.1266064237118418	444.70995558517217	0.010109101722946434	0.00010219393764487856	197766.9445965658	444.69148672418856	771.6915062256604	1.088347	37.771545	0.025100850000000008	0.0148247	-0.0346675128	-0.0368150339	0.10141256369999999	0.040043752200000005	0.119738339	0.0609326558	0.04311641	-0.02695758	-0.0590990262	-0.1285190467	-0.0353562391	-0.0042134236	0.1976775516	-0.0548503263	-0.0281447754	-0.0249146218	0.0345422555	0.054674243	0.0557906125	-0.0961167067	-0.06977467	0.2442237007	-0.078170248	0.0015755126999999999	-0.054596144900000004	0.0175334511	0.045576577300000004	0.12148529529999999	-0.0173813668	0.06506234129999999	-0.0513060917	0.049149746200000004	0.0114775233	-0.0089746937	0.0489806917	-0.11230605240000001	-0.020860563999999998	-0.0349725713	0.0037021309000000004	0.053199473899999995	-0.029641944500000007	-0.0090824662	-0.09834092679999999	0.1477818381	-0.0678804906	0.2141489494	-0.0203828519	-0.0832085292	-0.1264205127	0.0327065801	-0.028205093100000002	0.0181949767	0.1191151839	-0.0676237844	0.024169057999999997	0.046289431900000004	0.0286068638	-0.039658683300000004	0.1665327679	0.11578079039999999	-0.16821619489999998	0.1251654072	0.0173268298	-0.08285292080000001	0.1746641898	-0.0431178507	0.0314075612	-0.0301277442	-0.1118986462	-0.061968584699999996	-0.0769027306	0.0348478767	0.13510356029999998	0.1072890318	0.0800011633	0.055830221	-0.0909506619	0.1093397793	-0.0220556427	-0.02388873	0.0342751274	-0.023153120299999996	0.0154970409	-0.0884050423	0.031236214900000007	0.0379276587	0.08935008960000003	0.0644034948	0.0336947567	-0.11390816150000001	0.068526484	0.1101033937	0.0222981357	-0.0273694351	0.052650908200000006	-0.0257923357	-0.08937920029999999	0.0360296718	0.10722898119999999	-0.0316522926	0.1163717886	-0.0414678457	-0.0081858503	-0.0839560885	-0.0135414463	0.1236462151	0.1666512363	0.1038076539	-0.0990704535	-0.0165117093	-0.0328290381	0.0006509633000000001	-0.0060181542000000005	-0.051932230999999995	0.0102193388	-0.044928389400000004	-0.0347559266	0.1339907516	-0.0537099091	-0.054096931200000004	-0.0371395646	0.010389775	0.10359154039999999	-0.0458936481	0.030492251499999998	-0.005761799399999999	0.0094925321	-0.06207310980000001	0.18974972539999999	0.20063807379999998	0.009114313399999999	0.0708672488	0.0578324477	-0.0001061357	0.200197651	0.0618796146	-0.023194884199999998	-0.1365682561	-0.0105150792	0.0034981551000000002	-0.0015893073000000002	0.1215091587	-0.066634801	0.18672441399999998	-0.1305416535	0.0849991376	0.0240538969	-0.0371347075	-0.0420964948	-0.0498231608	-0.017850906399999998	-0.058199624400000004	-0.037824094700000005	-0.0158937295	0.0803134174	-0.0505330899	-0.021188247599999998	0.024830267200000002	-0.056355505099999995	0.09657766970000001	0.051702539000000006	-0.047044388300000003	0.031939171	-0.0322436546	-0.077553194	-0.1207412464	-0.09804087410000001	0.0938577442	0.0826736013	-0.0316938874	-0.0648671457	0.0004179569	-0.0448215883	0.009469801600000001	0.1998080661	-0.0079541979	-0.0765434309	0.20149244489999998	-0.0090174213	-0.0033454239	-0.0156051086	0.0089316399	-0.038381724900000004	-0.0007776327999999999	0.007719921899999998	0.0218952823	-0.0435461054	-0.09693736609999999	0.0631382147	-0.0152523765	-0.0360364	0.0252755	0.0017760999999999953	0.0006388509002499999	3.154531209999985e-06	-0.0557331	-0.013852600000000001	0.00019189452676	0.00310617843561	-0.143799	-0.003834000000000004	0.020678152401	1.469955600000003e-05	0.0006275219999999999	0.0	3.937838604839999e-07	0.0	-0.00141896	3.755000000000013e-05	1.4100025000000096e-09	2.0134474816e-06	0.0007889889999999999	7.521299999999986e-05	6.225036421209999e-07	5.656995368999979e-09
529.2890606521602	1.1823245581671245	1.397891360845086	280146.9097260461	758.7113942389142	0.5582494168776293	575642.9797479571	0.3116424114442131	445.2590824385589	0.5491268533867242	0.3015403011104049	198255.6504940274	445.2355527123896	784.306068689385	1.101113	38.214596	0.04432255000000001	0.0237827	0.0489667381	-0.0228519735	0.024806182799999996	-0.1318474277	0.0826460321	-0.0025744875	-0.0882283874	-0.0935430644	0.025303702400000003	-0.0611595246	0.0623902307	0.0634749087	0.0554279117	0.0084219808	-0.060235747199999995	-0.0507007462	0.085881858	0.0322570043	0.13019440699999998	-0.08394600990000001	-0.0537094205	0.11791693240000001	0.058020194800000015	0.021826275899999997	-0.0220285436	-0.1355051563	-0.07956300820000001	0.0943721692	-0.14504444630000002	-0.088118905	-0.0495881954	0.0443354017	0.11708291119999999	0.1058589513	0.0905543822	-0.0528162783	-0.0479207898	0.1309712412	0.043916309800000004	-0.1507446342	-0.08767604130000001	0.0745645455	0.1487539248	-0.0840060717	-0.0140307397	-0.0200839711	-0.0199606002	-0.0193076	0.0248594187	-0.0961550309	0.040787764	-0.0410996469	0.1438779638	-0.0087136783	0.1374789472	0.0693590093	-0.10989741609999999	0.0690878906	0.192363128	0.08622930349999999	0.035919181200000004	0.0032144562	0.0040890921	0.0871370224	-0.2437548971	-0.0646867535	-0.1664963484	-0.0064830582999999995	0.0073863415	0.033734404700000005	-0.08639723210000001	-0.0035059453999999996	0.18134962	0.0939890675	-0.10333170369999999	-0.0797387547	0.0453852499	0.14324090609999998	0.1230228289	-0.0196601439	-0.0011646503	0.020207825	0.0196501393	0.1326972119	0.1055509667	0.0602054941	-0.003945301	-0.0815124705	-0.0651739469	-0.08853893560000001	-0.0254588605	0.0483207654	-0.024041798599999997	0.1075568676	0.07681191799999999	-0.03066029	0.0885959402	0.1650285313	0.0423742545	-0.0182333194	0.0056500475	0.0432364587	0.0194558165	0.11557362210000001	0.0306513933	0.060545	-0.0777399922	0.1777253776	-0.0691493181	0.1242222569	-0.1097720251	0.12204424230000001	-0.008425725600000001	-0.021647674300000003	-0.0669659442	0.026902646000000002	-0.0647102081	0.025530212099999998	0.0550834751	0.0981075913	0.0156827672	-0.0385566102	0.1257831116	-0.035169158799999996	0.1370803708	-0.0223802969	-0.1357035454	0.035655955	0.1933332997	0.0815225939	-0.0662543154	-0.0084451124	-0.044891934	-0.027971199900000004	-0.2738125339	0.012533288500000002	-0.1652763367	0.08643419640000001	-0.0545804379	-0.0077753558	0.0588003608	0.09131483619999999	-0.1790605957	0.1400369204	0.0881175078	0.0649740878	-0.0660330389	-0.049498137000000005	0.18920055670000002	-0.0269727892	-0.0324471856	-0.0049416494	-0.0441593617	0.12581875039999998	-0.0164374753	0.057026080300000004	0.025520127099999998	0.015464634599999999	0.0059005391	0.12630879	-0.0353908052	-0.0263589725	-0.1116948801	-0.0122486402	-0.047954536500000006	-0.059517705	0.022506611800000003	0.1216987581	-0.10151358490000001	-0.0012357325	0.0355025766	-0.0394763808	0.0866257533	0.028055660299999997	0.0476458797	-0.0163486267	-0.1664383816	-0.0380411848	0.17940187010000005	-0.002423378	0.0195051913	-0.08541457529999999	0.14024347550000002	-0.0103511669	0.11628531660000001	0.0641380835	0.0581771845	-0.09785683869999999	0.0664213173	-0.0212860992	-0.028239472999999998	0.0323799	0.007104400000000005	0.0010484579240100005	5.047249936000005e-05	-0.0585219	-0.002788800000000001	7.777405440000006e-06	0.00342481277961	-0.131708	0.012091000000000018	0.017346997264000002	0.00014619228100000043	0.000221771	-0.000405751	4.918237644099999e-08	1.64633874001e-07	-0.00139754	2.141999999999986e-05	4.58816399999994e-10	1.9531180516000004e-06	0.000808585	1.9596000000000088e-05	6.53809702225e-07	3.8400321600000353e-10
527.7590031127825	-1.530057539377708	2.341076073806567	278529.5653665979	759.3635950955086	0.6522008565943906	576633.0695563755	0.4253659573424569	444.8244862221332	-0.4345962164256889	0.18887387133152425	197868.8235427848	444.8466717862937	777.592922829419	1.081398	37.530373	0.03851367000000002	0.020827	0.0207806334	0.009163911700000001	-0.0699913106	0.0365869286	0.0642030606	-0.07780653059999999	-0.0205311324	0.043577679800000005	0.0153869507	0.061572655899999995	0.0561853308	0.11141829339999999	-0.0494689665	0.13201576240000001	-0.08997921019999999	0.017774156200000002	-0.13490259699999999	0.0608207691	-0.0021217367	-0.0091824308	0.0184923934	0.1033004524	0.0276267365	0.0931708644	0.0519302159	-0.0469420044	-0.0096453116	0.0415948399	0.124745741	0.025279023900000003	0.0742527268	0.1408964121	0.10220137060000001	-0.1441667852	0.046771121799999996	0.09180243980000001	-0.0382132171	-0.050426776900000005	0.057376303	0.0163602754	0.029741180699999998	0.051684871900000005	0.11624343179999999	-0.1049648562	0.0372517985	0.036145344100000004	0.024529837599999996	0.0313462575	0.0348039283	0.0362510443	-0.0390797565	0.0417319482	0.1468840269	-0.11605682949999999	0.0251513726	0.0437717755	-0.1332672811	-0.0160791875	-0.0343044483	-0.0270108156	-0.0981384663	-0.0864926467	-0.021417030899999998	0.0642651457	-0.0671894067	0.0474540647	-0.0929402089	0.0474051929	-0.0836384124	0.071942445	-0.0786375467	-0.0012148112	0.047607503499999995	0.1321705862	-0.0392638875	-0.08223538059999999	0.0370485826	-0.11787553140000001	-0.0628050772	0.12894827949999998	-0.06967578940000001	-0.0679310242	0.036154231	0.07851359690000001	0.09284297650000001	-0.1586123336	-0.0168450833	-0.0034313217	0.058583819100000004	-0.0253062919	-0.17060372129999998	0.0890209944	-0.1395342449	-0.1800972988	-0.0425215583	-0.10769525460000001	-0.07931714990000001	-0.024338822799999996	-0.11453829089999999	-0.0400862212	-0.0260438757	0.1153224375	0.0540175575	0.0494589307	-0.0610854874	0.0988474389	-0.0478118074	-0.12312707099999999	-0.0719182909	0.054775607999999996	-0.049507797199999995	-0.17465530070000002	-0.000541385	0.0312879942	0.1083960892	0.048324889	-0.0540628476	-0.0444714692	0.0023576828	-0.0372836452	-0.0112774678	0.014504294099999999	0.1623191578	-0.1137560985	-0.0143073944	0.0433982532	-0.1505687746	0.0045037469	-0.0472268074	-0.036260996600000005	-0.0137167847	0.1524752542	-0.0627872192	0.0047968728	-0.11278414369999999	0.0642630263	-0.0657446225	0.016698318400000002	-0.0063084859999999994	-0.115578043	-0.0456510859	0.1095752724	-0.07766400030000001	0.0194950293	0.0095854518	-0.1736115861	-0.0134617466	-0.0602982963	-0.0035592105	-0.0080235946	0.0749917921	0.003719167800000001	0.1212916549	0.0465611539	-0.12288825369999999	-0.095529376	-0.0324548058	0.0648891054	0.0571128843	-0.017155446499999998	-0.1977717913	-0.0264166473	0.15704640720000002	-0.1150446745	0.027811423	-0.0942762176	-0.0031334563	-0.0605815475	0.027256883399999998	0.05172246690000002	0.09193771070000001	-0.0454678541	0.0936758191	-0.0149157855	0.0381693001	-0.17502553129999998	0.1300666442	-0.0312454509	0.1560766696	0.0782337767	-0.0100288951	0.0865395075	-0.0800543484	0.10705908310000001	-0.050001896500000004	-0.03086888	0.0340664533	-0.0987420929	0.0696115238	-0.027252848	-0.0202846193	0.0313645	-0.0010154000000000066	0.0009837318602499998	1.0310371600000134e-06	-0.0424202	0.016101700000000004	0.0002592647428900001	0.00179947336804	-0.129769	0.0019389999999999965	0.016839993361	3.7597209999999853e-06	3.70936e-05	-0.0001846774	1.37593516096e-09	3.4105742070759986e-08	-0.00119384	0.0002037	4.1493690000000015e-08	1.4252539456e-06	0.0008078109999999998	-7.740000000002606e-07	6.525586117209996e-07	5.990760000004035e-13
526.7196260805206	-1.039377032261882	1.0803046151935174	277433.5644984034	759.9461468529312	0.5825517574226069	577518.1461166168	0.33936655007616784	444.6379492260564	-0.18653699607682486	0.03479605090536536	197702.9058919531	444.6576488502871	769.0183335347239	1.0675709999999998	37.050507	0.04156697	0.0285064	-0.0630493733	-0.021144397000000002	0.0801654134	-0.025674284300000003	0.0339318028	-0.0361531614	0.0537988495	-0.0302858477	-0.1030675798	0.0071377836	-0.0932746972	0.068090599	-0.07719330519999999	-0.0646837356	-0.0154279548	-0.0978236983	-0.0420808191	0.1400228443	0.028207947400000002	0.1470578368	-0.0424653104	-0.0354608228	-0.03563973	0.155636313	-0.012190141399999998	0.0369440802	0.059337141600000004	-0.0453456846	0.0179616876	0.09413644	-0.0606663683	-0.0399185905	-0.08437856869999999	0.0781167715	0.018012433	0.0354786495	0.0170391777	-0.044195736	-0.0779634817	0.07234265549999999	0.0662397079	-0.06057793030000001	0.08436605529999999	-0.0251736637	-0.1541311514	-0.038653638	-0.043422719900000004	-0.0261009567	0.0014430571	0.0067843436	0.06890299679999999	-0.014394528500000003	0.2653384272	-0.03950563	0.0475043717	-0.0196025851	0.0313076275	0.0880830282	0.0757197439	-0.0910322891	-0.0409571424	-0.0322241733	-0.0516210182	0.027944089100000003	0.0346053241	0.0504505592	-0.06790172679999999	0.0276904918	-0.1355219012	-0.0765242092	-0.0108879093	0.1195545189	-0.0045630675	0.0428117771	-0.050335190099999996	0.104989198	0.047786033	0.0485684636	0.0085895487	-0.113109153	0.0678638852	-0.011377823799999999	-0.0910711292	0.0058292398	-0.0192657751	-0.0487151592	0.0009825827	0.0382646643	0.0901177385	0.009622742	-0.0322894973	-0.1815887027	-0.0363230701	-0.1685798487	-0.0013776908999999999	-0.054469744900000006	-0.0438274647	-0.05578626019999999	-0.1274004588	-0.0057535288	-0.0131554621	0.0534692466	-0.0664969738	-0.1143223352	0.10381195900000001	0.0531338291	0.07910688610000001	-0.0693246864	-0.0138158976	0.1625843542	0.0832653034	0.1120788767	0.0597976196	0.0280549386	-0.0820222745	-0.0059242085	0.0559182048	0.05689109940000001	0.0054450863	0.0152561576	0.0862582947	-0.0196396609	0.24761115460000002	-0.054931782900000004	0.0312285737	-0.0451386196	0.0301810228	0.06286396650000001	0.0758904848	-0.05492695349999999	0.0485306683	0.053642956900000004	-0.0345375814	0.0003646987	-0.0335031398	0.1479219741	-0.0156077048	-0.1454641614	0.0750160827	-0.0177421097	-0.0914624609	0.0232149052	-0.0182712031	0.0304766898	-0.005143126699999999	0.058716744	0.035221704300000004	-0.0566038279	0.013732338200000001	0.1105475108	0.020440339	-0.018900426799999998	-0.1257966583	-0.024870245299999996	-0.013801311100000001	-0.0553238507	-0.0164712518	0.0437956333	-0.0017507688	-0.0687857036	0.0464459996	-0.0124846512	0.0644156151	-0.0086213137	0.2486116736	0.0656135949	-0.0361059375	-0.0803005049	0.0726521996	0.10725234289999999	0.0103900283	-0.1471765216	0.0531080718	-0.042532849299999995	0.0742847205	0.06803293	0.09262809699999999	0.0169291022	0.0090353632	-0.148810161	0.0166187938	0.020443716	0.1307814409	0.0251410335	-0.0373978546	-0.0342812845	0.0834142799	-0.0995928192	0.07270437219999999	-0.033133849300000004	-0.0122163259	0.0284436	-0.0029208999999999967	0.0008090383809600001	8.531656809999984e-06	-0.0415532	0.0008669999999999997	7.516889999999995e-07	0.00172666843024	-0.103238	0.026530999999999985	0.010658084644000004	0.0007038939609999992	0.00016486400000000005	0.00012777040000000006	2.718013849600001e-08	1.6325275116160008e-08	-0.00113793	5.590999999999994e-05	3.1259280999999938e-09	1.2948846849000005e-06	0.0007665299999999998	-4.128100000000001e-05	5.875682408999996e-07	1.704120961e-09
527.3962084677873	0.6765823872667625	0.4577637267595913	278146.7607061978	759.4705782250836	-0.475568627847565	576795.5591895429	0.22616551979281585	444.60182290129484	-0.03612632476153976	0.001305111340776241	197670.78092715432	444.6029155745864	771.0694257632872	1.05962	36.77459	0.03159489999999998	0.0189494	-0.0586128992	-0.0987141749	-0.1295170539	0.0343710946	0.0348055544	0.016105426000000003	-0.026137917400000002	0.0350758112	0.0361008349	0.03244379	-0.08835255199999999	0.0983484549	-0.0452931057	-0.1153862654	0.09516225789999999	-0.122594453	-0.053537824299999995	0.0764146563	-0.0262786175	-0.0086490624	-0.07080571570000001	-0.0068143734	-0.0691280571	0.1010066628	-0.0637344603	0.0990481873	-0.0988564659	0.055242313499999994	0.0196753334	-0.149718354	-0.20803916649999998	0.0099670944	0.0186969418	-0.1062011834	0.0825274616	-0.0081641211	-0.049391457300000004	0.1074142691	-0.12096881949999999	0.11548341220000001	0.0185979421	0.1254571509	0.0732883588	0.046256981600000004	-0.0152265126	0.08290480780000001	0.0108348263	0.043630351500000004	0.1385230016	0.100321715	0.0149192209	0.0328785621	0.1614219335	0.0159172063	-0.0612896649	0.0041464055	0.1137278043	0.0391923123	0.0009073113	0.016488223	-0.07817729429999999	-0.0639825968	-0.016900504	0.2403806647	-0.0075248223	-0.0724099378	0.06801546879999999	0.036118952200000005	0.018408572800000002	0.045421074400000004	0.0020747555	0.006461406899999999	-0.0371185587	-0.0930973425	-0.0317351015	0.11881838789999999	-0.038415781600000004	-0.06935227440000001	0.10476577179999999	0.1493549457	-0.1617902257	0.025872746800000002	0.09680185289999996	0.1610392566	-0.0880318581	0.0050578932	0.0019759431	0.0645864529	0.0737634833	0.0332504699	-0.0383488138	-0.025546177000000003	-0.1437169378	0.0526395977	0.0163406712	0.058156632199999996	0.0197623741	-0.035315541400000004	-0.0205562808	-0.047601760199999996	-0.0347384134	-0.025840926400000002	-0.1167308766	0.0863741983	-0.09983378539999999	0.036998192400000005	-0.048132711200000004	0.0129422328	-0.0465484154	0.081838418	-0.039443579	-0.029475741200000002	0.0155583944	0.0960278416	-0.0044091244	0.015279812700000001	-0.0794857374	-0.117796284	0.0604503678	-0.060620759	0.0837982118	0.0052775716	0.1690189457	0.022780536400000002	-0.0593678944	0.023208802599999998	0.1220128333	-0.0026891716	0.056893680099999996	-0.0531527929	-0.0531584446	0.09465420849999999	0.0333946713	0.21511017129999999	-0.0782311004	-0.039965828700000004	0.0838495043	0.0291682232	0.0202374084	0.037041678700000004	-0.056859135	0.023717951299999998	0.0642762732	-0.067077188	0.052191958899999995	0.0697379311	0.1353265714	-0.0046117356	0.0619563757	-0.067499663	0.0223015491	0.06322554450000001	0.15932016359999998	0.0232057377	-0.1366308643	0.0661636955	-0.0671873872	0.1389855994	-0.0648298482	-0.0654399001	-0.0790952867	0.034635066	-0.0989832715	-0.0573779612	-0.0071888325	0.0414735225	0.0391418247	-0.0017971142000000001	0.0393330952	-0.0815134166	-0.0749691833	-0.0927455033	-0.0019271839000000002	-0.0243219889	-0.0203774808	-0.10608449980000001	-0.0287349752	-0.0687972615	0.0757191837	0.010611191899999999	0.0097429932	0.029578193	0.0241378689	0.1178301354	0.10476626380000001	-0.0072518952000000005	-0.0645159352	-0.10040872	0.07569553700000001	-0.0389105992	-0.0040797138	0.0304253	0.0019816999999999994	0.00092569888009	3.9271348899999985e-06	-0.0413323	0.0002208999999999961	4.8796809999998275e-08	0.00170835902329	-0.121638	-0.0184	0.014795803044000003	0.00033856	0.000309885	0.00014502099999999995	9.6028713225e-08	2.1031090440999985e-08	-0.00118919	-5.125999999999981e-05	2.6275875999999802e-09	1.4141728560999996e-06	0.000742965	-2.3564999999999694e-05	5.519969912250001e-07	5.553092249999856e-10
528.4355514568957	1.0393429891083772	1.0802338490087358	279244.1320435535	758.1721640450721	-1.2984141800114912	574825.0303327878	1.6858793828549132	445.1422288352552	0.5404059339603577	0.2920385734595665	198151.6038924187	445.12340448510247	785.3383578718917	1.081811	37.54472	0.0289652	0.0183846	-0.0107154858	-0.167344824	0.0759330714	0.034984076	0.00162598	-0.0747340073	0.0393079726	0.0087057758	0.020325553899999998	-0.0105962862	0.0581388904	0.0637984264	-0.0511203838	-0.18553389809999998	0.0405743865	0.021207971699999998	0.22218519420000002	-0.026707276800000002	0.0290608889	0.09494816630000001	-0.0764066095	0.06180840150000001	-0.0037925841	0.0372995123	-0.052928780099999996	0.0195466897	0.07071609179999999	-0.0520844537	0.098341284	-0.0630939761	-0.039683360200000004	0.1659017477	-0.08414851050000001	0.0888812508	-0.0463936148	-0.05382047400000002	-0.0034790649	-0.025081596499999997	0.031389011800000005	0.0041111222	0.1916545784	-0.0219059794	0.003955300399999999	-0.07182196219999999	0.0280173202	-0.0825085777	0.0221113433	0.002984497	-0.0619915475	0.028238248599999998	0.0900993158	-0.073462558	0.057263250599999996	-0.0591779546	-0.11219710810000001	0.112217853	0.0500717836	-0.0935239251	0.0064076251	0.0298208523	-0.0618577155	0.037742984900000005	-0.06668745400000001	0.11010814140000001	-0.0069098337	-0.2084060354	-0.019498716	0.019857320300000002	-0.0312099936	-0.05568985480000002	-0.0633613435	-0.066269046	-0.1267589716	-0.10144419519999999	0.035352244500000005	-0.0619844384	0.0294880098	-0.1119271519	-0.0079305169	0.1200674473	-0.0329473157	0.122824998	-0.13149641369999998	0.010068822	-0.0603511212	0.12817652029999999	-0.0334008834	0.0180245412	-0.0549375641	-0.13274153730000002	-0.0225185483	-0.1692127081	-0.042149773200000004	-0.0614680682	0.07760786759999999	-0.0091611387	-0.0337907147	-0.142056244	-0.046843215599999995	-0.09049594890000001	-0.0654242932	-0.0379584698	0.009434641899999999	-0.0007516661	0.0614355172	-0.07334820759999999	0.0768695482	0.0252003855	0.0649561315	0.0331152908	-0.096830569	-0.0077666381000000015	0.002661969	0.064845807	0.0356849551	-0.0184639233	0.0403993836	0.053451682599999994	-0.0421225234	0.014549044099999997	0.10012661460000001	-0.052914059000000006	0.0277757525	-0.0629400567	-0.0893103009	0.11939918390000001	0.0518454939	-0.113724004	0.0593084431	0.0755865333	-0.0051986336	0.0346346177	-0.0299267386	0.2282556522	-0.0168285971	-0.126890779	-0.0763037291	-0.0701256264	-0.0009181489	0.0293529727	-0.0294869323	0.0162867637	0.0617209691	-0.1604264722	-0.0385396988	-0.0458056113	-0.0838285462	0.0902209751	0.0087671861	0.045066799299999995	-0.0053127789000000005	0.12327478720000001	0.0675891416	-0.0331235092	0.037441928900000004	0.0993172159	0.0483278491	0.0466731533	-0.0971861339	0.0755991766	-0.039792522000000004	0.050188205300000004	-0.04772132230000002	-0.0660270932	0.21913540260000008	0.0136828977	-0.0822014427	-0.060327915499999996	-0.0163519583	-0.0668853426	0.1201005839	-0.0817899386	-0.023949918599999998	0.0325455749	-0.061831403300000004	0.0693624326	0.0065951182	0.049025419800000004	-0.0185657566	0.0002584457	-0.0656960072	-0.0342716315	0.038204237200000005	0.0806369502	-0.084762327	0.0592431592	0.0328908338	-0.10118951	0.07858083469999999	-0.044564922	0.0040797138	0.0302831	-0.00014220000000000205	0.0009170661456099998	2.022084000000058e-08	-0.0381816	0.0031507000000000067	9.92691049000004e-06	0.0014578345785599995	-0.136235	-0.014596999999999985	0.018559975225	0.00021307240899999955	0.00013775	-0.000172135	1.89750625e-08	2.9630458225e-08	-0.0012338300000000006	-4.464000000000074e-05	1.992729600000066e-09	1.5223364689000015e-06	0.0007476959999999997	4.730999999999681e-06	5.590493084159996e-07	2.238236099999698e-11
527.3554027228604	-1.0801487340353333	1.1667212876381332	278103.72078099026	757.9738710345348	-0.19829301053732706	574524.3891710775	0.0393201180279565	444.9856049286618	-0.15662390659338146	0.024531048116572272	198012.1885937271	444.9601364726517	781.2832452179529	1.067218	37.038258	0.03988281999999999	0.0190682	-0.0322170157	-0.1499903776	-0.0925870949	-0.0114282417	-0.0975788626	-0.14245392910000002	0.0154249792	0.0170803704	0.06421684059999999	0.1883423491	0.0674393054	-0.0433126828	-0.0095239646	0.0129395949	0.0954141994	0.0600899508	0.054486474800000004	0.001432122	0.08518216599999999	0.0492158	0.0820971687	-0.1344556318	-0.0022503792000000003	0.04894629	0.024405142799999998	-0.057068132599999995	0.0261713944	0.1408033789	-0.0526962791	-0.0407458183	-0.03959403	-0.0620265345	-0.053116578899999996	0.0021677685	0.0701670184	0.0420432232	0.1240881813	0.0468237461	0.09819641929999999	0.0264937018	0.059194036100000014	-0.0983295011	-0.010271744000000001	-0.0487174737	0.0545844171	0.0310424227	-0.1000315411	0.0422773891	0.1280218034	0.042060536399999994	0.1052317495	-0.0326140827	-0.0328100426	0.060069054299999994	-0.0003192157	-0.044448207	0.0285678305	-0.082933285	0.08566083810000001	0.0979012263	-0.0912205287	0.05464103730000002	0.1231265857	-0.1874340843	0.0785604186	0.012217606399999999	-0.062111962	-0.0270611001	0.08630928560000001	0.031713766000000004	-0.0894964224	0.0752479592	-0.0343171187	-0.0909660019	-0.0175876764	-0.11059853609999999	-0.0065488852	-0.0243570341	0.061171022199999994	0.10515743779999999	-0.153528998	-0.0665248937	-0.12493063880000001	0.1005417809	0.07907833269999999	-0.053942787199999995	0.0014590877	-0.0031561234000000004	0.0270155604	0.0753895537	0.060806886799999994	0.020321844199999998	0.0810116959	0.08804778	-0.10107497539999999	0.037292522200000004	-0.0110742873	-0.0339483062	0.0487624526	0.1246749224	-0.1972380551	0.0081295063	0.0692209803	0.0247430659	0.1045054876	0.2568052023	-0.0020290885000000002	0.0152445687	-0.050610944000000005	-0.009290603199999999	0.0860527834	-0.1427359721	-0.0201163119	-0.0119303406	0.07647190599999999	-0.0260133431	0.0368642139	-0.10951844179999999	0.0678691837	0.012066395700000001	0.11951992060000001	-0.013124403500000001	-0.0504974958	0.0498147188	-0.002954487	-0.0540801513	0.024040824199999998	-0.0798957751	0.0585179646	0.0686045535	-0.05819690070000001	0.0421702403	0.028788856600000006	-0.1185912932	0.2065465652	-0.0056335373	-0.0992865938	0.0939702981	-0.10257437300000001	0.0325249311	-0.0582164672	0.0338445765	-0.0771772976	-0.08478103210000001	0.0868542449	0.0207911704	-0.10698329529999999	0.0722896201	0.01677974	-0.0058860363	0.1720750037	0.0642053021	0.1687130409	0.0249645282	-0.051694131399999996	-0.030926147	0.016374216	0.0226582379	0.0069362543999999995	0.0036068226	0.055087672000000004	0.0596781618	-0.0226095211	0.0212241799	-0.0953951724	0.1354558794	0.0249936343	-0.18692157780000002	-0.1212573075	0.029660777000000006	0.012307037199999999	0.0272135219	0.12951578560000002	0.15598846289999999	0.2431945819	-0.0053370229	-0.049258652800000004	-0.0376478956	0.015214651000000001	0.0222474141	0.0111205079	0.0967833227	-0.13493104720000001	0.028300241299999997	-0.0546021504	0.0110692277	0.08954123580000001	-0.1019349164	0.08135623	-0.0500790271	0.0122163259	0.0230557	-0.007227399999999995	0.0005315653024900001	5.223531075999992e-05	-0.0467342	-0.0085526	7.314696676000001e-05	0.00218408544964	-0.121701	0.014533999999999991	0.014811133401	0.00021123715599999973	3.70936e-05	-0.0001006564	1.37593516096e-09	1.0131710860959998e-08	-0.00130893	-7.509999999999939e-05	5.6400099999999084e-09	1.7132977449e-06	0.000732076	-1.561999999999972e-05	5.35935269776e-07	2.439843999999912e-10
526.2406068124823	-1.1147959103781204	1.2427699217957824	276929.1762583696	760.001443482868	2.027572448333217	577602.194096043	4.111050033239955	444.7747355598337	-0.2108693688281278	0.044465890709972984	197824.56539232	444.8782180462565	769.4356743462492	1.067956	37.063881	0.04709807	0.0235745	-0.059133425499999996	-0.050381527300000006	0.0770863267	0.095627658	-0.0212236606	-0.0973485833	0.1060953518	0.10858088279999999	-0.0171419999	0.09548672539999999	-0.1368584123	-0.0493955316	0.0311617733	-0.061472945099999995	0.08555739529999999	-0.046890159400000006	-0.0059026839000000005	-0.0075531240000000005	-0.062648528	0.0676545471	0.1832297866	0.0491450689	-0.0051334437	-0.1197547931	-0.0326778264	0.13486728	-0.1390101547	0.194767527	0.006346323399999999	0.0626803422	0.1471166911	-0.0407519781	-0.0840773991	-0.0725229369	-0.0132001228	0.0168304941	-0.0706375927	0.0278999061	0.0969547656	-0.09888584539999999	-0.062175187199999996	-0.0554911383	0.0372274519	-0.025921577400000003	0.15529240689999999	-0.024886013	-0.14850589039999998	0.0156722414	-0.0745644258	0.1525973386	-0.0097793811	-0.0379118907	-0.049374698	0.008882091	-0.1402861547	-0.1474962286	0.08213012730000001	0.0801726438	0.1000138816	-0.0050375146	-0.0333414983	0.0097727075	0.125863841	0.1016729682	0.1257785162	-0.0704558716	-0.0730274828	0.0103592643	0.1007399385	-0.08511008029999999	-0.1086817767	-0.0075096264	0.09917842789999999	-0.016647518899999998	0.0241605127	-0.0636603005	0.0875882466	-0.1238690854	-0.0055943312	-0.0297049127	-0.110686492	-0.051825038600000005	-0.0086532134	-0.0105357823	-0.046127664299999996	-0.0767700375	-0.0137931094	-0.0436531587	0.0188235468	0.0647681089	-0.0499087767	0.0752745588	0.023542269100000002	-0.0246767307	-0.0572673747	-0.0993288703	-0.0013645063	-0.0433913686	-0.0490156566	0.054492040199999994	0.0176139597	0.0710353536	-0.051017504000000005	-0.036405547	0.1699236694	-0.0746922532	0.0008377199000000001	0.1253178997	-0.1018118728	-0.0139377857	-0.084613756	0.14115809099999999	0.1435185846	-0.0178651287	-0.08936587970000001	0.250415967	-0.014320949099999999	0.0110763183	-0.0979080843	-0.1307362366	0.0552756231	-0.043812116	-0.0755976159	0.032673449900000005	-0.1672587203	-0.10009731150000001	0.09720515910000001	0.015442519299999999	0.0943698275	-0.0674167621	-0.0275779029	0.0347693839	0.1550627774	0.141343271	0.0791623605	0.045802887800000004	-0.0949982649	0.039394364700000004	-0.0386729549	0.1162417779	0.0036859706	0.0637677853	-0.0663386099	0.0171558384	0.033883434500000004	-0.10255210210000001	-0.04495569519999999	-0.0479616602	0.0101800999	-0.0294369338	0.1250913569	0.029875423999999998	-0.0244249101	-0.006218928	-0.0226696601	0.0312951161	0.0076513597	0.006416280999999999	0.111978335	-0.025059742599999997	0.0216099769	0.0206094276	0.1546276842	-0.0404644773	0.0028115142	-0.0032969688000000002	0.0610459343	-0.0480295683	-0.0023674574	0.0032672777	-0.028046639100000003	-0.0392819823	0.049380602	-0.1033148337	-0.035949776	0.17955515	-0.0869984188	0.058276905899999995	0.0513134508	0.0632440871	0.1954210537	-0.1349048274	0.0842883608	0.0528415883	0.2146595862	-0.11210293730000001	0.12287931960000001	-0.1026446782	0.0840178413	-0.055435565	0.0202846193	0.0275039	0.004448199999999996	0.0007564645152099999	1.9786483239999967e-05	-0.0467586	-2.4400000000007752e-05	5.953600000003781e-10	0.0021863666739600006	-0.137325	-0.015624	0.018858155625	0.000244109376	0.000249345	0.0002122514	6.2172929025e-08	4.5050656801959995e-08	-0.0010265	0.00028243	7.976670489999998e-08	1.05370225e-06	0.0007774239999999998	4.5347999999999736e-05	6.043880757759996e-07	2.0564411039999765e-09
526.5579758945055	0.3173690820232196	0.10072313422426106	277263.3019781186	759.2446368995778	-0.7568065832901993	576452.4186607718	0.5727562045113854	444.9036573931011	0.1289218332674409	0.016620839093037833	197939.2643617579	444.8719878901586	769.9982504733948	1.089657	37.817017	0.027952399999999995	0.013844	-0.0466499978	-0.039808152400000005	-0.0781524176	-0.1034296499	-0.0631901921	-0.031936450299999995	-0.0920530717	-0.09208055289999999	0.0823120579	-0.016550407	-0.004207174	0.014188555	0.0607884202	0.0711908159	0.12104825949999999	0.037701329	0.0029419714	-0.06903222219999999	-0.0986419969	-0.0479383919	0.0391100109	0.0140437882	-0.0017427920000000002	-0.11509113900000001	-0.0323776913	0.06796863	0.1219520176	-0.07955296320000001	0.004621706	0.068758859	-0.030117240400000002	-0.04242509059999999	-0.2195261135	-0.0629589987	-0.0679869632	-0.0102328362	0.0006894339	-0.0629033983	0.0258428117	-0.0086704187	0.0237661856	0.1006115182	-0.028327904900000006	0.1229527767	-0.025118479300000003	0.0553814925	-0.0825896739	-0.0916555283	0.0994402219	-0.0661373252	-0.0603881886	0.0856240055	-0.0993970218	0.0314837789	-0.025334372799999998	-0.0697480303	0.1294186314	0.0690758873	0.0159690084	0.055769245	-0.1399645739	0.11495339800000001	0.018047923	0.0593391045	0.1559973891	0.048931278700000004	0.0433335596	0.0266721505	-0.1052253165	0.0404984309	0.042576761	-0.0564269286	0.031394926600000005	-0.0164043597	-0.0318662811	-0.0513732414	0.0433647317	0.0880208718	0.025838711400000002	-0.0825344654	-0.0032653835	0.0076476691000000015	0.0030153957	-0.0273422418	-0.1261551107	-0.0411514453	-0.1554457964	-0.024314411	-0.1370612509	0.1532391706	-0.09948856980000001	-0.1315586137	0.0431943929	-0.1193025034	0.053758381699999996	0.014013666599999999	0.114896099	0.0629148435	0.1470168228	-0.044615756900000005	-0.044229877599999995	0.08498219720000001	-0.0086001998	0.0506551982	-0.1252220604	-0.0157342743	-0.0188464445	-0.1674146846	-0.0088145603	0.0158498354	0.0202500339	-0.0594212395	0.10692021609999999	0.0049351536	-0.0656323816	0.17135939030000005	0.0292626613	-0.0094600525	0.1497674388	0.0067579213	-0.096991312	0.0743056057	-0.0811176201	0.0426608038	-0.027725490699999997	-0.037864213	0.1448023118	0.0315672543	0.038651238	0.0743664513	0.0375524067	0.0663152784	0.11887657199999999	0.0913603559	0.1197977538	0.10186221869999999	0.09187203570000001	-0.0092063637	0.0546060263	-0.1505293429	0.0067079779	0.0279282369	0.0160462091	0.008207928199999999	0.0353412642	0.0281499072	-0.067081343	-0.023366629500000003	0.049563868600000005	0.0138840667	0.0251834113	0.028641243700000006	-0.033728368599999996	-0.0401470491	-0.028643570400000002	0.0817627742	-0.046658787199999996	-0.2134889392	0.0790108975	-0.1458231427	-0.024917641600000002	-0.081748978	-0.0209688899	0.1209156302	0.1679994146	-0.0047631231	0.0420572922	0.08933532289999999	-0.10693492199999999	-0.1077652145	-0.0224359344	0.0303558477	0.0135377214	-0.048998839599999996	-0.0148951854	-0.15165272359999998	0.168285512	-0.0547761369	-0.0235963092	-0.0373658026	0.0720369858	-0.006831725699999999	-0.0577866191	0.0661063022	0.0382985104	-0.1464494363	0.0378085919	-0.1033185475	0.0865619461	-0.0606176821	0.028239472999999998	0.0267083	-0.0007956000000000005	0.0007133332888899997	6.329793600000006e-07	-0.0505411	-0.0037824999999999938	1.4307306249999954e-05	0.00255440278921	-0.14186700000000002	-0.004542000000000018	0.02012624568900001	2.0629764000000164e-05	0.00039554	0.000146195	1.564518916e-07	2.1372978025e-08	-0.00124178	-0.00021528	4.63454784e-08	1.5420175684e-06	0.0007622529999999997	-1.5171000000000021e-05	5.810296360089997e-07	2.3015924100000062e-10
527.2960421623757	0.7380662678701809	0.5447418157678179	278041.1160801059	759.7149224099156	0.470285510337817	577166.7633323041	0.22116846123370093	445.0255151696828	0.12185777658169172	0.014849317713433497	198047.7091520416	445.03503920152804	772.6230546172542	1.115414	38.710934	0.024344299999999992	0.012626600000000005	0.0023444874	-0.0153176545	1.2308499999999999e-05	0.1363181795	0.0348878261	-0.0280777683	-0.0018952649	0.0827434542	0.0227069693	-0.077494785	0.004048079600000001	-0.11216467710000001	0.07475676839999999	0.038037308900000004	-0.0634048018	0.1849043069	-0.024637177599999997	-0.026330782999999996	-0.0815486395	0.0168740767	0.044334312300000005	0.0232378613	-0.0099223556	-0.0739920861	-0.0570412786	-0.0005320679	0.0076236049	-0.0181154135	-0.0009452653	0.1511920474	-0.18107394699999999	-0.1079444893	-0.0049334243	0.006884931600000001	-0.0048210381	-0.07284256830000001	-0.048897496299999996	0.10041503539999999	-0.0496055428	-0.0529976139	0.0347233287	-0.0398718461	0.08042563679999999	0.0179186309	0.1107523716	0.0404045492	0.048465227199999995	0.038388772200000004	-0.1032324248	0.0653253944	-0.11006480140000001	0.023093192599999996	-0.046616849	-0.0890132652	0.0349094603	0.1146814272	0.0165721056	0.08270622700000001	0.0214129922	0.0089415885	-0.1224820329	-0.0030117853000000004	0.0013939684	0.0848876667	0.0608565559	-0.0795122689	-0.013233953799999998	-0.0838840263	0.0295177271	0.2643597421	0.055497573700000004	-0.0275350897	0.0377121793	0.041819902799999996	-0.0214206523	0.0416797422	-0.0342340296	-0.0807124118	-0.0042541164	-0.1552383359	0.0170458058	0.0791836289	-0.1516157358	0.0443382354	0.0312254144	0.0440856003	0.050292095499999995	0.0299390123	0.0648646413	0.0062560412	0.0606075918	-0.0011024663	-0.0473120719	-0.0246132423	-0.0603232227	-0.11852058439999999	-0.017442721100000003	-0.0961805792	0.08706603519999999	0.0045105894	-0.016534103799999998	-0.1626638587	-0.032354736099999996	0.0027859386999999998	0.0582513795	0.021940381499999998	-0.1444331875	-0.11260801	0.0151384078	0.041324104900000005	-0.0303006831	-0.0381145876	-0.021806906299999998	-0.1829724107	0.117938715	0.037272212799999996	0.0812342372	0.001184695	-0.1150783036	-0.0944030159	-0.1105075319	0.0095164833	-0.0319964238	-0.0742258621	0.0633630058	0.1040178495	0.028211285899999997	0.037615154500000005	0.0653416057	0.0331746623	0.0344885859	0.1273859615	-0.0133228153	0.117563802	-0.0014189039	-0.0677935688	-0.006910163	0.099800648	-0.1451022916	-0.1475641253	0.008562004	-0.0430705088	0.0158803042	0.0851131601	0.019454225	0.007037635	0.11506451349999999	-0.023093292799999998	-0.0394459158	0.0305407423	0.0655928084	0.11239077730000001	-0.112405485	0.030330801400000006	0.111378401	-0.036106843799999996	-0.0092416303	0.051168422699999994	-0.08533515259999999	-0.0073001372	0.0796970989	-0.0298451266	0.09457280550000001	-0.0404965194	0.0321038372	0.139512993	-0.011810735	-0.027274945699999997	0.0238363259	-0.100484611	-0.11199920949999999	-0.0462084537	-0.0705332524	0.0880109963	0.0165359314	0.0524010711	0.0344218225	-0.1397437384	0.1423093979	0.05725661820000001	-0.0891274734	-0.0401928339	-0.13536844580000001	-0.1244444827	-0.0898494227	-0.0561278013	0.0024138517	-0.10395628859999999	0.0889849861	-0.06560907349999999	0.0360364	0.0280375	0.0013292000000000026	0.00078610140625	1.7667726400000068e-06	-0.0506022	-6.110000000000143e-05	3.733210000000175e-09	0.00256058264484	-0.148216	-0.0063489999999999935	0.021967982656000005	4.030980099999992e-05	0.000346046	-4.949400000000002e-05	1.1974783411599995e-07	2.4496560360000024e-09	-0.00141094	-0.00016916	2.8615105600000006e-08	1.9907516836000003e-06	0.0006488069999999999	-0.00011344599999999981	4.209505232489999e-07	1.2869994915999952e-08
526.6632470518445	-0.6327951105312195	0.4004296519122183	277374.17579519213	759.1703210466054	-0.5446013633102211	576339.576358006	0.2965906449193515	444.7645760805275	-0.2609390891553289	0.0680892082492127	197815.52813609134	444.72144023120126	769.368713733657	1.098682	38.130226	0.06212465000000001	0.033100599999999994	-0.0344224779	-0.003325249	0.059686706900000004	-0.1060145725	0.0539932238	0.0114293391	0.010732595900000001	-0.1327613702	-0.0793161063	0.0034893995	0.0015743172	-0.1026810577	-0.181045583	0.2414885569	-0.012519531499999998	0.0424450336	0.1769470356	-0.0521971392	0.08390184880000001	-0.059359603	0.0451693231	0.0704329048	-0.0731477059	-0.1929710021	-0.017315711	-0.016840763300000002	0.0006106496	0.06863075589999999	-0.0169337783	-0.0690129072	0.0830504958	0.0168420609	-0.0452476459	0.0979841585	-0.0590790264	0.036592217999999996	-0.0855784625	-0.0826368492	-0.0201339605	0.0700161535	0.060502087999999996	-0.07604699919999999	0.0390553205	-0.0192547755	-0.10983578990000001	-0.0175224828	0.2149967343	-0.0631497154	-0.007151874599999998	-0.0454914039	-0.035669628700000004	-0.0246538983	0.0562105738	0.09556133039999999	0.0649417637	0.10408251	0.0103955191	0.08537678619999997	0.0396372267	0.0317711643	-0.0408365363	-0.1176203559	0.0723008652	0.1233233992	0.0395036945	0.0903560315	0.0190393281	0.0635407776	0.0207161066	-0.08694587220000001	-0.1591583141	-0.1300473661	-0.031977164599999996	-0.057696451100000004	-0.10762330310000001	-0.0119690024	0.047290883	0.1452519363	-0.0781619293	-0.0361469659	-0.0868942484	-0.0565009976	-0.027014388700000003	-0.0308070233	0.0077623773	-0.077100845	-0.1586278271	-0.024393436	-0.0185336998	-0.0392711533	-0.0836324872	0.0179337503	-0.1293376618	0.0890093067	-0.0216511985	-0.0411032249	-0.0311704973	0.14221278369999998	-0.044587620099999996	0.1148101503	-0.0036270528000000002	-0.10145224800000001	-0.0258295694	0.012465114	0.018604841299999998	-0.0626143141	0.0754136448	-0.050549270800000004	-0.10201138929999999	-0.051782249	0.0478076691	-0.086196052	-0.074441222	-0.0453759732	0.0039881439	-0.0510904258	0.0020040347	0.0813249144	0.0468220271	0.0353667743	-0.0358345833	-0.026400877799999996	0.055191582	0.0865800072	0.09595494630000001	0.0742862826	-0.0252349375	0.0378135058	0.0807774224	-0.10314918810000001	-0.10032099720000001	0.0890503341	0.1059356566	0.0695896026	-0.054820180999999996	0.10451983699999999	0.0284945933	0.0024794831	0.1040285221	0.0218953634	0.0962303724	0.0653492123	-0.1382521576	-0.14448911650000001	0.0141845663	0.11980020779999999	-0.0542923741	-0.10180074880000001	-0.0566569546	-0.0041006687	0.0503518818	0.0167574276	0.022427956000000002	0.057358708099999996	0.0420088747	0.034454350099999996	-0.0564671367	-0.1344768959	0.0720707438	-0.0249343167	-0.1424337997	0.1101689656	-0.021155105499999997	-0.1327121447	-0.039231221600000005	-0.0189776125	0.027927153399999998	0.0419675172	-0.0245025927	0.13143851609999999	-0.0921292633	-0.014994477800000001	-0.1050810084	0.0638409425	-0.0358301368	0.0106155501	0.017795033999999998	0.0787756833	-0.0149465984	0.0277398863	0.07229729	0.0683988575	-0.0989839898	-0.012491383899999998	-0.047135482	0.0960257325	0.0479739004	-0.10455767839999999	0.0912835726	-0.07039403450000001	0.043631796900000006	0.0168838	-0.0111537	0.00028506270244000004	0.00012440502368999998	-0.0448969	0.005705300000000003	3.255044809000004e-05	0.00201573162961	-0.153506	-0.005289999999999989	0.023564092036	2.798409999999989e-05	0.00091449	0.000568444	8.362919601e-07	3.2312858113600003e-07	-0.0015717699999999995	-0.00016082999999999942	2.5866288899999804e-08	2.4704609328999984e-06	0.0007190460000000001	7.023900000000015e-05	5.170271501160001e-07	4.933517121000021e-09
525.4198733927776	-1.2433736590668332	1.5459780560612455	276066.0433560825	759.9205237330084	0.7502026864029858	577479.2023906498	0.5628040706862567	444.5203511540212	-0.2442249265062628	0.059645814726989474	197598.34259009434	444.5273139847216	759.6640121392935	1.083592	37.606537	0.059098469999999986	0.0257637	-0.0706297331	0.0234618627	-0.1154214996	0.0449896255	0.1077270891	0.014285402800000001	-0.07511278910000001	0.0630172844	0.0480959943	0.0794286727	-0.006758110699999999	-0.012982423100000001	-0.16904000239999994	0.10035575880000001	-0.0385464117	0.027264811	-0.0661534339	0.029977939900000007	0.0998818672	-0.0186175826	0.0932832957	0.0913156548	-0.07874578110000001	0.0848851012	0.0178589754	-0.0379965216	-0.1693870407	0.0159614422	-0.0649844757	0.1258822832	0.0235793227	-0.047452569900000005	-0.1367425048	-0.001508992	0.0883975432	-0.0788110017	-0.0008078187	0.0205212567	0.1497941473	0.033235898300000004	0.0064808679	-0.0033009387	0.0692675426	-0.0145584551	0.0373387858	0.0495477744	0.0351773159	-0.0173924593	0.0944603711	0.051341429400000006	-0.0842285208	0.0559818609	0.10328447550000001	-0.0025114378	-0.0921829926	0.0313998659	0.0303562265	0.0669236673	0.0464549426	-0.0784524917	-0.0376723325	-0.2030435279	-0.1450662159	0.0137079234	0.0534245432	0.06716325690000001	-0.003371253	0.0129225958	-0.0322459326	0.0348064349	-0.05697168900000001	-0.0672681804	-0.023369382400000003	0.055602761900000006	0.0849726672	0.10006568140000001	-0.0671627955	-0.0051806875	-0.08597662460000001	-0.1398865061	-0.0744045852	-0.1961120572	-0.0032839184999999996	-0.041762651899999996	-0.07880532309999999	0.0165398191	-0.0333148681	-0.0969776354	-0.139085816	-0.0078526176	-0.0922041834	0.0449689996	0.1124861194	-0.0008336703	-0.051878950099999994	0.024956436499999998	-0.09510222480000001	-0.0370656405	-0.0047769229	-0.0885646165	-0.06265801559999999	-0.177593263	-0.0835685955	-0.0665551267	-0.0377421936	-0.0425417101	0.0501215234	0.0609467326	0.029712942000000006	-0.0748986037	-0.018176556599999998	0.0111410876	-0.0161816483	-0.023252761	0.1205448393	-0.1556028206	-0.051106631799999996	-0.06051987900000001	0.0723130466	-0.07557108679999999	-0.0418885859	0.0260667168	0.1203025073	0.0019447304000000001	-0.0840340595	0.0560442388	0.0169633572	0.0334971192	0.0672330481	-0.18824401870000002	-0.007007829300000001	0.0963774085	-0.1581245556	0.028006812599999997	0.0281278831	0.06514035230000001	0.0643258122	-0.0034832609	0.035072426000000004	-0.024361503	0.036834050699999996	0.0183376403	-0.0073079765000000005	-0.0091323359	-0.1480841604	0.0371749073	0.0905739454	-0.0845493784	-0.040515945299999995	-0.10867217230000001	0.0977391086	-0.075488373	-0.0707563547	0.0380770043	0.007519864300000002	0.0278548481	0.1835522252	-0.1581975829	0.060618408	-0.0226362861	-0.0762008022	0.024541601899999998	0.0648540284	0.0902263209	-0.0254237541	-0.010412999899999999	-0.0747356094	-0.0588282422	-0.0256217778	-0.0758956591	-0.0163201598	-0.08572918869999999	-0.19580727399999998	-0.0508878408	0.0062075467	0.0352445655	-0.0789321633	0.0638123347	-0.0759436089	0.0375126492	-0.04673030809999999	0.032539854	-0.055057504900000005	-0.010309584	-0.0807438701	0.153645423	-0.0066648143	-0.1051225066	0.0934544907	-0.0749575099	0.0509831871	0.00567258	-0.01121122	3.21781638564e-05	0.00012569145388840002	-0.0317327	0.013164199999999994	0.00017329616163999984	0.0010069642492900005	-0.137933	0.015573000000000004	0.019025512489	0.0002425183290000001	0.000837658	-7.683199999999999e-05	7.01670924964e-07	5.903156223999998e-09	-0.00133584	0.00023592999999999946	5.5662964899999726e-08	1.7844685056e-06	0.0006488069999999999	-7.023900000000015e-05	4.209505232489999e-07	4.933517121000021e-09
525.1462666225106	-0.2736067702670653	0.07486066473597462	275778.6013475609	758.8438243844948	-1.0766993485135572	575843.949806486	1.1592814870895185	444.2430505452999	-0.2773006087213048	0.07689562759720618	197351.8879577939	444.23095900296806	754.4399497061968	1.011349	35.099297	0.03568486999999999	0.0213985	-0.08517478789999999	0.035441606	0.0443898627	0.0761312338	0.1515305458	0.0773922194	0.0536331818	0.0281315942	-0.0563873473	-0.0724176899	-0.1521208667	-0.0300079106	-0.044972080899999996	-0.008797616	0.08718028900000001	0.0178370168	0.0334066029	-0.0596235741	-0.06701318049999999	0.053211912400000005	-0.0357434355	0.033601155	-0.1791329411	0.09060457449999999	0.0205907369	-0.21005910390000002	0.003280135	0.0626044716	0.019448152	-0.0706090194	-0.1210836423	-0.0604916267	0.17721165149999998	0.0781651109	0.0325080621	-0.015038504199999999	-0.0129221849	-0.0174112712	-0.0688294901	0.0424741557	0.0162806645	-0.0436922683	-0.0092280258	0.0277549745	0.027617699300000003	-0.043513559400000006	-0.0023110775	-0.055043241500000006	-0.0355197936	0.1083499088	-0.034157844799999997	0.0226080071	0.1386446396	-0.0161660667	0.0009347124	-0.024578533	0.0445591879	0.0887116235	0.015252148	0.0069106587	0.058864629400000014	-0.0085265526	-0.0212467763	-0.0609962007	-0.0361549478	-0.0032139676	-0.003006322	-0.12111976099999999	0.020282796000000002	-0.0081182986	0.0989591491	0.050048	-0.0312373661	0.2410896361	-0.0439061253	-0.0867663022	-0.027191523999999998	-0.1407060711	-0.030912279900000002	0.051610217199999996	-0.0526288332	-0.0494758356	0.0103055743	-0.1885552179	-0.0745950669	0.020186181100000002	-0.09442676189999999	0.0108061458	-0.051372373	-0.0106419258	0.0386430136	-0.1639008102	0.1883751564	0.1844397381	-0.0104133303	0.0132466325	-0.1064758104	-0.0201481633	0.1516627326	0.059513362300000004	-0.0377304654	0.0359489324	0.043010227000000005	-0.07425954950000001	-0.0498441566	0.028438456299999998	0.0195414545	0.026509321000000002	-0.0393815395	-0.0533447689	0.0680729436	0.057330998200000004	-0.0777746882	-0.021258878199999998	0.0079063636	0.06972021240000001	-0.016713206100000003	0.057494011	-0.025579572000000002	-0.1250549027	0.0081765363	-0.0036578712	0.14016170960000002	-0.0077862953	-0.0084017489	-0.0160536645	0.0648376482	0.0829387005	0.036819654300000004	-0.0197927998	-0.0118335585	-0.058060587999999996	-0.0313911672	-0.0741832113	-0.0255902007	-0.037713471	0.031563136	-0.0705778363	-0.0886824753	-0.0362665711	0.027313882	-0.1159722908	-0.11521475490000001	0.1179823131	0.0046045209	-0.2085017067	0.032707119300000004	0.0484811532	-0.011924236299999998	-0.0490022616	-0.0082640982	-0.0623907034	0.067635254	-0.12478851279999999	0.0518403807	0.0541500605	0.03362468	-0.1226991886	0.0157422978	0.0642137887	0.0545477673	0.2644422166	-0.0048653237	0.1776361654	0.0436451673	0.0584955539	-0.1190922033	-0.0410294058	-0.059600309800000015	-0.0403216189	-0.10145562080000001	0.08640381890000001	0.051497753099999995	-0.0176587508	0.0734286161	0.0087107104	-0.053133805	0.0066027713	-0.1458198823	0.053291114699999996	0.00025525099999999996	0.0739951007	0.0708549777	-0.0950038984	-0.0089336091	-0.0837947441	-0.0818482576	-0.1056505759	0.0954947043	-0.0792851412	0.05804945860000001	0.0247142	0.01904162	0.0006107916816399999	0.0003625832922243999	-0.031766	-3.33e-05	1.1088899999999997e-09	0.001009078756	-0.13608499999999998	0.0018480000000000165	0.018519127224999998	3.415104000000061e-06	0.000962607	0.00012494899999999996	9.26612236449e-07	1.561225260099999e-08	-0.00116555	0.00017029000000000002	2.8998684100000007e-08	1.3585068025e-06	0.0006488069999999999	0.0	4.209505232489999e-07	0.0
527.1222787738925	1.9760121513819515	3.904624022409128	277857.89677978127	759.9489645156032	1.1051401311083282	577522.4286683375	1.2213347093861329	445.2338320742888	0.9907815289888616	0.9816480381855068	198233.16522355602	445.15643514747495	764.4063990546488	1.047223	36.34433	0.05684555	0.032801	-0.0236583491	0.0068748904	0.0649615281	-0.0789711198	0.1362546474	0.1360564089	0.04288522559999999	-0.0825267412	-0.0745835453	-0.1109690778	-0.0323434883	-0.0295198811	-0.0237712055	-0.1212570875	0.0434932737	0.0299022156	-0.0704909925	0.0278908283	0.0989374481	0.1291982156	0.04749583	0.04720487599999999	0.0509859515	0.10023065589999999	-0.1572655188	0.0477884897	-0.1345848512	-0.0186096884	0.1388086586	-0.10820379880000001	0.038887679	-0.0465031267	0.0090891733	0.014685172199999999	0.0478072841	0.0807663575	0.08695301650000001	-0.05622005730000002	-0.0383508406	0.0424644271	0.0221378745	-0.080151643	0.057241672699999996	-0.0855452709	-0.2170295175	-0.0555423041	-0.055551240300000006	-0.01213234	-0.019355491699999998	-0.0742446537	0.1176713011	-0.0643493097	0.1165204842	-0.0521442288	0.058251726399999995	0.0784311203	0.0901001998	-0.0301794521	-0.0091471573	0.0548666525	0.03953	-0.0220060113	-0.00317577	0.0075853426	-0.0712459221	-0.049277639000000005	0.17399221850000002	0.0347822269	-0.0305562246	0.0127262148	0.065377567	0.0385732389	0.030646724900000002	0.0272521773	-0.0447418438	0.0045609495000000005	0.0191731937	0.0431350154	-0.1839378823	0.115019475	0.0176749617	0.0039530534	-0.0269635685	-0.029590649500000007	-0.1010315758	-0.0069505812	0.0724478685	0.0317616947	-0.04629956019999999	-0.11329707130000001	-0.055183583099999996	0.0506683967	-0.057074777	-0.02378279	0.0760233672	0.0552381574	0.1264921707	0.08346257280000001	0.08584371380000001	0.0611116888	0.10700026900000001	0.003654384	-0.0566584096	-0.0387402135	0.013521802	-0.053845841500000005	-0.0642372785	0.0259640212	0.1669713638	0.017635185600000002	-0.0464579558	-0.0176793068	0.046137129299999996	-0.0805713022	0.0682839432	0.1407249151	0.0854679211	0.0684798106	0.00018519900000000001	0.1009064731	0.0878799666	-0.046493192999999995	0.1001095691	-0.0825393078	0.09014468140000001	0.0387021226	0.07825989230000001	-0.0483403317	0.027281427400000002	0.0392461956	-0.0427763107	-0.0337482272	-0.0071281895	0.0073910202	-0.048526497	-0.1179368693	0.10900236890000001	-0.0398094316	0.06584962	0.0045772412	-0.0088246511	0.0061620185	0.048022915	0.0739768929	0.0339391837	-0.0149883371	0.0178035376	-0.0522960457	-0.22803594489999998	0.022032022999999998	0.0036469169	-0.015899356899999998	0.0567669073	-0.10939019539999999	-0.0244771846	0.017738211599999998	0.01424723	-0.00020167430000000001	-0.054273945	0.0751480482	-0.074184317	-0.0542788136	-0.1223627107	-0.018925756000000002	0.025510599300000002	-0.1346146674	0.0986089393	0.0862710205	-0.008802775799999999	-2.0732600000000002e-05	-0.0468182524	0.048785863	0.0065408583	-0.066885711	-0.0324758701	0.0282370546	-0.031062095	-0.0830761263	-0.0325374248	-0.0144079142	-0.1332914053	-0.1999180076	-0.0603598799	-0.0210179865	-0.0099459497	-0.1431825705	0.1219484358	-0.10614170140000001	0.0974013599	-0.0833633121	0.06479109400000001	0.020142	-0.004572199999999999	0.000405700164	2.0905012839999985e-05	-0.0317974	-3.1399999999993926e-05	9.85959999999619e-10	0.0010110746467599998	-0.166744	-0.03065900000000002	0.027803561536	0.0009399742810000012	0.0012356200000000006	0.00027301300000000066	1.5267567844000014e-06	7.453609816900037e-08	-0.00116555	0.0	0.0	1.3585068025e-06	0.000490161	-0.00015864599999999992	2.4025780592100003e-07	2.5168553315999973e-08
528.6719711073459	1.5496923334534358	2.401546328364355	279494.0530345264	758.7910812613546	-1.1578832542485316	575763.9050017757	1.3406936304691697	445.5339817158079	0.3001496415191127	0.09008980730405187	198500.52886354184	445.4742543713671	783.6462691891269	1.119484	38.85218	0.046681699999999986	0.0239334	0.0800347512	-0.0495428349	-0.1076909463	-0.0900384065	0.0183662455	-0.048276488099999994	-0.0786320034	0.010142635300000001	0.142871681	-0.0802846875	0.075924883	0.05704966700000001	0.1204391584	-0.059537563200000004	0.0891946957	0.0209142523	-0.038536190899999996	0.110664662	0.052292342	0.0507405122	0.0110746715	-0.06065809940000001	0.0100316744	-0.0303602237	0.1269123169	-0.0237528911	0.1321721491	0.05632733	0.1349474125	-0.0974565727	0.153676775	0.0063286646	-0.0670793429	0.0911410229	-0.0024836279000000003	-0.06352170089999999	0.0993429851	-0.149844389	-0.0111658173	-0.06417498190000001	0.09065778349999999	-0.0936061076	-0.044979996200000004	-0.0037037910999999997	0.076099878	-0.1395814391	0.0227311762	0.0535374283	0.08649729210000001	-0.0569243562	0.0033219062	-0.0086132808	-0.023957213999999998	-0.0312713637	-0.0888692242	-0.1077748738	0.0225364011	-0.058768176299999995	0.0048575996	0.1310699662	0.0627082124	0.0150303694	-0.0297652433	-0.048929224199999996	-0.0476499529	-0.0329117476	-0.050790705199999994	-0.059387557800000004	-0.0536171481	-0.1374572885	-0.0714666752	0.0863406744	-0.0727639247	-0.0432522017	0.027787672700000002	-0.0339002808	0.1101750492	-0.019395534199999998	-0.0862094897	-0.0736577126	-0.1108413805	-0.09105752689999999	0.0325786457	-0.0540644179	-0.026311532999999998	-0.0420956646	0.0954140498	0.08492905519999999	-0.0128569035	0.021288812	0.05568960110000002	-0.0353198207	0.0466447975	-0.0845737211	0.1532015161	0.0641614197	0.1027261158	-0.0565502603	0.0353863198	0.159085106	-0.09798984720000001	0.0453787238	-0.048087181500000006	-0.050427510599999996	-0.0917236715	0.0082212511	-0.10291735210000001	-0.0108602795	0.0286373127	0.10701998439999999	-0.166440199	0.0348756809	0.09532909210000001	0.036102475099999996	0.006899675300000001	-0.0670755347	0.0569605901	-0.0945122777	0.0442320504	0.07364720150000001	-0.0067180237	-0.0110395416	-0.0356317132	-0.0213476001	-0.1156708505	-0.0728872222	0.052314314199999996	-0.054156656100000006	-0.0157975131	0.1036151134	-0.09789152710000001	-0.0626174332	-0.0663196862	-0.0442895079	-0.0029320925	0.0339286482	-0.0560018672	-0.1388586239	-0.027377114700000003	0.0726652695	-0.06393295269999999	-0.043344068799999996	-0.0031051037	-0.0746592267	0.0182409334	-0.012627823100000001	-0.09089888199999999	-0.10655683449999999	-0.0694745419	-0.14973178	0.0535346437	-0.0419612505	0.025984337599999997	-0.0824387768	0.0399213154	-0.0855353781	0.0604551438	0.0084069737	-0.018883911399999998	-0.0843784058	0.1286290925	0.0113466604	-0.08532931070000001	0.0250678692	0.1238278247	-0.0848993113	0.0560998245	-0.0910896409	-0.1123170885	0.0281508342	-0.07323238230000001	0.0654286835	-0.0135932077	-0.1526375399	0.0083660696	-0.025985828199999998	0.0509441284	-0.0759728193	0.1519979292	-0.0251522685	-0.0352872606	-0.0754452275	0.0721919484	0.080667889	-0.0364263077	0.021637754500000002	0.0105846311	-0.1065957114	0.0991717909	-0.08717919119999999	0.07117039139999999	0.0284124	0.008270399999999999	0.00080726447376	6.839951616000003e-05	-0.0316937	0.00010369999999999824	1.0753689999999636e-08	0.00100449061969	-0.160202	0.006541999999999992	0.025664680804000004	4.27977639999999e-05	0.0008809049999999998	-0.0003547150000000009	7.759936190249995e-07	1.2582273122500062e-07	-0.00116555	0.0	0.0	1.3585068025e-06	0.0007707579999999998	0.0002805969999999997	5.940678945639997e-07	7.873467640899985e-08
527.0796723082539	-1.5922987990920774	2.535415465590072	277812.9809605763	756.351161491375	-2.4399197699796105	572067.0794893521	5.953208483937355	445.47628259035963	-0.057699125448266386	0.0033291890774947816	198449.11835052594	445.36435983532937	777.4626486964238	1.123235	38.982368	0.09135018	0.0413051	0.0633035069	-0.0057197918	0.0299524321	0.09887544720000001	-0.039629327400000004	-0.15160883949999998	0.1221431217	0.079282423	0.026538576600000002	0.0131267611	0.2231314725	-0.0929383007	-0.0144778754	-0.0745394066	-0.0866912326	0.0366427476	0.026190839100000002	0.0845975758	-0.0667151121	-0.08848284070000001	-0.1271970134	0.1118896725	0.0536547072	0.0165152109	-0.0659179343	-0.032758457799999995	-0.0645804802	-0.11372437140000001	0.10141708630000001	-0.0232871564	0.0425237803	-0.0696500846	0.080811936	-0.09280336630000001	0.0417905107	-0.0916980526	-0.08448390480000001	0.0752816117	-0.06218881530000001	-0.0763106832	-0.0026338464	-0.0113439773	-0.0538683073	0.0844529693	-0.017143603700000003	0.04888437440000002	0.0409616133	0.08106804849999999	-0.0718463516	-0.04848838900000002	0.0299458232	-0.103913453	-0.107379899	-0.0429324693	0.0423756684	-0.011942727	0.0767527979	0.010380562900000001	-0.2467144354	0.1834257197	0.02133599	0.0337016991	0.0377250284	-0.0481322642	-0.020953894	0.0629867617	-0.020468478999999998	-0.0962844718	0.0032772696000000004	0.07396913969999999	0.1676464263	-0.0427233951	0.1449706418	-0.0682671437	0.0116100848	0.0772720769	0.045119935199999996	-0.05837710030000001	-0.042003440999999996	0.0400304348	0.12298988849999999	-0.023228749500000003	0.0245626465	0.1109317525	-0.041210629900000004	0.0251655406	0.0783931273	-0.06923317400000001	0.0154746191	-0.0167474204	-0.0298649763	-0.110830598	0.0867218107	0.040522695	-0.05065528	-0.08612293369999999	-0.050219178200000006	0.12913840880000002	-0.0056489333	0.030698922599999998	0.0503884009	-0.0509121767	0.0952892265	-0.1439333015	-0.054748921500000006	0.0591454048	0.0940225525	-0.0893308914	-0.0993081958	-0.0699423574	-0.0122699005	-0.0198485028	-0.0713591273	0.1393797956	0.145767972	-0.0693471816	-0.0959977976	-0.0195844232	-0.1098865467	0.06595775599999999	-0.0100048259	-0.0697028742	-0.13041409539999999	-0.0617424079	0.0812568237	0.0419759542	0.1091652861	0.0891646877	-0.2091022493	0.0980243725	-0.1482407608	-0.0377752555	0.06393797030000001	-0.06396717769999999	0.0170801718	0.0271249886	-0.0205241009	0.0122390447	-0.0776773716	-0.0523277193	0.0654175287	-0.0032474834000000004	0.19149734579999997	0.0776277876	0.0825018467	-0.0540627641	0.0578926841	0.0116853227	-0.0524951622	0.0825546941	-0.006307830899999999	-0.00093406	-0.11681783009999999	0.0586961358	-0.1054130076	0.0983053429	0.07472436610000001	0.0509640112	-0.018526481799999998	0.0615677591	-0.0470099411	0.0714043667	0.018162006499999998	0.0799208214	-0.030581353500000002	0.0005291334	-0.0530164558	0.0899976018	-0.0029116996999999996	0.0642759028	0.0184143845	0.0968635269	-0.1011207441	0.054336540999999995	0.15216347	-0.0265628844	0.1565013343	0.11923584150000001	-0.014854146499999997	0.1168106881	0.034424473500000004	0.07436458480000001	0.031506502	0.0054301541	-0.052211282000000005	0.19811018719999998	0.1901702413	-0.10701244730000001	0.1008035212	-0.0907207723	0.077151675	0.00563807	-0.02277433	3.17878333249e-05	0.0005186701069489001	-0.0566918	-0.0249981	0.0006249050036100001	0.0032139601872399996	-0.182865	-0.022662999999999992	0.033439608225	0.0005136115689999995	0.00100391	0.00012300500000000025	1.0078352881e-06	1.5130230025000063e-08	-0.0014147	-0.0002491500000000001	6.207572250000002e-08	2.0013760900000003e-06	0.000724618	-4.613999999999975e-05	5.25071245924e-07	2.1288995999999767e-09
524.8976462300546	-2.1820260781992147	4.7612378059414455	275517.5390178516	759.3000215814731	2.9488600900980373	576536.5227736254	8.695775830973005	444.6362811682971	-0.840001422062528	0.7056023890670694	197701.42253117292	444.580698296189	760.8140618762624	1.134816	39.384274	0.07783883000000001	0.036458	-0.0343106683	0.1211873507	0.0653776283	-0.12209272980000001	-0.1097278452	-0.143598347	0.0328323054	-0.12880998119999998	-0.0179082374	0.1871303198	-0.0757926868	-0.0157673365	0.0848539992	-0.0494163919	-0.0871463368	0.0172745679	-0.1291896686	0.0045462516	-0.0029649305	-0.10141796689999999	-0.0151766281	-0.1198092576	0.0316880254	0.060044702699999994	0.10468215619999999	-0.0401561823	-0.0491475445	-0.1636046706	-0.1674032101	-0.0031761887	-0.052909483300000004	-0.0417556515	0.0189697876	0.0352854335	-0.11203068669999999	0.0831154966	-0.0833896864	-0.0369705608	0.0178002525	-0.1003808737	-0.016669058100000002	-0.031462012000000004	0.00048575580000000004	-0.0256030571	0.1447429669	0.09704721849999999	0.1202857978	-0.028217121499999998	0.0195685164	-0.0571512869	0.1420918434	-0.0586775096	-0.0970970413	0.0639719666	0.047993918899999995	0.0327454619	-0.1299872947	0.024491101499999997	-0.0743396372	0.18499400219999998	0.1320268172	-0.1158422632	-0.0243870494	-0.10347104830000001	0.014461129599999999	-0.0558610476	-0.1502533864	-0.0313286505	0.08233142480000001	0.0329559377	0.0078123002	-0.028853314300000002	-0.0025711684	-0.0370827226	-0.06206931	0.053669611500000006	0.0579450596	0.0531944039	0.0007519575999999999	0.0177084019	0.1498184438	-0.1087137002	-0.0121363267	0.0546691799	-0.0482009312	0.16856427570000002	0.0586763629	-0.0203799762	0.0689263682	8.03784e-05	0.09508159990000001	0.032413097	-0.0186272616	-0.026207064	0.0809705281	-0.12001834730000001	-0.09979563710000001	-0.1118326463	-0.1325430049	0.0150841148	-0.0519070014	0.0409064191	0.1397170646	0.0602101004	-0.0034534113	-0.0850621557	0.0477032629	-0.1680822675	0.0942481575	0.044944106500000004	-0.12048667880000001	-0.0407598104	0.1129469867	-0.0456019408	-0.0838043855	0.0517427857	-0.0564837483	0.0408647412	0.052406353499999996	0.0856036536	0.0955647932	-0.0087522635	-0.1136440531	0.0208530567	0.0701645484	0.0345091321	-0.1161262871	0.0677381095	-0.08441484029999999	-0.012652908999999999	-0.250546231	-0.0687047468	-0.0950926556	-0.0364560975	0.0526790604	-0.007731722	-0.1547856107	0.0359950578	-0.0334294947	-0.0084321605	0.0333167625	-0.0895906858	-0.0068338209999999995	-0.007904741600000001	0.0352265761	0.057247179100000004	0.024991096299999998	-0.020638722800000002	0.00289608	0.11210807310000001	0.0131232694	-0.1323747115	-0.0723861075	0.032495395499999996	-0.0112231491	0.1457308325	0.0636374312	0.08390528789999999	-0.1176467691	-0.0028238857	0.1780753914	0.0171114531	0.050269452199999995	-0.12374615300000001	0.0040901082	-0.0077789723	-0.0635343025	-0.07417156559999999	0.0180120331	0.0078735304	0.1596433724	0.0661359928	-0.0342372209	0.0349863304	-0.1599522857	-0.0360297402	0.1706567475	0.042815051900000005	0.1171493258	-0.0687254312	0.010773699	-0.1074553849	-0.0681841083	0.0548612184	0.0619126181	-0.08410088130000001	-0.1077051602	-0.1073917633	0.1022942687	-0.0939769123	0.0827014951	0.0232242	0.01758613	0.00053936346564	0.00030927196837689995	-0.028329000000000007	0.0283628	0.0008044484238399997	0.0008025322410000003	-0.170529	0.012336000000000014	0.029080139841	0.00015217689600000034	0.000877423	-0.000126487	7.69871120929e-07	1.5998961168999998e-08	-0.00122592	0.00018878000000000013	3.5637888400000055e-08	1.5028798464e-06	0.0006488069999999999	-7.581100000000006e-05	4.209505232489999e-07	5.7473077210000095e-09
524.2507245076894	-0.6469217223652777	0.41850771486805743	274838.8221468372	761.5532711994368	2.2532496179637747	579963.384874563	5.077133840853897	444.2724654564592	-0.3638157118379013	0.13236187218011886	197378.02356276073	444.2836552885012	748.34846286684	1.11165	38.580299	0.06283354999999999	0.0338773	-0.0511766508	0.19850168489999998	-0.11859768820000001	0.0353151506	-0.0346271568	-0.066316365	-0.0636176514	0.039330321	0.0455470842	0.08751168220000001	-0.10608011349999999	-0.013802331000000001	0.0412172066	0.0796512566	0.058998385199999996	0.0709468307	-0.0375803984	-0.1851860122	-0.0056566399	-0.061153735	-0.2009938055	-0.0460320587	0.120529298	0.011489982900000001	0.0352323014	-0.0696977644	-0.0190432079	0.0417157561	0.0787732216	0.0786231895	-0.036605677	0.0940989827	0.0602759072	0.1084550443	-0.0738571882	0.04629990690000002	0.0508664645	0.12216429720000001	0.0241236591	0.0978875957	0.0331767938	0.15295784769999998	0.0476193567	0.0084541431	0.0072807749	-0.0143070617	-0.0036274902	-0.0507365441	0.056862576799999995	0.0750976184	-0.07528445019999999	0.09948355519999999	-0.1069229864	0.0405141285	-0.0481175243	0.0498826321	0.049708633200000005	-0.0340891375	-0.1233928649	-0.1600373986	-0.0529107976	-0.0162895979	-0.0591304291	-0.07124563889999999	0.055034334299999994	0.064511974	0.015102144599999999	0.0778368836	0.0855593093	-0.0018991899	-0.0729826888	0.0432647529	-0.0287674056	0.0337934115	-0.014576091599999999	0.0193007772	-0.0165889936	0.1064237	-0.0412417913	0.13620881210000002	0.2429656125	0.1018116244	0.0308800917	0.0086726234	-0.0131648363	0.0310546314	-0.0571372432	0.0614768715	-0.0636129952	-0.0697506409	0.0335526569	-0.0233374841	-0.09454476949999999	0.0291454226	-0.0271721027	-0.0230412917	0.0858231991	0.007004409499999999	0.0790208888	-0.0159310782	-0.036545260499999996	0.1498925225	0.0780526888	0.1000128406	0.009570618000000001	-0.0790266093	0.0369555717	0.025049637599999997	-0.0608166363	-0.04281652	-0.0904823606	0.038722233700000004	-0.0384662933	-0.1573303459	0.0026149788	-0.1212009981	-0.0029106648999999997	-0.0340622479	0.0646656303	-0.1212992362	-0.062376611900000004	0.0756293657	-0.0668589586	0.0680419266	-0.0185926252	0.0957133455	0.0323878521	-0.011446338700000001	-0.1299355374	-0.0816418315	0.1379637969	0.052841905999999994	-0.0450133953	-0.049636512199999996	0.079443507	0.033052955	0.0353869526	0.04530597980000002	0.0528508313	0.0561081756	-0.030387123999999998	0.0023144173	-0.0764263677	-0.0124970664	-0.0558889246	0.0057679174	0.0031753558	0.039326459300000005	-0.033060669300000005	0.1618353249	-0.2072158326	-0.020625173899999998	-0.0111122752	-0.06485643349999999	-0.0428980157	0.0315716976	-0.0653550009	-0.0598617868	-0.12048803960000001	0.0842644977	-0.0270433307	-0.0255478702	-0.058806845	-0.0734935912	0.0169000121	-0.0005396225	0.041358148	0.1031908119	-0.10058873119999999	-0.0426933276	0.0664117395	0.045507200899999996	0.1560279016	0.0087695829	-0.0777175558	-0.052395339900000004	-0.0721861613	0.1312327067	0.10487452119999999	0.015215691200000001	0.0283007356	-0.059512454900000004	-0.0479782445	-0.1230165942	-0.10190562289999999	0.0127891867	-0.07887649990000001	-0.1077335267	0.1036419483	-0.09693736609999999	0.087788815	-0.0021928	-0.025417	4.80837184e-06	0.0006460238890000003	-0.0347482	-0.006419199999999997	4.1206128639999957e-05	0.00120743740324	-0.158693	0.011835999999999984	0.025183468248999998	0.0001400908959999997	0.000501876	-0.0003755470000000001	2.51879519376e-07	1.4103554920900006e-07	-0.0012182400000000006	7.679999999999276e-06	5.898239999998887e-11	1.4841086976000015e-06	0.0006488069999999999	0.0	4.209505232489999e-07	0.0
523.6671788168229	-0.5835456908664582	0.3405255733288121	274227.3141699704	761.4556215774625	-0.09764962197436944	579814.6636319198	0.009535448671737256	443.4896146039371	-0.7828508525220741	0.6128554572945382	196683.03826154867	443.52757437952926	746.7883665027239	1.039313	36.069809	0.06925375	0.0341195	-0.06819488679999999	0.2134617207	0.0794894897	0.0055465958999999995	-0.0162937109	-0.0336248636	0.0198504205	0.0054877625	-0.1015671026	-0.024550093999999998	-0.07594008320000001	0.0060520627	-0.0431380537	0.0608724338	0.0557778644	-0.0822227968	0.0238885671	0.0199822346	-0.027549495400000002	0.035493399	0.0146638305	-0.1618309456	0.048593534699999996	-0.0036623035999999998	-0.0020195435	0.0177374358	-0.0671164799	0.0326949711	-0.0364495925	0.151790113	0.14160688970000002	-0.1010408881	0.06767655	0.0133880478	0.0360019705	-0.1225177292	0.0989240402	0.11762597109999999	0.0205573269	0.017732997099999998	0.0459156615	0.0723041853	-0.21813734640000002	0.06469945519999999	0.0178850751	0.0200116841	0.051245832699999994	-0.123782437	-0.0676982855	0.1009807538	0.0139796978	-0.0207699803	-0.054765747000000004	0.054469153099999994	-0.0379237762	-0.06305810889999999	-0.1496226252	-0.12482197800000001	-0.1529076476	-0.0728790713	-0.0325765867	-0.055288817000000004	0.07525845860000001	-0.0539971528	0.0311862952	-0.0067439935999999995	0.047114207400000004	-0.0723217194	0.0782121395	-0.027086389	0.04968481809999999	-0.1409719626	-0.007282647	-0.0217875076	0.0777758205	0.1429894726	-0.0208738944	0.06617539360000001	0.0376751578	-0.1108808417	-0.0136383896	0.0675872183	-0.0456605142	-0.033335154	0.1107887927	-0.015223648700000003	-0.036593888399999996	0.0367070009	-0.05897307490000001	-0.0045868741	0.1001688444	0.0586879284	-0.0418038579	-0.1902411614	-0.014699914599999999	-0.0040490494	0.0937706851	-0.15458067820000002	0.09003661560000001	-0.059545315599999996	-0.0443137898	0.09074317679999999	-0.1275341186	-0.0311259927	0.07008473650000001	-0.012833971699999999	-0.08486060869999999	0.0327159615	-0.0355774717	-0.0519149367	0.0090083784	0.046220413200000005	0.0119378951	-0.0695414239	-0.0173593862	0.0205314572	-0.056000908099999996	0.1251500749	5.77928e-05	-0.114489765	0.04300937	-0.0189749922	-0.06243017610000001	0.06844046690000001	-0.0648525522	-0.049892299400000006	-0.134182486	-0.042956401799999995	-0.1841975003	-0.0308558162	0.0217068042	0.06841682639999999	0.0582206104	-0.0491947164	0.0821612425	-0.0783010066	0.0031139788	-0.009498678	-0.0273931398	0.0679219552	0.1499396948	-0.0700776561	0.1150126118	-0.0123573907	-0.10844658759999999	0.08844816050000001	0.0697007811	-0.07582944259999999	0.045748066	0.0192614147	-0.055395179100000004	0.0578971391	0.011554826399999999	0.031170213999999998	0.0917808045	-0.1378490166	-0.0061738076	-0.0747002989	0.0030910862	0.019619954499999998	0.06406827820000001	-0.1909406648	0.0474504675	-0.08823593699999999	0.11298510279999999	0.0190277622	0.061267981900000004	-0.0317198536	-0.0502938291	-0.1246376727	-0.0218694225	-0.060689916399999995	0.1212845603	-0.04983182269999999	0.024051340299999998	0.0759127402	-0.000622211	-0.025154803700000002	-0.0078000181	0.0128553518	0.0494662192	0.0027874037	-0.0667753097	-0.0551940497	0.06980849389999999	-0.0103664954	0.0017224662	-0.10803761810000001	0.1048446753	-0.0995928192	0.0923851842	0.015474600000000003	0.0176674	0.0002394632451600001	0.00031213702276	-0.0360525	-0.0013042999999999946	1.7011984899999853e-06	0.0012997827562499994	-0.172011	-0.013317999999999995	0.029587784120999997	0.0001773691239999999	0.000318804	-0.00018307199999999994	1.01635990416e-07	3.351535718399998e-08	-0.001618	-0.00039975999999999917	1.5980805759999938e-07	2.6179239999999998e-06	0.000492358	-0.0001564489999999999	2.4241640016399997e-07	2.447628960099997e-08
524.1030790265966	0.4359002097736493	0.19000899288071146	274684.03744515893	761.2117176524231	-0.2439039250393762	579443.2790913521	0.05948912464961364	443.91756097936246	0.4279463754253357	0.18313810023968236	197062.800945866	443.9039841583757	743.9036138369223	1.061917	36.854305	0.06629751	0.0373795	-0.07706798299999999	0.18178017829999998	-0.1134283934	-0.0699736896	-0.0128940477	0.0335727212	-0.1315785978	0.0245913634	0.0398504898	-0.030945019700000007	-0.0586314138	0.005642911	0.1193801258	0.08367455509999999	0.1116291177	-0.0991697123	0.0213921111	0.0039688597	-0.0693082807	-0.0225074296	0.0108189242	0.0441858008	0.0446790938	-0.0419767239	0.06669935190000001	-0.0815656089	-0.0080435571	-0.073992066	0.0082206549	0.0747085854	-0.031177076499999998	0.08870241470000001	-0.0114066133	0.0209307956	-0.0340942585	-0.0932133768	-0.1892540448	0.0224499864	0.03596165	-0.0273921694	-0.1455604096	-0.0030920978999999997	-0.021598222799999997	-0.0394020051	-0.0640532867	-0.18089078760000002	0.0066083662	-0.1441351763	0.1213342451	0.0611046662	-0.0356937799	0.0251868871	-0.0115091226	0.0713586339	0.11311246050000001	-0.12496639720000001	-0.1428315164	-0.011707884699999999	0.0273290634	0.0207425514	0.0138775187	0.0415148185	0.0295583139	0.0703100435	-0.0033773956	-0.1124196746	0.0715082408	0.0081097245	0.0321314127	0.1351390705	0.16142183	-0.0378745818	-0.12982337759999998	0.015072114199999999	0.0541108979	0.015195131399999999	-0.0444703322	0.0047075291	0.027669825699999998	0.09196427789999999	-0.1072325773	-0.049689523099999994	0.0743401692	-0.018323598400000002	0.08180269	-0.0233634127	-0.016445049099999998	0.0046433359	0.0248938616	0.12174075820000001	0.0233748898	-0.0773526912	0.0766716118	-0.10929215210000001	0.0472281134	0.07138372030000001	-0.086815167	0.026545716400000002	0.061867953600000004	-0.0487668911	-0.006526286700000001	0.1259503657	0.061006706200000003	0.035262088999999996	0.009993082	0.0003722456	0.1559548556	0.0350215309	0.012034356299999998	-0.1541729592	-0.0234288221	-0.0881172421	0.0236370887	-0.0244368464	-0.062092822199999995	-0.0739884428	0.1380949348	0.006724381	0.1636788937	-0.10917770869999999	-0.005890457900000001	0.0019120733	-0.0030715389000000003	0.0547560787	0.055494070300000004	-0.1715379951	-0.1020298323	0.030380797999999997	0.0139715098	0.04815528610000002	0.003278304	-0.013999827099999999	0.0474314291	0.0864083311	-0.0270171876	-0.1483410859	0.0616348021	0.0696687655	0.012804006299999999	-0.0983513548	-0.0032486355	-0.17631960510000005	0.0937501583	0.0133224276	-0.0244225353	0.0080209177	0.018809997	0.026089997	0.0096901752	-0.0329306812	-0.001270761	-0.021413379500000003	0.1922934973	0.0483181159	-0.07789398360000001	-0.0559781297	-0.0372302497	0.032649903	0.0420062488	-0.0766046985	0.07587954200000001	-0.042286139	0.0626408481	0.08660721140000001	0.0262923818	-0.0091423214	-0.1769643718	0.022376479100000003	-0.0548859261	-0.023437364500000002	0.0080815946	0.0796282693	0.075945417	-0.0224472499	0.005684589499999999	-0.057738372	0.0007181293	0.1560308812	-0.130824145	0.0018733367000000002	0.0446748055	-0.031066070299999998	-0.023954826499999998	0.051244363700000004	-0.08240414389999999	-0.0110149139	-0.0680154047	-0.10830393099999999	0.1059007676	-0.1019349164	0.09646489789999999	0.00573254	-0.00974206	3.28620148516e-05	9.49077330436e-05	-0.0410397	-0.004987200000000004	2.487216384000004e-05	0.00168425697609	-0.170121	0.0018900000000000028	0.028941154641	3.5721000000000107e-06	0.00052042	0.00020161599999999995	2.708369764e-07	4.0649011455999984e-08	-0.0009825	0.0006355	4.0386025e-07	9.653062499999997e-07	0.0006488069999999999	0.0001564489999999999	4.209505232489999e-07	2.447628960099997e-08
525.9061120789087	1.8030330523121163	3.250928187729948	276577.23872195365	758.2746565247638	-2.937061127659262	574980.4547277485	8.6263280676071	444.70845545269066	0.7908944733281942	0.6255140679410817	197765.61035111774	444.60055353279625	756.062889521056	1.100166	38.181747	0.07167567000000001	0.0346774	-0.0088825378	0.11957490119999999	-0.0138799697	0.10953103039999999	0.0965233994	0.08562081949999999	0.0028955422999999997	0.0238731102	0.0102538362	-0.0786032289	-0.00041190019999999994	-0.0869549253	-0.0012953701	-0.0207673884	-0.08656934869999999	-0.0964410021	-0.010663261299999999	0.0449172819	0.0366806704	-0.0253372447	0.0923769349	0.0455382115	0.0634457182	0.0184621551	-0.001220997	0.024190327999999997	-0.0609050775	0.0518077426	0.1054641632	0.0657894791	0.0313212359	-0.1082447239	0.0765260451	-0.0596314867	-0.0868850916	-0.0899341445	0.055266589299999995	0.0270081416	-0.049999454900000004	-0.1140656853	-0.0321336663	-0.0243555315	0.0326267331	-0.0653766796	-0.1297685868	-0.0723452639	0.0167363212	0.026454237400000004	-0.0834015107	0.096616812	-0.10475491210000001	0.003435803	-0.0089015651	-0.0826387576	0.0724282436	0.0053963263000000004	0.0380624151	0.0893799575	-0.0799355582	-0.1007809145	-0.0369339148	0.096454456	-0.0059921886	-0.054943283200000005	-0.0575470961	0.0843988035	0.0567185208	0.0650659	-0.033296739	-0.0569593988	0.0001413023	-0.0171296384	-0.0697624458	-0.0145967504	-0.0680244275	0.0799137178	-0.05031126	-0.1303049973	-0.0969319273	-0.0133498319	-0.012020202399999999	0.1115299791	0.07335989009999999	-0.009807964399999999	0.1602696545	0.07193820769999999	0.0327409587	-0.0444428123	0.040503278999999996	-0.1158600748	-0.030214723399999997	0.0972931857	0.1481355666	0.0654409583	0.027785306699999998	-0.1280665485	-0.0172001759	0.0553630263	-0.0425578077	-0.076977552	0.0188129947	0.085928431	-0.0735648876	0.032978108900000004	0.050055330300000006	-0.0741148063	-0.0394281116	0.08074978690000001	0.12553322449999998	0.1414307073	0.0158105511	0.0707641584	0.0619747191	0.0963035715	0.0167923684	-0.0277544731	0.0902549651	-0.0005167877999999999	-0.0951237529	-0.11196869179999999	-0.0751852079	-0.0146127149	0.0102716167	-0.0677417824	0.0817316609	0.014077135800000001	0.05851245240000001	0.0816249505	-0.0561628096	0.0234822967	0.13727796109999998	-0.0012802896	0.0259614523	-0.0763000368	-0.010657993700000002	0.000707817	0.0502476687	-0.057925994	0.1068878741	-0.0089223505	0.012278246100000001	0.0212443705	-0.040739073199999996	-0.1017218988	0.0271252921	-0.0815131312	0.1174791311	0.09046754259999999	-0.0683599877	-0.0367417911	-0.0838713507	0.07044247049999999	-0.01496048	0.1357106037	0.0679138654	-0.048479145599999995	0.0306670771	0.0961490999	0.0431982556	0.1355738471	0.0642151961	0.09193620029999999	0.1366662262	0.0319668092	-0.0809067768	-0.07062083599999999	0.0291394016	0.0467836792	-0.0398988989	-0.00363847	0.06308983110000001	-0.13127999740000001	0.0528446787	-0.051561823	-0.1016240108	0.08702360599999999	-0.0388018686	-0.0803129491	0.0290556375	-0.13802622050000002	-0.0673131655	-0.0802085813	0.1250158096	0.057763293	0.0061168876	0.0866555643	0.1069737117	-0.10853237240000001	0.1068087481	-0.10395628859999999	0.1000051409	0.00572717	-5.370000000000201e-06	3.28004762089e-05	2.883690000000216e-11	-0.0303706	0.0106691	0.00011382969481000002	0.0009223733443599998	-0.186782	-0.01666100000000001	0.034887515524000004	0.00027758892100000033	0.00106705	0.00054663	1.1385957024999998e-06	2.988043569e-07	-0.00116052	-0.0001780200000000001	3.1691120400000034e-08	1.3468066704e-06	0.000486653	-0.0001621539999999999	2.3683114240900002e-07	2.6293919715999966e-08
526.4990092619404	0.5928971830317096	0.3515270696469365	277201.2067538048	759.6026561628306	1.3279996380667851	576996.1952496275	1.7635830387055131	445.4146260258651	0.706170573174461	0.4986768784175467	198394.1890777613	445.3690514137474	768.6742587529529	1.048742	36.397057	0.03556685	0.0177335	0.0242050004	0.0438552993	0.08468032210000001	-0.054378213499999994	0.04355344110000002	0.07234475809999999	-0.017149791799999998	-0.10299937470000001	-0.0705529662	-0.14977698279999999	-0.0051952902	0.11995955609999999	-0.0362903558	0.0636901864	-0.0836419088	0.1177162036	0.0926007783	0.030847756	0.0650278608	-0.10722448679999999	0.1266598709	-0.035442687	0.11394938880000001	0.0289824796	-0.06252644610000001	-0.0595874595	0.0823290071	0.0157353418	-0.1077881534	-0.09091348640000001	-0.0755410353	-0.0628452233	0.013676396100000002	0.024676451800000002	0.0066395491	0.10987274820000001	0.1020627091	-0.1184563286	-0.0603423242	-0.0068262117	-0.121095862	0.030626780699999998	0.1353124521	0.038214823700000004	-0.0032921556	0.0441690892	-0.0093062172	-0.029292384700000007	-0.049422870099999995	-0.0569313919	0.015560401100000001	-0.0870204701	-0.0151500673	-0.0508601419	0.0031867440999999996	-0.11023568460000001	-0.078777419	-0.0642805629	-0.0735235818	-0.0282095307	0.043054965099999995	0.0738503313	-0.045659468200000004	0.0797470999	-0.0057887753	0.1053643995	-0.0597345166	0.0656067676	-0.029336924500000007	-0.0673910312	0.0070302317	0.0766752612	-0.0368032184	-0.0243978961	-0.1543697785	-0.046878799699999994	0.0043797501	0.0621645306	-5.9932e-05	0.0414201279	0.0653036453	-0.0637169409	-0.11002662630000001	-0.1618221283	-0.0235360594	-0.053733637199999996	-0.07774083400000001	-0.0316360777	0.0221462944	0.0269498948	0.023742558900000002	0.1231292855	-0.010376206899999999	-7.66218e-05	0.026750685899999998	0.09065127949999999	-0.0094283875	0.1346282531	-0.0408196332	0.0508122754	0.0362898887	-0.13381285880000002	-0.027975981	0.0442877785	-0.1045169832	-0.029448154100000002	0.0067693097	0.0713859615	-0.0208008556	0.0017562842000000002	0.1774971141	-0.060465935599999986	-0.043591190499999995	0.060417526299999996	0.0283846173	0.0210752548	-0.013958937900000001	0.0845038999	-0.0140558315	0.0610194479	0.0156430913	-0.0665970105	-0.0213574821	-0.053761413200000004	-0.0426557003	-0.0815529975	-0.07145058259999999	-0.0054619602	-0.1572078866	0.0422401482	0.0546458002	-0.0517610644	-0.0045765495	0.0144454064	-0.08768377179999999	0.1724686768	0.0181319463	0.0035146374	0.079106046	-0.030915751499999998	-0.0334672747	-0.0360003836	-0.11764483390000001	-0.0313820542	0.0750258844	0.040833782	-0.023762636299999997	0.0524593063	-0.0231669344	0.1042825757	0.051597212999999996	-0.0703033492	0.026605285	-0.11176595550000001	0.09281786789999999	0.0007707945	-0.0331233041	-0.0640463526	0.1468292313	-0.0014172628	-0.0154035115	-0.06072243030000001	-0.0807595502	-0.016157305	-0.1143375186	-0.0657535764	-0.0005748584	0.0219509069	0.0426408456	0.1410902268	-0.0436834263	0.034077736000000004	-0.10973596349999999	-0.0008275647000000001	-0.014590882099999999	-0.06741661809999999	-0.1042023157	-0.0504108969	-0.0875385183	-0.043020301100000005	-0.0123903977	0.1730770565	-0.0453922096	0.0310300354	0.0179124194	-0.055013472800000005	-0.059191277800000004	-0.1087228625	0.1075673469	-0.1056505759	0.10298611449999999	0.00574532	1.8149999999999764e-05	3.30087019024e-05	3.2942249999999137e-10	-0.0411923	-0.010821700000000005	0.00011710919089000008	0.00169680557929	-0.197381	-0.010598999999999996	0.038959259161	0.00011233880099999995	0.00129369	0.00022664	1.6736338160999997e-06	5.1365689599999985e-08	-0.00111655	4.3969999999999953e-05	1.9333608999999954e-09	1.2466839025e-06	0.000498603	1.1949999999999992e-05	2.48604951609e-07	1.4280249999999983e-10
527.3147101308912	0.8157008689507848	0.6653679076070653	278060.8035204258	760.1242759649726	0.5216198021420269	577788.9149112739	0.2720872179866872	445.5681265222917	0.15350049642660224	0.023562402403213327	198530.95537258493	445.5217931711566	772.739939869591	0.979818	34.005024	0.018911270000000008	0.0115264	0.0442783514	0.0053713037	0.0034784714	-0.10342210269999999	-0.0298203027	0.0791864085	-0.0582272999	-0.1099677409	-0.0274614468	-0.0396778333	0.0187899198	0.1267762794	0.010037183100000001	0.024927528199999997	-0.08787960269999999	0.0199928422	0.0362787831	-0.053853262400000004	0.0553866841	0.006770048199999999	-0.0336259457	-0.09167727960000001	-0.0205142808	-0.1351824063	-0.07785705	0.087893401	0.013298253500000001	-0.0560802566	-0.0644755137	-0.024110053500000003	-0.03345618	0.0461839017	0.014082478999999997	-0.13527028060000001	-0.09457896980000001	0.0720394963	0.0831842145	0.0771209305	0.0137435722	-0.028126849	-0.047782146100000006	-0.052861904800000005	0.043420879100000004	0.0175357843	-0.0130235389	0.0335514238	-0.07651950219999999	-0.0453991215	0.028929853999999998	-0.1483707064	0.0451316137	-0.0994522833	-0.0707519581	-0.0687890941	0.033250812000000005	-0.0428728492	-0.047653675	0.0017046987	-0.053398779900000005	-0.0587019075	0.038525481800000004	-0.0714004334	0.1555412538	0.00459613	0.022655311299999998	-0.0362679633	0.049663158799999996	0.0939154159	0.0884046742	0.0414299103	0.05783721450000001	-0.0813945602	0.0773989733	0.0677700224	0.0169978555	-0.1672356928	0.0210597354	0.0348608583	0.048293568700000004	0.0678317483	0.039904643	0.0794920057	-0.09507657	-0.0135331789	-0.0444814447	0.1708508048	0.1025854581	0.013618736000000001	-0.049612574400000005	0.0169540366	-0.0324881106	0.071884579	0.0368520142	0.056430104	-0.0736047821	0.1335392692	0.0421956009	-0.0097506576	-0.0939846641	-0.0255714705	0.20980457260000002	-0.0527993515	0.038303815899999996	-0.044762815899999996	-0.09024732449999999	0.0115853481	0.0615570877	-0.033683603900000005	-0.0014200964000000002	-0.0549830418	0.0624008916	0.0242591705	-0.0724163687	0.0355670013	0.0147773297	-0.0011247111	0.063931442	0.0383312092	0.07911371219999999	0.1247420653	-0.0027495519	-0.0679847067	-0.0819385609	-0.0870315634	0.0208113914	-0.0351057981	-0.0441898664	0.0206199253	-0.0864728794	-0.0755094711	0.0085814658	-0.0010346001	0.1348678528	-0.0138337342	-0.0293057229	-0.0979383401	0.0073586456999999985	0.1491550381	0.0420503243	-0.0213810796	0.0773791612	-0.0084542163	-0.0636512563	0.1071876759	-0.0417601072	-0.0477628751	-0.1505188575	0.0697925013	-0.016306368	0.0331626693	-0.022114613999999998	0.0421756869	0.006647250600000001	-0.053269745599999994	0.099992099	0.111495458	0.0575729508	0.1072417886	-0.0889673687	-0.011001126299999999	-0.0678079083	-0.128323771	-0.0579227141	0.1203061282	-0.10766593529999999	-0.0127160384	0.09418808890000001	0.0062182801	0.2131539892	-0.0060994576	0.0424058446	0.08642523220000001	-0.0781542604	-0.0148044197	-0.0269699124	-0.0065090102	-0.0051464084	0.0088693603	-0.1486359777	0.013701888600000002	-0.0171564521	0.063114142	0.0953278181	-0.0703853606	-0.0644741026	-0.0440388992	-0.0325336995	-0.10887533449999999	0.108175503	-0.10701244730000001	0.105391148	0.00576684	2.15199999999997e-05	3.32564435856e-05	4.6311039999998717e-10	-0.0411921	1.9999999999881227e-07	3.9999999999524904e-14	0.0016967891024100002	-0.200361	-0.0029799999999999827	0.040144530321	8.880399999999897e-06	0.0013090100000000006	1.5320000000000738e-05	1.713507180100002e-06	2.3470240000002266e-10	-0.000963883	0.00015266700000000002	2.3307212888999998e-08	9.290704376889999e-07	0.0006488069999999999	0.00015020399999999992	4.209505232489999e-07	2.2561241615999976e-08
528.7709163983177	1.4562062674265237	2.120536693292288	279598.68202871666	759.6982805897594	-0.4259953752132333	577141.4775310368	0.1814720597030634	445.58100639109773	0.012879868806010109	0.00016589102046003226	198542.43325650351	445.5393622113523	781.9086647958417	1.005644	34.901325	0.02911368999999998	0.0188636	0.1056412227	-0.060026637599999995	-0.1164020517	-0.0435491444	-0.031457205499999995	0.0645442432	-0.067389027	0.0414670369	0.1210685675	0.0033043971	-0.0284447611	0.0930665083	0.0024908815	0.0503661055	0.09130565480000001	0.0670630301	-0.0910769449	-0.0658587573	-0.0314438068	0.015238506499999999	-0.0200631339	-0.08290252299999999	-0.031308848	0.0073049123	0.08679713289999999	-0.1316714847	0.0741877279	-0.0329957048	0.049502801900000004	0.0045515958000000006	0.0707665876	0.0172680376	-0.1065346091	-0.1403652867	0.0154722292	-0.08361699730000001	0.1411111515	-0.0061930026	0.0129775762	-0.010545366100000002	0.0165069454	0.0929792277	-0.0832158683	0.0394879988	0.0474170456	0.0141503213	0.0509524751	0.08913496900000001	0.1036285873	-0.1108318869	0.0019073061	-0.0527248623	-0.0794645975	-0.058557008499999987	0.1173293474	-0.006359349499999999	0.00741998	0.0665487231	-0.0177914206	0.021663723399999998	0.0495060627	0.014968941000000001	0.0300675511	-0.0393393778	-0.0605317309	0.0446187084	-0.0093696682	0.0344337316	-0.0009428812	-0.0996630662	0.0247715638	0.1306516703	-0.013733173400000001	-0.0832784202	0.0900483785	-0.033064249500000004	0.0947258293	-0.0098171773	-0.02083768	-0.0820126642	0.0039749269	0.0745420617	0.0440486721	-0.06934519480000001	0.17059621309999998	-0.0017267489	-0.016421387	0.0111883595	0.0615562114	-0.0032376587	-0.0038637995	0.07394375	-0.0390821895	0.0186406599	-0.054010180899999996	0.0322272302	0.007205425	-0.05222082559999999	0.1380300036	-0.0708688617	0.0068234437	-0.0639204861	0.036804228599999995	0.0242971241	-0.0535887479	0.0096898903	-0.09948485929999999	0.0181265421	0.0446730898	-0.0537474896	-0.0091755062	-0.0391197275	-0.10043226529999999	-0.0239134316	-0.025493975699999998	0.0348026912	-0.029611806	-0.1303601045	0.036524022	0.10699446359999999	-0.0266393225	-0.0352064968	-0.0743700154	-0.0707306735	0.10276793960000001	-0.0238195458	-0.008472217800000001	0.0773721293	-0.0077127314	0.007513003199999998	-0.0268800682	-0.054648336900000004	0.023747483599999997	-0.0824206386	-0.045017219000000004	0.0496409059	-0.013135178999999999	-0.0407141413	0.0366970529	0.11459593900000001	-0.1495447986	-0.017622064099999998	0.0675025019	-0.0183276855	0.031778409199999996	-0.04433422	-0.10833029429999999	-0.0148731795	-0.018764701	-0.027792803300000002	-0.0962228566	0.0050309066	0.015515538	0.0824055333	0.1583789831	-0.114571323	-0.0687972071	0.0160106494	0.0575777885	-0.009168417	-0.028885171400000006	-0.051512003	0.0317153985	-0.006642076899999999	-0.0648845381	0.0447900595	-0.0091584905	0.0332277397	-0.0441581222	-0.1018930406	-0.048658379	0.0455775825	-0.0091305998	0.0603295	-0.0355188712	-0.015785881499999998	-0.0100669368	-0.0841349194	-0.0235006394	0.0969889145	-0.10840910289999996	0.0456833942	-0.036980667099999996	-0.0572187317	0.0727458099	-0.0691299504	-0.0825413388	-0.10898973519999999	0.1086323659	-0.10803761810000001	0.1072067914	0.00580783	4.09900000000003e-05	3.37308893089e-05	1.6801801000000245e-09	-0.0411951	-2.9999999999960614e-06	8.999999999976368e-12	0.00169703626401	-0.21752	-0.01715900000000001	0.047314950399999986	0.0002944312810000003	0.00134838	3.936999999999929e-05	1.8181286244e-06	1.5499968999999442e-09	-0.0008390239999999997	0.00012485900000000028	1.558976988100007e-08	7.039612725759995e-07	0.000574822	-7.398499999999994e-05	3.30420331684e-07	5.473780224999991e-09
528.0562128119452	-0.7147035863724795	0.5108012163736844	278843.3638892944	756.8232080408827	-2.8750725488766875	572781.3682292933	8.266042161304293	445.7202388364217	0.1392324453239553	0.0193856738308882	198666.5313083968	445.6387792500917	782.2906207084834	1.056116	36.652958	0.08140497000000001	0.0365562	0.08581920230000001	-0.0850877935	0.010092543	0.13082511089999999	-0.1048136927	-0.0028561668	0.1089572944	0.1443378083	0.054761375599999995	-0.014986810900000001	0.1485717343	-0.026059623900000002	0.012728043	-0.014213711499999997	-0.0915037538	0.026550151299999998	-0.0151076093	-0.0910093024	-0.0180432366	0.0823013033	-0.1472823402	-0.0045490437	-0.0845629324	0.0561590762	0.0256752648	-0.0257363335	-0.103829795	-0.0942239659	-0.0702226577	0.035308993500000004	0.1256365918	0.0298829594	0.0986648497	0.0478828279	0.0744300157	0.1296947015	-0.0255685578	-0.0945155946	-0.1620839949	0.0096095522	0.056082858	0.0035438044	-0.12391688619999999	0.1190774035	0.0975102664	0.0126652801	-0.043587643200000005	0.11260581119999999	0.0011660022	0.011129268400000001	0.0027251445000000003	-0.0650793009	-0.133870043	-0.0550093204	0.0104578592	0.0005110752	-0.061597211299999996	-0.0082006757	0.014435205900000001	-0.1476738912	0.1101206869	0.1289273719	-0.034129752799999996	-0.0061495428	0.048884412599999996	0.0927809458	-0.130018951	0.021192	-0.1473340343	0.0258260396	0.0045526194	0.0465258752	-0.0533994053	-0.05963878860000001	0.11582945050000001	0.019591918700000002	-0.10529050720000001	0.09998000470000001	0.0482766525	-0.0284024862	0.0292525544	0.0649755946	0.0762956689	-0.0340496147	-0.032508619	-0.1287396624	0.0372598382	0.0916325492	0.0299861304	-0.0085588489	0.0428036029	-0.12253338	-0.0639982104	0.1532949904	-0.0090363701	0.0041148528999999994	-0.0017395496	0.018580346	-0.0452354765	-0.0418687489	0.0486080387	0.023686558700000002	0.0393970508	0.0317521662	0.0633623142	0.0782585419	-0.0458295996	0.0993567891	0.0507770746	-0.0047977064	0.1493749149	-0.1123941375	0.0418693938	0.10862883400000001	-0.08527255339999999	-0.013570336	-0.0371269392	-0.0946103302	-0.0721592323	0.0232826039	0.0114621636	-0.0458052965	-0.1389687772	-0.0575949208	-0.0031716936	-0.0233823371	-0.0775206971	0.0037388542	-0.010612244199999999	-0.035262174900000005	0.16501698210000001	-0.1237688358	-0.0228425352	-0.0317263216	-0.0012931564	0.1344723998	-0.07146074570000001	-0.0197379347	-0.021922498	-0.10398794369999999	-0.08553447859999999	0.0404733428	0.1068875609	-0.027041456800000002	-0.08387730730000001	0.1465484208	-0.0228564448	0.0695531868	0.039626530699999996	-0.047566037900000004	-0.1084331304	0.0006394384	-0.058908692	-0.07653138570000001	-0.0801482298	-0.1172597375	-0.0875830348	-0.025307887400000003	-0.0286254665	-0.0195714803	-0.0339101174	0.1613581148	-0.0768271589	0.011233754399999999	-0.0162439827	0.0735784248	-0.023564081	0.0628136851	0.1049969294	0.0571548213	0.0576145438	0.0030602178000000003	0.0842555898	0.055044307800000004	0.0634345833	0.023134451099999998	-0.0722207299	-0.0685356425	-0.0713292051	-0.0720001631	0.0018553793	0.0313420997	-0.015087706999999999	0.1050898495	0.0624201276	0.0513527303	-0.0190152615	-0.1090660245	0.1089372966	-0.1087228625	0.108422891	0.0188755	0.01306767	0.00035628450024999996	0.0001707639992289	-0.033711800000000014	0.0074832999999999905	5.5999778889999864e-05	0.0011364854592400006	-0.234436	-0.01691600000000001	0.054960238096	0.0002861510560000005	0.00181715	0.0004687700000000001	3.3020341225e-06	2.197453129000001e-07	-0.00119082	-0.00035179600000000025	1.2376042561600018e-07	1.4180522724e-06	0.000516628	-5.8194000000000026e-05	2.6690449038400003e-07	3.3865416360000023e-09
525.7400093726319	-2.3162034393133126	5.364798372286819	276402.5574551351	756.9154864933888	0.09227845250609333	572921.0536935235	0.008515312796919325	444.814522655651	-0.9057161807706962	0.8203218001098563	197859.95956537465	444.7833246425968	768.1042425577417	1.062035	36.858383	0.09334410000000004	0.0484326	-0.0303103327	-0.0555398057	0.09431045619999999	0.016405593200000002	-0.1515538856	0.0324090954	0.1572300396	-0.04701046230000002	-0.045946026699999996	0.0518868042	-0.032888907200000005	-0.0702078062	0.0422133483	-0.0957695073	-0.1562201835	-0.1465365641	-0.0501535212	0.0837915585	0.1401486534	-0.0136387507	-0.0269213324	-0.0402068571	0.1070666783	-0.045175257	0.0293716773	0.1003935714	0.0382572251	-0.1184809843	-0.0329279821	-0.1040581824	-0.0140969623	0.0975038892	0.0097121139	-0.0305620213	-0.09585311310000001	0.090689569	-0.0394305598	-0.0446890438	0.0302651208	-0.0946566722	-0.0615808526	-0.0269861841	0.0073233985	0.0241390575	-0.0235536431	-0.0038675482000000002	-0.0574724622	0.0089951444	-0.045759304	0.0151409157	0.08701819039999999	-0.0420676484	-0.05851918690000001	0.012364481799999999	-0.0046218114	0.012145978	-0.0199654541	-0.024846135499999998	-0.0134741529	-0.09849409519999999	0.08153073179999999	-0.0011503401	0.0173064621	-0.0407448856	0.056514726200000004	0.0420217815	-0.0755137147	0.0450285233	-0.095678155	-0.032603913	-0.0215132223	-0.0633173796	0.07149647519999999	0.0227123292	0.0502228232	-0.0167520804	-0.0524842882	0.042938789299999995	0.1294356505	-0.0422407566	0.0044913146	0.0702886348	0.0162131681	0.071319438	-0.0360636665	-0.0539155866	0.07947134110000001	0.051211844000000006	0.047472147	-0.0004335868	0.0716334894	0.0010281632	-0.0045601426	0.0614130521	0.0136845821	0.1181791315	-0.0554995647	-0.0622895716	-0.0506159557	-0.028521930600000002	0.0141772325	-0.0485214963	-0.033328880899999996	-0.019524946100000003	0.0543345649	-0.0187393862	-0.056506290599999995	0.012868806399999998	-0.043531251900000005	0.0581567229	0.0250555168	0.0928997868	0.0166579142	0.0961775526	-0.1556291561	-0.0211692331	0.0926737131	0.038476827400000004	-0.042698788200000004	0.023080017999999997	0.07479852440000001	-0.0167130357	-0.08153321940000001	0.0133693474	0.0010666178	0.0040866704	-0.042292743	-0.026071302999999997	-0.0342361506	-0.0823470186	0.0571955796	-0.0671134816	0.016759732700000002	-0.0343546027	0.0406817635	0.061991855	-0.085375638	-0.0188521249	0.0279774533	-0.0296849602	0.059185414299999996	0.1081114753	0.0406033762	0.0354175473	-0.0704202849	0.0565160588	-0.0211038637	0.0196581365	0.1035428408	-0.053249825199999996	-0.0152333502	0.0508846482	-0.0759980545	-0.0552877024	-0.06250647	-0.0477970733	-0.0498087828	0.0751876982	-0.07413591309999999	0.0102543996	0.013648228200000001	-0.027260044	-0.081515831	0.0165587475	-0.057125421600000004	0.0530689984	-0.06097174900000001	-0.08900939990000001	0.1194741846	-0.0003042725	-0.0355090416	-0.059748791900000014	-0.0359574224	-0.026995630899999998	-0.0267952219	0.0779588724	0.0012019031	-0.0750702333	0.0250225806	-0.06895987719999999	0.0705995993	0.0219146965	0.12862524150000001	-0.0086593876	0.0458952509	-0.0052866804	-0.0616154583	-0.1091041759	0.1090898686	-0.1090660245	0.1090326458	0.013957399999999998	-0.0049181000000000025	0.00019480901475999994	2.4187707610000014e-05	-0.022499900000000003	0.011211900000000006	0.00012570670161000008	0.0005062455000100001	-0.189494	0.04494200000000001	0.035907976036	0.002019783364000001	0.00137851	-0.0004386400000000001	1.9002898201e-06	1.9240504960000013e-07	-0.00103509	0.00015572999999999995	2.4251832899999992e-08	1.0714113081e-06	0.000465556	-5.107199999999999e-05	2.16742389136e-07	2.6083491839999986e-09
