global_signal	global_signal_derivative1	global_signal_derivative1_power2	global_signal_power2	csf	csf_derivative1	csf_derivative1_power2	csf_power2	white_matter	white_matter_derivative1	white_matter_derivative1_power2	white_matter_power2	csf_wm	tcompcor	std_dvars	dvars	framewise_displacement	rmsd	t_comp_cor_00	t_comp_cor_01	t_comp_cor_02	t_comp_cor_03	a_comp_cor_00	a_comp_cor_01	a_comp_cor_02	a_comp_cor_03	a_comp_cor_04	a_comp_cor_05	a_comp_cor_06	a_comp_cor_07	a_comp_cor_08	a_comp_cor_09	a_comp_cor_10	a_comp_cor_11	a_comp_cor_12	a_comp_cor_13	a_comp_cor_14	a_comp_cor_15	a_comp_cor_16	a_comp_cor_17	a_comp_cor_18	a_comp_cor_19	a_comp_cor_20	a_comp_cor_21	a_comp_cor_22	a_comp_cor_23	a_comp_cor_24	a_comp_cor_25	a_comp_cor_26	a_comp_cor_27	a_comp_cor_28	a_comp_cor_29	a_comp_cor_30	a_comp_cor_31	a_comp_cor_32	a_comp_cor_33	a_comp_cor_34	a_comp_cor_35	a_comp_cor_36	a_comp_cor_37	a_comp_cor_38	a_comp_cor_39	a_comp_cor_40	a_comp_cor_41	a_comp_cor_42	a_comp_cor_43	a_comp_cor_44	a_comp_cor_45	a_comp_cor_46	a_comp_cor_47	a_comp_cor_48	a_comp_cor_49	a_comp_cor_50	a_comp_cor_51	a_comp_cor_52	a_comp_cor_53	a_comp_cor_54	a_comp_cor_55	a_comp_cor_56	a_comp_cor_57	a_comp_cor_58	a_comp_cor_59	a_comp_cor_60	a_comp_cor_61	a_comp_cor_62	a_comp_cor_63	a_comp_cor_64	a_comp_cor_65	a_comp_cor_66	a_comp_cor_67	a_comp_cor_68	a_comp_cor_69	a_comp_cor_70	a_comp_cor_71	a_comp_cor_72	a_comp_cor_73	a_comp_cor_74	a_comp_cor_75	a_comp_cor_76	a_comp_cor_77	a_comp_cor_78	a_comp_cor_79	a_comp_cor_80	a_comp_cor_81	a_comp_cor_82	a_comp_cor_83	a_comp_cor_84	a_comp_cor_85	a_comp_cor_86	a_comp_cor_87	a_comp_cor_88	a_comp_cor_89	a_comp_cor_90	a_comp_cor_91	a_comp_cor_92	a_comp_cor_93	a_comp_cor_94	a_comp_cor_95	a_comp_cor_96	a_comp_cor_97	a_comp_cor_98	a_comp_cor_99	a_comp_cor_100	a_comp_cor_101	a_comp_cor_102	a_comp_cor_103	a_comp_cor_104	a_comp_cor_105	a_comp_cor_106	cosine00	cosine01	cosine02	cosine03	non_steady_state_outlier00	non_steady_state_outlier01	non_steady_state_outlier02	non_steady_state_outlier03	non_steady_state_outlier04	non_steady_state_outlier05	non_steady_state_outlier06	trans_x	trans_x_derivative1	trans_x_derivative1_power2	trans_x_power2	trans_y	trans_y_derivative1	trans_y_derivative1_power2	trans_y_power2	trans_z	trans_z_derivative1	trans_z_power2	trans_z_derivative1_power2	rot_x	rot_x_derivative1	rot_x_power2	rot_x_derivative1_power2	rot_y	rot_y_derivative1	rot_y_power2	rot_y_derivative1_power2	rot_z	rot_z_derivative1	rot_z_power2	rot_z_derivative1_power2	motion_outlier00	motion_outlier01	motion_outlier02
514.0713019315684	n/a	n/a	264269.3034696178	672.6626774434266	n/a	n/a	452475.07762535935	455.87096505183405	n/a	n/a	207818.3367772905	455.9685210981128	591.1719041685412	n/a	n/a	n/a	n/a	0.0	0.0	0.0	0.0	0.0	0.0	0.0	0.0	0.0	0.0	0.0	0.0	0.0	0.0	0.0	0.0	0.0	0.0	0.0	0.0	0.0	0.0	0.0	0.0	0.0	0.0	0.0	0.0	0.0	0.0	0.0	0.0	0.0	0.0	0.0	0.0	0.0	0.0	0.0	0.0	0.0	0.0	0.0	0.0	0.0	0.0	0.0	0.0	0.0	0.0	0.0	0.0	0.0	0.0	0.0	0.0	0.0	0.0	0.0	0.0	0.0	0.0	0.0	0.0	0.0	0.0	0.0	0.0	0.0	0.0	0.0	0.0	0.0	0.0	0.0	0.0	0.0	0.0	0.0	0.0	0.0	0.0	0.0	0.0	0.0	0.0	0.0	0.0	0.0	0.0	0.0	0.0	0.0	0.0	0.0	0.0	0.0	0.0	0.0	0.0	0.0	0.0	0.0	0.0	0.0	0.0	0.0	0.0	0.0	0.0	0.0	0.0	0.0	0.0	0.0	1.0	0.0	0.0	0.0	0.0	0.0	0.0	0.0100889	n/a	n/a	0.00010178590321	-7.03945e-05	n/a	n/a	4.95538563025e-09	0.0626053	n/a	0.00391942358809	n/a	-0.000474541	n/a	2.25189160681e-07	n/a	-0.00034843300000000004	n/a	1.2140555548900006e-07	n/a	-0.000359887	n/a	1.2951865276899998e-07	n/a	0.0	0.0	0.0
513.8560505467556	-0.2152513848128592	0.0463331586638536	264048.04068350984	657.0779317008901	-15.584745742536485	242.88429985950904	431751.4083283196	456.2295293652645	0.35856431343046324	0.12856836686585948	208145.38346485075	456.24892990982215	588.637670599025	0.9917490000000002	28.477339	0.097268268	0.0453136	0.0	0.0	0.0	0.0	0.0	0.0	0.0	0.0	0.0	0.0	0.0	0.0	0.0	0.0	0.0	0.0	0.0	0.0	0.0	0.0	0.0	0.0	0.0	0.0	0.0	0.0	0.0	0.0	0.0	0.0	0.0	0.0	0.0	0.0	0.0	0.0	0.0	0.0	0.0	0.0	0.0	0.0	0.0	0.0	0.0	0.0	0.0	0.0	0.0	0.0	0.0	0.0	0.0	0.0	0.0	0.0	0.0	0.0	0.0	0.0	0.0	0.0	0.0	0.0	0.0	0.0	0.0	0.0	0.0	0.0	0.0	0.0	0.0	0.0	0.0	0.0	0.0	0.0	0.0	0.0	0.0	0.0	0.0	0.0	0.0	0.0	0.0	0.0	0.0	0.0	0.0	0.0	0.0	0.0	0.0	0.0	0.0	0.0	0.0	0.0	0.0	0.0	0.0	0.0	0.0	0.0	0.0	0.0	0.0	0.0	0.0	0.0	0.0	0.0	0.0	0.0	1.0	0.0	0.0	0.0	0.0	0.0	0.000114594	-0.009974306	9.948678018163596e-05	1.3131784836e-08	-0.008767699999999998	-0.008697305499999999	7.564312296033023e-05	7.687256328999996e-05	0.0357491	-0.026856200000000004	0.00127799815081	0.0007212554784400001	-2.03727e-06	0.00047250373	4.1504690529e-12	2.2325977486391286e-07	-0.000188082	0.00016035100000000004	3.5374838724e-08	2.571244320100001e-08	4.20674e-05	0.0004019544	1.7696661427599997e-09	1.6156733967935994e-07	0.0	0.0	0.0
514.6815970508021	0.8255465040465424	0.6815270303434678	264897.14634276426	649.0356812132951	-8.04225048759497	64.67779290522154	421247.3154880061	456.4588188207048	0.2292894554402665	0.05257365437609394	208354.65327919298	456.3039239423097	589.2581660386762	1.006913	28.912779	0.0811866205	0.040559500000000005	0.0	0.0	0.0	0.0	0.0	0.0	0.0	0.0	0.0	0.0	0.0	0.0	0.0	0.0	0.0	0.0	0.0	0.0	0.0	0.0	0.0	0.0	0.0	0.0	0.0	0.0	0.0	0.0	0.0	0.0	0.0	0.0	0.0	0.0	0.0	0.0	0.0	0.0	0.0	0.0	0.0	0.0	0.0	0.0	0.0	0.0	0.0	0.0	0.0	0.0	0.0	0.0	0.0	0.0	0.0	0.0	0.0	0.0	0.0	0.0	0.0	0.0	0.0	0.0	0.0	0.0	0.0	0.0	0.0	0.0	0.0	0.0	0.0	0.0	0.0	0.0	0.0	0.0	0.0	0.0	0.0	0.0	0.0	0.0	0.0	0.0	0.0	0.0	0.0	0.0	0.0	0.0	0.0	0.0	0.0	0.0	0.0	0.0	0.0	0.0	0.0	0.0	0.0	0.0	0.0	0.0	0.0	0.0	0.0	0.0	0.0	0.0	0.0	0.0	0.0	0.0	0.0	1.0	0.0	0.0	0.0	0.0	0.00014099299999999998	2.6398999999999992e-05	6.969072009999994e-10	1.9879026049e-08	0.00619615	0.014963849999999997	0.00022391680682249995	3.83922748225e-05	0.00225594	-0.03349316	5.0892652836e-06	0.0011217917667856	-0.000241887	-0.00023984972999999997	5.8509320769000005e-08	5.752789298107289e-08	6.72801e-05	0.0002553621	4.52661185601e-09	6.520980211641001e-08	-0.000116785	-0.0001588524	1.3638736225e-08	2.523408498576e-08	0.0	0.0	0.0
516.6094341357016	1.9278370848994653	3.716555825913669	266885.30743800977	647.5567288919972	-1.4789523212979248	2.18729996867252	419329.7171333035	457.6983920420642	1.2395732213594215	1.5365417711113734	209487.8180778911	457.50682347488447	606.5628347729382	1.055709	30.313921	0.0633785295	0.0314607	0.0	0.0	0.0	0.0	0.0	0.0	0.0	0.0	0.0	0.0	0.0	0.0	0.0	0.0	0.0	0.0	0.0	0.0	0.0	0.0	0.0	0.0	0.0	0.0	0.0	0.0	0.0	0.0	0.0	0.0	0.0	0.0	0.0	0.0	0.0	0.0	0.0	0.0	0.0	0.0	0.0	0.0	0.0	0.0	0.0	0.0	0.0	0.0	0.0	0.0	0.0	0.0	0.0	0.0	0.0	0.0	0.0	0.0	0.0	0.0	0.0	0.0	0.0	0.0	0.0	0.0	0.0	0.0	0.0	0.0	0.0	0.0	0.0	0.0	0.0	0.0	0.0	0.0	0.0	0.0	0.0	0.0	0.0	0.0	0.0	0.0	0.0	0.0	0.0	0.0	0.0	0.0	0.0	0.0	0.0	0.0	0.0	0.0	0.0	0.0	0.0	0.0	0.0	0.0	0.0	0.0	0.0	0.0	0.0	0.0	0.0	0.0	0.0	0.0	0.0	0.0	0.0	0.0	1.0	0.0	0.0	0.0	0.000154231	1.3238000000000025e-05	1.7524464400000062e-10	2.3787201361000004e-08	-0.018253400000000003	-0.024449550000000004	0.0005977804952025003	0.00033318661156000014	-0.0101442	-0.01240014	0.00010290479364000002	0.0001537634720196	-2.03727e-06	0.00023984972999999997	4.1504690529e-12	5.752789298107289e-08	0.00019889	0.0001316099	3.95572321e-08	1.7321165778009996e-08	4.20674e-05	0.0001588524	1.7696661427599997e-09	2.523408498576e-08	0.0	0.0	0.0
515.7714714523215	-0.8379626833800558	0.7021814587375036	266020.2107640929	645.9558193661179	-1.6009095258792743	2.562911310051002	417258.92057295283	457.3860723932805	-0.31231964878372764	0.097543563016391	209202.0192193512	457.3001139104518	606.9598462168883	1.00751	28.929909	0.0663763845	0.038630300000000006	0.0	0.0	0.0	0.0	0.0	0.0	0.0	0.0	0.0	0.0	0.0	0.0	0.0	0.0	0.0	0.0	0.0	0.0	0.0	0.0	0.0	0.0	0.0	0.0	0.0	0.0	0.0	0.0	0.0	0.0	0.0	0.0	0.0	0.0	0.0	0.0	0.0	0.0	0.0	0.0	0.0	0.0	0.0	0.0	0.0	0.0	0.0	0.0	0.0	0.0	0.0	0.0	0.0	0.0	0.0	0.0	0.0	0.0	0.0	0.0	0.0	0.0	0.0	0.0	0.0	0.0	0.0	0.0	0.0	0.0	0.0	0.0	0.0	0.0	0.0	0.0	0.0	0.0	0.0	0.0	0.0	0.0	0.0	0.0	0.0	0.0	0.0	0.0	0.0	0.0	0.0	0.0	0.0	0.0	0.0	0.0	0.0	0.0	0.0	0.0	0.0	0.0	0.0	0.0	0.0	0.0	0.0	0.0	0.0	0.0	0.0	0.0	0.0	0.0	0.0	0.0	0.0	0.0	0.0	1.0	0.0	0.0	0.000133998	-2.0233000000000008e-05	4.093742890000003e-10	1.7955464004e-08	0.0103837	0.028637100000000006	0.0008200834964100003	0.00010782122569000002	-0.00887309	0.0012711100000000006	7.87317261481e-05	1.6157206321000015e-06	-0.000484265	-0.00048222773	2.34512590225e-07	2.325435835809529e-07	-4.78411e-05	-0.0002467311	2.28877084921e-09	6.087623570720996e-08	4.20674e-05	0.0	1.7696661427599997e-09	0.0	0.0	0.0	0.0
515.0152482014064	-0.7562232509151272	0.5718736052246435	265240.70587995625	645.236233386784	-0.7195859793339423	0.5178039816539889	416329.7968751643	457.0880765789362	-0.29799581434428996	0.08880150536671656	208929.50975063143	456.91475844549865	605.5269104741121	1.001153	28.747364	0.07442751399999999	0.0428954	0.0	0.0	0.0	0.0	0.0	0.0	0.0	0.0	0.0	0.0	0.0	0.0	0.0	0.0	0.0	0.0	0.0	0.0	0.0	0.0	0.0	0.0	0.0	0.0	0.0	0.0	0.0	0.0	0.0	0.0	0.0	0.0	0.0	0.0	0.0	0.0	0.0	0.0	0.0	0.0	0.0	0.0	0.0	0.0	0.0	0.0	0.0	0.0	0.0	0.0	0.0	0.0	0.0	0.0	0.0	0.0	0.0	0.0	0.0	0.0	0.0	0.0	0.0	0.0	0.0	0.0	0.0	0.0	0.0	0.0	0.0	0.0	0.0	0.0	0.0	0.0	0.0	0.0	0.0	0.0	0.0	0.0	0.0	0.0	0.0	0.0	0.0	0.0	0.0	0.0	0.0	0.0	0.0	0.0	0.0	0.0	0.0	0.0	0.0	0.0	0.0	0.0	0.0	0.0	0.0	0.0	0.0	0.0	0.0	0.0	0.0	0.0	0.0	0.0	0.0	0.0	0.0	0.0	0.0	0.0	1.0	0.0	0.000138037	4.039000000000007e-06	1.631352100000005e-11	1.9054213369e-08	-0.00613867	-0.01652237	0.00027298871041690005	3.7683269368899986e-05	-0.028516000000000007	-0.019642910000000003	0.0008131622560000001	0.00038584391326810017	0.000164566	0.000648831	2.7081968356e-08	4.20981666561e-07	-0.000164174	-0.0001163329	2.6953102275999997e-08	1.3533343622410002e-08	4.20674e-05	0.0	1.7696661427599997e-09	0.0	0.0	0.0	0.0
511.72413215846365	-3.291116042942747	10.831444808115123	261861.5874333328	642.903734522634	-2.3324988641500117	5.440550951261092	413325.21186314936	454.5357554616647	-2.552321117271504	6.514343085670058	206602.75299310626	454.48846075489763	594.186926298258	1.084737	31.147438	0.052005887	0.025139	0.0	0.0	0.0	0.0	0.0	0.0	0.0	0.0	0.0	0.0	0.0	0.0	0.0	0.0	0.0	0.0	0.0	0.0	0.0	0.0	0.0	0.0	0.0	0.0	0.0	0.0	0.0	0.0	0.0	0.0	0.0	0.0	0.0	0.0	0.0	0.0	0.0	0.0	0.0	0.0	0.0	0.0	0.0	0.0	0.0	0.0	0.0	0.0	0.0	0.0	0.0	0.0	0.0	0.0	0.0	0.0	0.0	0.0	0.0	0.0	0.0	0.0	0.0	0.0	0.0	0.0	0.0	0.0	0.0	0.0	0.0	0.0	0.0	0.0	0.0	0.0	0.0	0.0	0.0	0.0	0.0	0.0	0.0	0.0	0.0	0.0	0.0	0.0	0.0	0.0	0.0	0.0	0.0	0.0	0.0	0.0	0.0	0.0	0.0	0.0	0.0	0.0	0.0	0.0	0.0	0.0	0.0	0.0	0.0	0.0	0.0	0.0	0.0	0.0	0.0	0.0	0.0	0.0	0.0	0.0	0.0	1.0	-0.004566	-0.004704037	2.2127964097369e-05	2.0848356e-05	0.00542685	0.01156552	0.00013376125287039998	2.9450700922500007e-05	-0.017614999999999995	0.010901000000000008	0.00031028822499999984	0.00011883180100000018	0.00051141	0.000346844	2.615401881e-07	1.2030076033599999e-07	-1.4311400000000003e-05	0.0001498626	2.0481616996000005e-10	2.245879887876e-08	4.20674e-05	0.0	1.7696661427599997e-09	0.0	0.0	0.0	0.0
489.9496676260133	-21.774464532450338	474.12730567493765	240050.6768068409	618.0917143759367	-24.81202014669725	615.6363437601102	382037.3673801845	436.726304497071	-17.80945096459368	317.1765436602668	190729.8650396684	436.6416938166303	557.6760598422442	2.140996	61.47715	0.050667626999999986	0.0267257	-0.0032497745	-0.0368752664	-0.0748361172	-0.0262810672	-0.0164606202	0.048096065800000004	0.34689372399999996	-0.015277729399999999	0.0699235926	-0.0077682718000000005	0.074717669	-0.1272509463	-0.011359038	0.034552688	-0.1971225	-0.0143671574	-0.0494116038	0.005913954399999999	-0.000630942	0.0053622070999999995	-0.16427963880000002	0.09947129800000001	-0.17057342949999998	0.1918117196	-0.0626182378	0.10694343390000001	0.0680359322	-0.0911021459	0.0373695603	-0.0055696451	0.0154053234	-0.0207661081	0.1733619108	-0.063138521	0.0797138171	-0.1597672627	0.021730479	-0.058561274299999994	0.0341341226	0.1561230614	-0.0047552353000000006	-0.050303252400000005	0.0267308975	-0.0751003036	0.1161569697	-0.1222159353	-0.08712479349999999	0.0431910477	0.11599985939999999	-0.1394697665	-0.0620984715	0.0476154013	0.022479835099999998	0.016937459499999998	0.049514733600000006	-0.07655016049999999	-0.0076352448	0.0680012582	0.023133026	-0.1145945223	-0.0213039358	-0.0166602254	0.0727997142	-0.0139980023	0.0675419258	-0.0127182249	0.0498734303	0.028509465299999998	-0.1327990584	0.09549230660000001	-0.10061224070000001	0.182275677	-0.0620981204	0.1968376943	0.0064136270999999995	-0.1404374441	0.0311420754	-0.0035979994	0.0071470436	-0.10976880050000001	0.0950171367	-0.025648820099999997	0.110992265	-0.0743554995	0.0135989004	-0.08195154019999999	0.1016122083	-0.17521615559999998	0.0951411308	0.1178686818	-0.11685676460000001	0.0002156923	0.0925337197	-0.050044048499999993	-0.0436297855	0.0786822132	-0.11649935439999999	-0.0605329115	0.0860349443	0.0039615866	0.0137976981	0.0369381831	-0.0041823117	-0.0298602712	-0.0431942253	0.10660479140000001	0.0072841277	-0.1034474037	-0.1213223618	0.1556773819	0.0275048333	0.11145033789999999	0.1114344244	0.11140790369999999	0.1113707782	0.0	0.0	0.0	0.0	0.0	0.0	0.0	0.000117755	0.004683755	2.1937560900024994e-05	1.3866240025e-08	0.0005586780000000001	-0.0048681720000000005	2.3699098621584004e-05	3.1212110768400013e-07	-0.011207600000000002	0.006407399999999994	0.00012561029776000005	4.105477475999992e-05	0.00054397	3.2559999999999946e-05	2.9590336089999994e-07	1.0601535999999965e-09	-0.000437175	-0.0004228636	1.91121980625e-07	1.7881362420496e-07	-0.000196675	-0.0002387424	3.8681055625e-08	5.6997933557759986e-08	1.0	0.0	0.0
493.5672593862412	3.6175917602278673	13.08697014366856	243608.63953804513	628.771626045265	10.679911669328249	114.06051326465371	395353.7577196065	438.1876839463186	1.4613794492476018	2.135629894683224	192008.44636223878	438.2393014215529	558.750975966095	1.209913	34.741776	0.13204876699999998	0.0730423	0.018730693	0.047823467	-0.1043763318	-0.0698482012	0.0077806626	0.09520738529999999	0.1494171966	0.026046699399999998	0.0193388815	-0.0879300911	-0.0754784722	0.0741572118	-0.0940205432	0.1005837292	-0.05750451	-0.0384742476	-0.0922413312	-0.1222375293	0.0487886967	-0.08476672589999999	0.0306699363	0.0552531676	-0.21107121739999998	0.0881786898	-0.0213328121	0.09590474730000001	-0.0060881899	-0.0070136873	0.1406114365	-0.17437913359999999	-0.0451516749	0.0196751828	0.2866418934	0.0444977125	0.0635479563	-0.1462861127	-0.1250635005	0.009388136600000001	-0.0561550348	0.0436498536	-0.0539138053	-0.08731647890000001	0.010318761	0.09590853099999999	0.1387014259	-0.09889932970000001	-0.028771953500000006	-0.19965697699999999	0.030838464	-0.1039943842	0.09076960630000001	-0.0245059253	0.020712794	0.009215679899999999	-0.06856886549999999	-0.0752127561	0.0011315958	-0.0563407657	0.036092196	-0.0394310456	0.0658248936	-0.1224711898	0.0112450373	-0.0384751088	0.10188993910000001	-0.11952143039999999	-0.0357958889	0.09176449369999999	0.0777274576	0.07362208940000001	-0.1470672766	0.0553036404	-0.0023537486	0.128481696	0.0611495587	-0.1511631824	-0.1263025047	-0.1411972505	0.0154901174	-0.15937794730000002	0.17716360949999999	-0.010143671600000001	0.1765613064	-0.0796268121	0.1196299497	-0.0919379491	0.0016780316	0.0285820163	0.0742567443	0.1045432224	-0.0318110514	0.11856984029999999	0.0175104317	-0.028511536	0.1019247221	0.0087395336	-0.0194285197	-0.0284732888	0.2346899063	-0.0805002516	0.08605982359999999	-0.0065076783	-0.0762642229	0.0115422799	-0.0416139614	0.0934194338	0.0723085435	0.0571380973	0.0274932495	-0.0011008152	0.09018026230000001	0.11140790369999999	0.11126472820000001	0.1110262386	0.1106926392	0.0	0.0	0.0	0.0	0.0	0.0	0.0	0.00582055	0.005702795	3.2521870812025003e-05	3.38788023025e-05	0.0441874	0.043628722	0.001903465383353284	0.00195252631876	-0.0556265	-0.044418900000000004	0.0030943075022499995	0.00197303867721	0.00114156	0.0005975900000000001	1.3031592336e-06	3.5711380810000007e-07	-0.000489253	-5.2078000000000046e-05	2.39368498009e-07	2.7121180840000056e-09	-0.000312974	-0.000116299	9.7952724676e-08	1.3525457400999996e-08	0.0	0.0	0.0
495.27729288090484	1.7100334946636622	2.9242145528716166	245299.5968434376	636.5002503083341	7.72862426306915	59.731632999701176	405132.56864257203	438.3187965792935	0.1311126329749186	0.01719052252561571	192123.36743472013	438.4097630603871	564.6835821436313	1.123103	32.249073	0.09096455	0.0426847	0.0452867359	0.07472262910000001	0.0258741624	-0.0558278953	0.0638879229	0.067689225	0.0165863421	0.0426061816	0.0546558312	0.10285669929999999	0.07027200730000001	0.0030604290999999995	-0.0417738333	0.1316168365	0.048721567300000004	-0.0388818269	-0.076607492	0.0017561411	0.0830898132	-0.0016061511	0.09074285779999999	0.0316879491	-0.1388168556	0.09996848800000001	-0.0466581349	-0.1131380349	-0.0448951013	-0.0482695329	0.0054940643	-0.022670510499999998	0.055954140599999994	0.07923965570000001	0.13479686289999998	-0.0812454326	0.0050246336	-0.046395798499999995	-0.2165177729	0.0416223146	0.0209995104	-0.0511230133	0.0678309864	-0.0279310758	0.0670172033	0.0733548841	-0.1179872952	-0.0211264117	0.0295718946	0.0910539414	-0.0397383858	0.0697588846	-0.0946548781	0.0519455488	-0.1074523423	-0.0073542908999999984	-0.0256362452	0.060993066799999995	0.0390370615	0.18807433920000002	-0.0834214995	0.143544342	0.059122508	0.000368768	0.011344283899999998	-0.0388022942	0.055213457300000005	0.0023623171	-0.1164032398	-0.026742624700000002	0.0892069557	0.0856549076	-0.14132137039999998	0.1469005176	0.0220257902	-0.0313381377	0.046538712	0.0272923579	0.0213690196	0.006944245	0.0371627125	-0.0177419723	0.1491648891	0.1148370415	0.09539710679999999	0.023142147400000004	0.1272726775	-0.059630845	-0.0373805452	0.0676264983	0.0860333695	-0.0490931895	-0.0672143368	0.0463648065	-0.0875854734	-0.0545390741	-0.03739435	-0.0532055286	-0.0059896724	0.0570688455	-0.1308226179	0.0107794243	-0.0337864475	-0.0715878049	0.024270628500000002	0.169101256	-0.0674191712	-0.2184554255	-0.049366161299999996	0.08121900480000001	-0.052778291799999995	8.23175e-05	-0.0807677191	0.1113230515	0.1109255941	0.1102642158	0.10934049039999999	0.0	0.0	0.0	0.0	0.0	0.0	0.0	0.0108314	0.00501085	2.51086177225e-05	0.00011731922595999998	0.0198703	-0.024317099999999998	0.0005913213524100001	0.00039482882209	-0.08050310000000001	-0.024876600000000013	0.0064807491096100026	0.0006188452275600006	0.000794407	-0.00034715300000000006	6.31082481649e-07	1.20515205409e-07	-0.000164175	0.00032507799999999997	2.6953430625e-08	1.05675706084e-07	-0.000250005	6.296900000000001e-05	6.250250002499999e-08	3.9650949610000016e-09	0.0	0.0	0.0
495.831148005651	0.5538551247461783	0.3067554992076047	245848.5273326018	639.5351765041073	3.0349261957732097	9.210777013790445	409005.2419861397	438.74133468075246	0.4225381014589402	0.17853844718452566	192493.95875744804	438.87077475167814	568.2695164915315	1.02138	29.328188	0.04919295999999999	0.0246395	0.0545331551	0.0349306312	0.0703376083	-0.038138203100000004	0.0654649719	-0.0484341582	-0.0470734455	0.0328324153	-0.0084187167	-0.0690629338	-0.027266821299999997	0.11244517650000001	-0.1019877448	-0.0030599590999999997	0.0675321391	-0.046010034500000005	-0.0888732634	-0.0115950697	0.10033051330000001	0.0456769858	0.082706599	0.023715435299999997	0.0198428443	0.0731618411	-0.043857229000000005	-0.1344865896	-0.0158577476	-0.0447757233	0.0378480417	0.2021521513	-0.07084151129999999	0.007144419	0.051083758	-0.08834019230000001	-0.04637118900000002	-0.1224697461	-0.14986884279999999	0.0332505737	0.0012247223	-0.0304484513	0.0897439637	0.0190519517	-0.08952997800000001	-0.100621994	0.033220462400000005	-0.0042765638	0.06608130570000001	0.009879835699999999	-0.0522887626	0.1147810042	-0.107932399	-0.0113318024	-0.0490371938	0.10512699539999999	-0.0716949839	0.0015694443	0.029094434900000007	-0.033180303599999995	0.113757771	0.0140501581	-0.0390628176	-0.0245906201	0.0936990134	-0.0457661803	0.054654097699999994	0.0289576394	-0.1492562624	-0.0566701204	0.088757095	0.0574072867	0.0367682837	0.11890970320000001	-0.0171841107	-0.0504612336	0.0095889378	0.0291455025	0.019021099399999998	0.168736692	-0.1634118842	-0.0637947311	0.098689575	0.0651966409	-0.0232618558	-0.0468799161	0.14751458380000002	-0.0550930838	0.0184135496	-0.0113659518	0.0792352947	-0.0576945711	-0.009197051099999999	-0.0840950434	0.0831265556	0.0481524433	0.027425912	-0.095046238	0.0306339823	0.0492191009	-0.0275457102	0.0811467577	-0.079658253	-0.0328632836	-0.0003751347	0.0866477675	0.07193580849999999	0.0438262289	0.1045470235	-0.0715670251	-0.0483370516	-0.028133227200000003	0.117414991	0.11119581369999999	0.11041753859999999	0.1091244461	0.107322565	0.0	0.0	0.0	0.0	0.0	0.0	0.0	0.00637128	-0.00446012	1.98926704144e-05	4.05932088384e-05	0.00811571	-0.01175459	0.0001381703860681	6.58647488041e-05	-0.0996971	-0.019193999999999992	0.00993951174841	0.0003684096359999996	0.000870715	7.630799999999997e-05	7.581446112249998e-07	5.822910863999996e-09	-5.8093e-05	0.000106082	3.3747966490000004e-09	1.1253390723999999e-08	-0.00015671	9.329499999999997e-05	2.4558024100000003e-08	8.703957024999993e-09	0.0	0.0	0.0
495.4194066698194	-0.4117413358316071	0.16953092763239627	245440.3885050759	643.3023075950196	3.7671310909122435	14.191276656117672	413837.8589570771	439.4416951123287	0.7003604315762573	0.4905047341176814	193109.00340319687	439.5949387885677	569.1851053814243	1.028268	29.52597	0.03033131	0.0180754	0.0272330109	-0.034034358199999996	0.1112141868	0.0248683245	0.0204522436	-0.09721498220000001	-0.0700624289	-0.0533166893	0.0615585494	0.0583443455	0.1217240208	0.0122093106	-0.08204336179999999	-0.049000156600000004	0.0166250453	-0.056315532599999996	-0.0510574015	0.06885608900000001	0.07502881410000001	0.044720429699999995	0.020729333500000002	0.06823606360000001	0.0159243653	0.0590600242	0.0492860959	-0.1673504558	0.17162115530000002	-0.1133742606	-0.1197924583	-0.0202721951	-0.0504560796	0.0011224824	-0.09812951710000001	0.0030464699	-0.0192776779	0.0510624555	-0.0015994270999999999	-0.1050528084	-0.0184969231	-0.014519836299999997	-0.0443878051	-0.036547019	-0.0735070786	0.0004516144	0.1410635874	0.2197541525	0.1014735989	-0.0151376657	0.1186882548	0.0924245027	-0.0819475321	0.140244536	0.048306216500000006	0.0538419975	-0.0349074961	0.0908263376	0.0877675884	0.034309976	0.0319866281	-0.1673074159	0.175028314	-0.0728838356	-0.2294811758	-0.0561686511	0.024982075099999997	0.0935658427	-0.10058074560000001	-0.0448575337	0.0084696217	0.0592475071	0.0225971817	0.1360194925	0.0401225217	-0.11193580869999999	-0.095855766	-0.0683920056	0.1066848366	-0.0301731933	-0.0140584731	0.026226121499999998	-0.12627522789999998	0.0070551183	-0.0879396036	-0.0292756225	-0.028356319900000006	-0.0665741063	-0.0273171896	0.0254248098	-0.0921446648	0.1218311577	0.030169197999999998	0.09217998320000001	0.1143335397	0.2141069753	0.0671901698	-0.0761328173	-0.0589798266	-0.09101455359999999	-0.026122387	0.1025718359	-0.1250648132	-0.0270708785	0.0481742971	0.0923003963	-0.0057798139	-0.0772936365	0.0342929179	-0.1537674447	0.1280655489	0.0863299476	-0.2629893705	0.1110262386	0.10974133550000001	0.10761083390000001	0.1046511502	0.0	0.0	0.0	0.0	0.0	0.0	0.0	0.00316064	-0.00321064	1.03082092096e-05	9.989645209600003e-06	0.008503959999999998	0.00038824999999999797	1.5073806249999846e-07	7.231733568159998e-05	-0.116128	-0.016430900000000002	0.013485712384	0.00026997447480999994	0.000846602	-2.4112999999999974e-05	7.16734946404e-07	5.814367689999988e-10	3.00152e-05	8.810819999999999e-05	9.0091223104e-10	7.763054907240002e-09	-6.29008e-05	9.38092e-05	3.95651064064e-09	8.800166004640001e-09	0.0	0.0	0.0
495.03831972979447	-0.3810869400248862	0.1452272558575312	245062.93800089826	644.1812458586993	0.8789382636797427	0.772532471360361	414969.477516066	439.63915382457037	0.19745871224165512	0.03898994304013277	193282.58557558426	439.81374657280935	567.6628479401868	1.047182	30.069069	0.143103581	0.08061179999999997	0.008226556	-0.0720417714	0.0599852401	0.0497809004	-0.0455022317	-0.12165087849999999	-0.066406171	-0.0498569126	0.0484455061	0.039315082700000004	-0.0906386718	0.1186070424	0.010875190600000001	0.0404748957	0.0011539779	-0.0593984465	-0.048562580099999995	0.0779112429	0.0433683297	0.0447946358	0.0150829103	0.044206202400000005	-0.112160331	-0.0697559328	0.0615763114	0.0136813548	0.0880599132	0.1523253313	-0.002912198	0.18141476809999998	-0.0201565813	0.0323242333	-0.0552456891	0.18447863829999997	-0.0161585379	0.0336893265	0.0737787259	0.0953334967	0.1258804792	0.09830263300000001	0.1412345474	0.21284372170000002	-0.09016123300000001	0.0347917621	-0.026390409700000002	0.1166829277	0.0824327455	0.1104230568	-0.0630002932	0.0171068817	0.024011626	0.0985921673	-0.026242074599999998	-0.0724242116	-0.005352520600000001	-0.020566252	-0.027952371400000002	0.1523638578	-0.10707500699999999	-0.0333201849	0.0473664568	0.0982578279	0.19812246260000002	-0.05971463940000001	0.0363287939	0.1091619309	-0.0481918908	0.0073164439000000005	-0.047948869000000005	0.073592014	-0.0756213416	-0.0977036505	0.0783967591	0.0178391457	-0.1928841982	0.0269565972	-0.06385289849999999	0.0848035822	-0.0992331561	0.0645807672	-0.0128611818	-0.2152200639	0.0001541971	0.022964068900000002	0.045509725599999995	0.10843324230000001	-0.010965439399999999	-0.1077828018	0.066526148	-0.1557651468	0.12773867560000002	0.0481755112	0.0077868601	0.1686728727	-0.10704100789999996	-0.0570948786	0.0936009274	-0.0018888189	-0.1282368034	-0.0377975744	-0.0262703442	-0.0514528951	0.023975353300000002	-0.078264738	-0.0787284529	-0.0269162127	-0.132384907	-0.09992842560000001	-0.0385735019	0.0805321451	0.0569845791	0.1108143908	0.10889801439999999	0.10572856480000001	0.1013425123	0.0	0.0	0.0	0.0	0.0	0.0	0.0	0.00013803899999999998	-0.0030226009999999998	9.136116805201e-06	1.9054765520999995e-08	-0.0258262	-0.03433016	0.0011785598856255998	0.00066699260644	-0.0800607	0.036067300000000004	0.00640971568449	0.0013008501292899998	-0.000247911	-0.001094513	6.145986392099997e-08	1.1979587071690005e-06	-0.000164174	-0.00019418919999999998	2.6953102275999997e-08	3.770944539664e-08	4.20674e-05	0.0001049682	1.7696661427599997e-09	1.101832301124e-08	0.0	0.0	0.0
494.4073735657951	-0.630946163999397	0.3980930618655539	244438.6510362277	641.6269156880459	-2.5543301706534294	6.524602620710378	411685.0989353547	439.6998364338682	0.0606826092978281	0.003682379071192853	193335.94615997048	439.7618953902771	563.8575500093008	1.042719	29.94092	0.13670212600000006	0.07713989999999997	-0.025222566800000002	-0.1147689263	0.006330806800000001	0.0875197194	-0.09467770800000001	-0.066514274	-0.0187295762	-0.1299389076	-0.0835790572	0.0536163706	0.059588418399999996	-0.035374538	0.053681647699999994	0.0014924959	0.12022549449999999	-0.0577705113	-0.06922215309999999	0.0719458162	0.0045794538	-0.0041392546	-0.09304477039999999	0.08657573660000001	-0.0669183943	-0.1037782979	-0.16429286140000002	0.0082863933	0.0786201327	0.08751046970000001	-0.1054703192	-0.0263040569	-0.05025244139999999	-0.0532878309	-0.0781446202	0.0175436601	-0.0078669881	0.10065540070000001	0.0668995352	0.0826344148	0.0737170527	-0.0305761706	-0.1213855868	0.0308420158	-0.0706330688	-0.1260475518	0.0141948142	-0.06964763639999999	-0.0462286904	-0.1043960666	-0.09788889880000001	0.0760374183	-0.0582499441	-0.0181410456	-0.0692496724	0.09561577119999999	0.036565357400000005	-0.004055733	-0.0371897305	-0.024339915099999998	0.0215558555	-0.0525918106	-0.021822679900000003	0.0575293044	-0.0414558087	-0.0581394837	0.073317888	0.0744689823	0.028867853199999998	0.0501818238	-0.1106233981	0.06378340099999999	-0.0991755315	-0.0658862943	-0.1449065808	-0.0642903665	-0.0806760515	0.0095046753	-0.030116861800000002	-0.0791126638	-0.0230475412	-0.0482565284	-0.06307805150000001	-0.0691134416	-0.07983318219999999	0.13770125589999999	-0.0304834282	0.0597826942	0.0636196616	-0.018001116799999998	-0.0384693273	0.024662261	0.0868793516	-0.1332816204	0.0741285756	-0.0451295083	0.11345521830000001	-0.0980380108	-0.0733276177	0.1109692653	-0.049994997400000005	-0.028527228999999998	-0.0323357643	0.09207756480000001	-0.0810706647	0.0302294414	0.077418129	0.011754290700000001	0.0102257561	-0.0474879521	-0.0124638282	0.0474528364	-0.042888309000000006	0.110560351	0.10788885960000001	0.10348408699999999	0.0974167978	0.0	0.0	0.0	0.0	0.0	0.0	0.0	0.009170780000000002	0.009032741000000002	8.159040997308103e-05	8.410320580840003e-05	0.0204391	0.0462653	0.00214047798409	0.00041775680880999985	-0.125623	-0.04556230000000002	0.015781138129000002	0.002075923181290001	0.000389252	0.0006371629999999999	1.5151711950399998e-07	4.0597668856899993e-07	-8.450129999999999e-05	7.967270000000001e-05	7.1404697016899976e-09	6.347739125290002e-09	4.20674e-05	0.0	1.7696661427599997e-09	0.0	0.0	0.0	0.0
493.8613348985495	-0.5460386672456252	0.29815822612737863	243899.01810777732	639.3626666916963	-2.264248996349579	5.1268235174700765	408784.6195591171	438.8018911682376	-0.8979452656305966	0.8063057000684027	192547.09969282182	438.9165622199848	563.9014503796745	0.971237	27.888371000000006	0.074688205	0.0406788	-0.0353362259	-0.1310251271	-0.0238166786	0.0786996538	-0.14069673230000002	-0.0300628852	0.009752655	-0.0466739491	0.0641285633	0.081894088	-0.018729621499999998	-0.012859248899999998	0.0577111667	-0.0850560152	0.1112354701	-0.04301693980000002	-0.0566844335	0.0850768636	-0.0311515869	0.1103918877	-0.0665776024	0.0726692837	0.0725027116	-0.1536480687	0.0239165902	0.0610118154	0.08016996280000001	0.0787881963	0.0194433818	0.1420916671	0.0618119233	0.0747906782	-0.0287838328	-0.0072143862	0.0817545699	0.0342887143	-0.0040386001	-0.019237989599999998	0.0163767984	-0.1406532659	-0.0302126139	-0.024022122400000002	0.09638152119999999	-0.1307190911	0.024728065299999998	0.0473932568	-0.0830355399	-0.059133358	0.014501361899999999	0.0228323214	-0.1106005336	-0.2200983265	-0.0744169444	0.0338432235	0.0769653859	-0.0766020615	-0.021308053599999998	-0.1398724408	-0.0043405845	-0.1163706316	0.0096604382	0.0089369052	0.0435643266	-0.0433147879	0.0666407794	0.07670348519999999	0.037849472	-0.0526201286	-0.1405719165	0.0765974575	0.0769453666	-0.1639282797	-0.022588251099999998	-0.0331010912	-0.1293850408	0.0220739822	0.008439631500000001	0.1213710284	-0.022542316200000002	0.0599121829	0.0342096043	0.048137669	0.08469599929999999	0.049356835599999996	-0.0207348286	0.0330068713	0.0006686828	0.0474426125	-0.1402813381	-0.0040704185999999995	-0.0895795055	-0.054062411	0.015592640900000001	0.0235007177	0.05406253	0.041953169400000004	-0.0704962799	0.0898538998	-0.042339687599999995	0.1120632701	0.0765400954	0.1843081791	-0.0404111371	0.040176716099999996	0.1469471517	0.1392162444	0.012121535	-0.06312587389999999	0.0996773782	-0.003373518	0.0934731601	0.1102642158	0.1067154078	0.10088508970000001	0.0928979103	0.0	0.0	0.0	0.0	0.0	0.0	0.0	0.020277700000000003	0.01110692	0.0001233636718864	0.00041118511729000014	-0.0155085	-0.0359476	0.0012922299457599998	0.00024051357225000005	-0.111476	0.014147000000000009	0.012426898576000002	0.0002001376090000002	0.000579313	0.00019006100000000005	3.356035519690001e-07	3.6123183721000024e-08	-0.000164174	-7.967270000000001e-05	2.6953102275999997e-08	6.347739125290002e-09	4.20674e-05	0.0	1.7696661427599997e-09	0.0	0.0	0.0	0.0
492.7115811506256	-1.14975374792391	1.321933680865078	242764.7021999495	641.6713127271901	2.30864603549378	5.329846517201148	411742.07357703533	438.19383989193716	-0.6080512763004435	0.3697263546105983	192013.84131924066	438.26612079728585	556.0608165771441	0.993839	28.537361	0.04054038999999999	0.030159	-0.08874471029999999	-0.13280692730000002	-0.039234839300000005	0.1005546312	-0.1069321043	0.013345313000000001	-0.0105809353	-0.0483918679	0.0135700009	0.1715380168	0.0471763861	-0.0801571327	-0.0828147952	-0.0751616624	0.0531000067	-0.0294632383	-0.06303917490000001	0.10222607140000001	-0.08898955759999999	0.10597001310000001	0.0157330585	0.1068161592	0.0274467473	-0.025343361499999998	-0.0535996225	0.0588669169	0.1305591475	0.1053373206	-0.1086147917	0.0434261623	-0.046780859699999996	-0.1000448124	-0.0564778073	-0.082541542	-0.051950985400000003	0.17006195920000006	0.0582125876	-0.052597959400000005	-0.2120993552	0.0465130067	-0.0916996672	0.09385019439999999	0.0589810408	0.01467187	-0.1294024434	0.0024799165	-0.0656575866	-0.0708630638	0.10954258119999999	0.054504431900000004	-0.0115402689	-0.0683764871	0.0854530644	-0.0204208689	-0.0371054007	-0.046017906100000006	-0.051325490099999996	-0.17235748620000002	-0.0009158888000000001	0.0176397605	0.0023315429	-0.0794724718	-0.029338517799999998	-0.0298861641	0.07577480589999999	0.0744506231	0.07990967480000001	-0.0917719782	-0.0592168411	0.1151162459	0.0147542171	-0.0603604756	-0.07634704219999999	0.0180248858	-0.1539309478	0.0626948719	0.06553453599999999	-0.021035617200000002	0.028994393900000002	-0.10705044289999999	-0.1221813219	0.0185966057	-0.1235739675	0.0926636684	-0.1335599213	-0.17157747210000002	-0.0029133742	0.0800597488	-0.16169211460000002	-0.0381653167	0.1164342222	0.0369903825	-0.0562126701	-0.0749187773	-0.0730935334	0.09464213980000001	-0.0359503402	-0.0321577509	0.0053056634	0.0653990344	0.0154011557	-0.012702298400000001	-0.101088685	-0.052528613200000004	0.0699059339	0.1147298249	0.09335809519999999	0.10174133199999999	0.08202197580000001	0.0364751786	0.053480636500000005	0.1099260982	0.1053794461	0.0979404768	0.0878133654	0.0	0.0	0.0	0.0	0.0	0.0	0.0	0.0196557	-0.000622000000000001	3.868840000000013e-07	0.0003863465424900001	-0.00467556	0.010832940000000004	0.00011735258904360005	2.18608613136e-05	-0.139724	-0.02824799999999998	0.019522796176	0.0007979495039999988	0.000562564	-1.674900000000004e-05	3.16478254096e-07	2.8052900100000134e-10	-0.000164174	0.0	2.6953102275999997e-08	0.0	4.20674e-05	0.0	1.7696661427599997e-09	0.0	0.0	0.0	0.0
493.6634500700631	0.9518689194375156	0.9060544397911436	243703.6019350777	639.3708997648132	-2.300412962376868	5.291899797471516	408795.1474660668	437.6576900604618	-0.5361498314753703	0.287456641791068	191544.25366905922	437.70544921708085	551.665193476892	1.05013	30.153713	0.060476874999999986	0.0340293	-0.09276163949999999	-0.0827703925	-0.1049038623	0.0424078802	-0.1171405408	0.0363662481	-0.0090455555	0.1419769987	-0.054059958600000006	-0.006546449	-0.051884450199999994	0.07076115870000001	0.0680980106	-0.1888537813	-0.0732637	-0.0191119667	-0.050210843399999996	0.0673614844	-0.1242554211	0.0376004479	0.11800047109999999	0.0708447821	0.0589994686	-0.06297152290000001	-0.0161763561	-0.10102370039999999	-0.08741839789999999	0.024760994900000003	-0.1092847591	0.0444722626	0.0182865673	-0.1390541558	0.039852145299999996	-0.0218243254	0.0678944946	0.0556201282	-0.0269694345	0.036596443	0.0484714438	-0.0891448877	-0.10942227869999999	0.058964810599999994	0.044143005199999995	0.0176785945	0.0086114476	-0.0764214993	-0.0417151944	0.0736061779	-0.0024265909	-0.0512795747	0.109004351	0.0454981994	0.0274597666	0.1147071633	-0.12080105140000001	-0.0312437015	-0.004527336	0.1264083137	-0.12918873109999998	0.1295437197	-0.0095864409	-0.0175976913	-0.12173043539999999	-0.019653092900000002	0.06632460650000001	0.0342298095	0.1074464824	-0.0815699131	0.0652864854	0.08914079109999999	0.011705488899999998	-0.041571448	0.027129705299999998	-0.135031802	0.038542127999999995	0.1575195458	0.0753434496	0.0167472517	0.0194249191	-0.120253048	0.018543778700000003	0.0302834934	0.0067876704	0.12944503300000001	-0.0298794688	0.1163144663	0.037579697	0.0214059542	-0.0652244952	0.0116119927	-0.0394759327	0.0391646634	0.10922756130000001	-0.0859519595	-0.0034977694	0.0503044853	0.0705254292	-0.0266377836	0.027282281800000002	-0.12449493210000001	-0.0494229446	-0.0781461535	-0.12598566890000001	0.0353162791	-0.08471863980000001	-0.13169987789999998	-0.0638972997	0.12469817289999999	-0.0740280911	0.0618422258	-0.0029213823	0.1095461267	0.1038830089	0.0946603359	0.0821941232	0.0	0.0	0.0	0.0	0.0	0.0	0.0	0.0271071	0.007451399999999997	5.5523361959999954e-05	0.0007347948704099999	-0.0192863	-0.01461074	0.0002134737233476	0.00037196136769	-0.112714	0.027009999999999982	0.012704445796000002	0.0007295400999999987	0.000389375	-0.00017318899999999994	1.51612890625e-07	2.999442972099999e-08	-0.000164174	0.0	2.6953102275999997e-08	0.0	9.69731e-05	5.490570000000001e-05	9.40378212361e-09	3.0146358924900005e-09	0.0	0.0	0.0
495.6892797859655	2.0258297159023755	4.103986037833098	245707.8620947292	640.466898769265	1.0959990044517554	1.2012138177592389	410197.8484191199	438.1123591951496	0.4546691346878333	0.20672402203778312	191942.4392795398	438.1431348863066	563.2620121030429	1.109181	31.849319	0.046207305	0.0267692	-0.0006807578	-0.003167707	-0.1488471782	-0.017772462	-0.0839189117	0.13445178259999999	-0.050449438	0.0199678902	-0.11694339320000001	0.021403169399999998	0.06625172309999999	-0.026540064300000003	-0.025761685899999998	-0.0101038251	-0.054131419800000004	-0.0205206863	-0.0748395633	-0.0994460675	-0.0514312299	-0.0579828545	0.07078772309999999	0.12093011869999999	0.014550586	0.051128949699999995	0.0512149685	-0.013238949199999999	-0.026238399500000002	-0.0074113094	0.0793866272	-0.0450059966	-0.0497152978	0.1003815039	-0.055060849	-0.0490075755	0.0741425281	-0.061728178099999996	0.0346291638	5.810090000000001e-05	-0.0830658794	0.0702483641	0.060781963700000004	0.051860110099999995	0.083567871	0.0324732714	-0.10156980939999999	0.045873704	0.0338666063	-0.0273135252	-0.1013450216	0.0189844433	0.1031677715	-0.15712604689999998	0.004517556	0.1168562142	0.12300308689999999	-0.0098513708	-0.0452005026	-0.1912128234	0.0869948435	0.1138514086	-0.07362499	-0.0156762483	0.1047498033	-0.020518201	0.0929639899	-0.1171032463	0.0388030631	0.0314677665	0.0786471085	0.104780031	0.036130871099999996	0.05561202269999999	0.0466063732	-0.021093993300000002	0.0257238165	-0.0157317775	-0.056645689900000004	-0.0305994377	-0.0274674046	0.08861088199999999	-0.0368660197	0.020871903799999997	0.0676259078	-0.013718553400000002	-0.0679108858	-0.1521139034	0.0770216955	-0.0092938575	-0.041074134500000005	-0.1360048177	0.0008656227	-0.013621829299999999	-0.1315217891	-0.00958272	-0.0418935947	-0.0162809566	0.166924629	0.00018179919999999997	-0.0005799371	-0.0270419037	-0.0303865662	0.2028091346	-0.0130651597	-0.0371610972	0.11661885150000001	0.0733715689	0.0746505321	0.14178600789999998	0.0798442842	-0.032567391	0.1027010303	0.1091244461	0.1022283749	0.09105590429999999	0.0760743991	0.0	0.0	0.0	0.0	0.0	0.0	0.0	0.0271263	1.9200000000000467e-05	3.6864000000001787e-10	0.0007358361516900001	-0.00457554	0.01471076	0.0002164064597776	2.0935566291600007e-05	-0.13391	-0.021195999999999996	0.0179318881	0.00044927041599999973	0.000324981	-6.439400000000001e-05	1.05612650361e-07	4.146587236000001e-09	-0.000164175	-9.999999999886402e-10	2.6953430625e-08	9.999999999772805e-19	0.000238205	0.0001412319	5.6741622025e-08	1.994644957761e-08	0.0	0.0	0.0
496.0046799991681	0.3154002132026221	0.0994772944882595	246020.64258107715	640.6600297367722	0.19313096750727252	0.037299570610295166	410445.27370232187	438.6776431653525	0.56528397020287	0.3195459669683192	192438.07461310836	438.77491782804464	569.6445175723028	1.0376379999999998	29.795021	0.034023160000000004	0.0186036	0.0396996709	0.028395753500000002	-0.1546531477	0.0186712607	-0.0394880009	0.1368845489	-0.0561512371	0.0750918495	0.0970426567	-0.05957106440000001	-0.0015776751999999998	0.10436675640000001	0.04265046559999999	-0.0007191392999999999	0.0162336224	-0.0282257021	-0.11696664279999999	-0.1106871743	-0.1134601309	-0.0096163407	0.0563604801	0.1622957403	0.1851100775	0.0651316094	0.1345896621	-0.0095728577	-0.0346180415	0.0536516936	0.0139684648	-0.0784496953	0.10281794529999999	-0.1475844958	-0.17582084260000005	-0.0742934262	0.1619088438	0.02160652	-0.1491342035	-0.0117836592	0.23809158019999999	-0.14562883699999998	0.1070089727	-0.1876547544	0.042022545599999996	0.0774625591	-0.168626899	0.0863744419	0.0186785354	0.0648854763	0.11154822630000001	0.0641451071	0.12422316359999999	0.0115941616	0.0707422229	-0.047283448799999996	-0.0987972504	0.0083985357	-0.09281877359999999	-0.041186469100000005	-0.11778953210000001	0.0501127041	0.12904676380000002	-0.033986951200000004	-0.0637172197	-0.028540489300000006	0.13596344230000001	-0.1144325767	0.0703672693	-0.014999845500000001	0.0513141005	0.1195351307	0.1879058371	0.0783637882	0.1253142253	-0.0831375625	-0.021056484500000004	0.0864044563	-0.0080039701	-0.0056223089	0.09637162380000001	0.0273289144	-0.20439226030000002	0.2712635195	0.11961596050000001	0.11602309460000006	0.0672644968	0.22931586899999998	-0.0669660976	-0.0019692196	0.0764781112	0.0022330497	-0.1405056425	-0.0290614964	-0.2374834435	0.0833969653	0.0727992053	0.0609528338	0.0455558344	-0.1110456291	-0.0828585579	-0.0202877176	-0.021496832200000003	-0.1545190676	-0.0860343317	-0.0567657145	-0.0532533746	-0.0762799204	-0.0211460319	0.044055165099999995	0.14773967130000001	0.045766737599999996	-0.023462420299999998	0.1086612169	0.1004180641	0.0871395302	0.0694914565	0.0	0.0	0.0	0.0	0.0	0.0	0.0	0.0271077	-1.860000000000056e-05	3.459600000000208e-10	0.0007348273992899999	-0.017799400000000003	-0.013223860000000004	0.0001748704732996001	0.0003168186403600001	-0.143546	-0.009636000000000006	0.020605454116000003	9.28524960000001e-05	0.000355083	3.0102000000000008e-05	1.26083936889e-07	9.061304040000003e-10	-0.000345017	-0.00018084200000000001	1.1903673028900001e-07	3.2703828963999996e-08	0.000226255	-1.1949999999999992e-05	5.1191325025e-08	1.4280249999999983e-10	0.0	0.0	0.0
496.669463279985	0.6647832808168914	0.4419368104536699	246680.55575482835	642.3187246636866	1.658694926914336	2.7512688605713547	412573.3440535848	439.55677225769233	0.8791290923398378	0.7728679609982672	193210.15603760077	439.7113819635808	571.6086270562688	1.077193	30.930798	0.06582832999999999	0.0339531	0.054738122	0.0754701809	-0.0848687266	-0.0092513527	0.0132843728	0.1440097293	-0.0781757605	-0.118652908	0.0002832178	0.0050290543	0.0675026471	-0.0115692622	-0.039498433199999995	0.12712007220000002	0.1165156831	-0.0408700401	-0.0174188544	-0.1868034474	0.0211001367	0.0321621062	-0.018911318	0.0031684151	0.002471438	-0.027961999700000004	0.0550999425	-0.04765429400000002	0.1338649885	0.20113156989999997	-0.0438700403	0.1451096586	0.0194174739	-0.012557616200000002	-0.09056738789999999	-0.0175601578	-0.1415089656	0.0319656027	-0.0394058248	-0.0392526807	-0.017076666299999998	0.1022291684	0.20191621129999998	0.0129293571	-0.08785759539999999	0.035950544	0.0597934788	-0.09752535529999999	-0.06932941990000001	0.034727347400000004	0.0012114102999999999	0.0303274482	0.1677552274	-0.2049558985	-0.0198786114	-0.1954201892	0.039087839900000004	0.1113938466	0.1641253667	-0.0265537256	-0.0858543909	-0.083081755	-0.0355595226	0.0051614642	-0.1397246586	-0.0410910742	0.0269281027	-0.1631204971	-0.059605280999999996	0.0390138556	-0.0562072862	0.0002913175	0.034754930499999996	-0.05514818230000002	0.0390657227	-0.0186416433	-0.2242851921	0.11755487099999999	-0.0522239833	0.1041544521	-0.0033714631	0.0264757159	-0.0786400486	-0.09179230960000001	-0.1292594225	0.0006156994000000001	0.0737744891	-0.1172830883	-0.0749830224	-0.0494265829	0.1301759214	-0.1021792083	0.0517830952	-0.0616011696	0.0234618592	-0.0319909962	0.1646564026	0.1787717015	0.1354425163	0.0022818803	0.0080360516	0.0104939409	0.1707005847	-0.0320788432	0.1722952096	0.0077669416000000005	0.054752884800000005	-0.0106422432	-0.159802993	0.0438874571	0.07561442269999999	-0.0132879391	-0.1344835299	0.10815661539999999	0.098454833	0.0829246304	0.0624853789	0.0	0.0	0.0	0.0	0.0	0.0	0.0	0.017498	-0.0096097	9.234633408999998e-05	0.000306180004	0.00264593	0.020445330000000005	0.00041801151880890017	7.0009455649e-06	-0.143191	0.0003549999999999942	0.020503662481000003	1.260249999999959e-07	0.000597854	0.000242771	3.57429405316e-07	5.8937758441e-08	-0.0007768579999999997	-0.00043184099999999976	6.035083521639997e-07	1.8648664928099976e-07	0.000260009	3.375400000000001e-05	6.760468008099999e-08	1.1393325160000014e-09	0.0	0.0	0.0
496.8565245340822	0.18706125409721608	0.034991912784423235	246866.40597208703	642.9713688335659	0.6526441698792951	0.4259444124774342	413412.18113970937	439.1295796607656	-0.4271925969267159	0.1824935148689915	192834.7877330407	439.3628936474517	576.7578847036774	1.136192	32.624916	0.10147783	0.0586643	0.062211777300000014	0.0123970514	0.0805625317	-0.026900895600000002	0.056232881	0.0020881178	-0.0867801232	0.0238205319	0.1937689856	0.030754339500000002	-0.0021527452	-0.0753939321	0.0009492808999999999	0.046808980099999994	0.0871665798	-0.0291536602	0.011467916399999998	-0.00026729790000000003	0.083096348	-0.035691269399999996	-0.16520752660000002	-0.049260611399999994	-0.12728963029999998	-0.1467612923	-0.1401304073	-0.0823194018	0.0893337198	-0.09434554880000001	0.0180430238	-0.0902629643	0.0738207977	0.0648321961	0.019387864299999998	0.0203102854	-0.057637191500000004	-0.0832040372	0.0900367577	0.0907177015	-0.20977058829999998	0.121460714	0.0855867291	-0.0035764775	0.0103750024	-0.0208355804	-0.12473287400000001	-0.0784188606	0.0110815919	0.0014966604999999999	-0.0823966713	-0.0120627696	-0.0770383621	0.0557060932	-0.062119892300000014	-0.1636610516	0.046167447699999996	0.015128561399999999	0.040665008100000004	0.05848431730000001	0.0171318737	0.051964792	-0.0324571132	0.0437725682	-0.1256389892	-0.0296484171	-0.0327691762	0.0069402684	-0.0977864393	0.0898381525	-0.13138106119999998	-0.0922746637	-0.17289955420000006	-0.0345796163	-0.12312122810000001	-0.12717487619999998	-0.0085024516	-0.0915769792	0.0272578159	-0.0181204632	0.0890842022	0.020154396	0.0031094686	-0.1530074349	0.0072793859	-0.1622555084	-0.05624262730000002	-0.1551769047	0.0730330405	0.0871975894	0.1578379249	-0.0542716482	0.036558963199999996	-0.0697222334	-0.09137984199999999	-0.1031381319	-0.1131963633	-0.037246167000000004	-0.09023541300000001	0.09526176539999999	-0.0354857778	0.0109087799	0.09257506830000001	-0.0349242938	0.1335498349	0.0096831973	-0.0719535951	-0.0713985977	-0.0008900093	-0.011223118999999998	-0.007809329100000002	-0.10868524619999999	-0.1053408665	0.10761083390000001	0.0963416715	0.0784256445	0.0550988265	0.0	0.0	0.0	0.0	0.0	0.0	0.0	0.0270946	0.009596599999999995	9.209473155999996e-05	0.0007341173491599997	-0.006142	-0.00878793	7.72277136849e-05	3.7724164e-05	-0.0936708	0.0495202	0.008774218772640003	0.00245225020804	0.00015673	-0.00044112400000000004	2.45642929e-08	1.94590383376e-07	-0.00058091	0.0001959479999999997	3.3745642810000004e-07	3.8395618703999886e-08	0.00029439900000000004	3.439000000000003e-05	8.667077120100003e-08	1.1826721000000021e-09	0.0	0.0	0.0
495.4158240691857	-1.4407004648965085	2.075617829553016	245436.8387381504	642.180762980523	-0.7906058530428481	0.6250576148656096	412396.13234224665	437.9696553670098	-1.1599242937558074	1.3454243672449089	191817.41902229734	438.080196103003	573.5845447028489	1.039157	29.838646	0.07161385	0.0524801	0.027378777200000003	-0.028383008199999997	0.0898677714	0.0226110012	0.0050944283	-0.07723433099999999	-0.028522856699999998	-0.059855499999999985	0.0098086619	0.0108755771	-0.08341802150000001	0.12374182480000001	-0.0028648532	0.0784656329	-0.0282228096	-0.0111425065	-0.013662103500000002	0.0673572323	-0.0170072284	0.048752694400000005	-0.075309872	-0.15234452769999998	0.09781064390000001	0.1004936134	0.1345984084	0.140079323	0.0508600164	-0.0069836177	0.0646942945	-0.044532576500000004	-0.1749828396	0.0720219659	0.1236920542	0.0163678123	0.0040414126000000005	0.0905944971	-0.024911355	-0.050307947	-0.0585095178	-0.0339477067	-0.1255504344	0.08685519359999999	-0.0467276884	0.0351409314	-0.051981939299999995	0.1167635375	0.1162260844	0.0033263872999999998	-0.0004056791	-0.07587264099999999	0.1251536735	-0.0423449813	0.0290069506	-0.0148729354	0.049085732400000005	-0.10211411039999999	0.029706813500000002	-0.0354313363	0.0009064679	0.1236387794	0.0059329001	0.056495949000000004	0.08607561820000001	-0.011031241899999999	0.0027506597999999998	0.0841556376	-0.0020928657	-0.09189880289999999	-0.0211941651	-0.1577267554	0.1348169065	0.043040188099999994	0.0426197295	0.1970171487	-0.0231975	-0.1364002816	-0.06548517400000001	-0.0751054139	-0.0990282271	-0.0098518176	0.0821407688	0.047884256900000005	0.0094745264	0.054993204500000004	-0.0436535413	-0.034006194	-0.1123196776	0.0635982365	-0.1388484291	0.0021937484	0.1134983122	0.021246567	-0.0092096029	0.0814178229	-0.0673553363	-0.0068952253	0.1003586524	-0.09388915689999999	0.0214049112	-0.0341058433	0.0744339377	0.062251412	0.0051494767	-0.0433749818	-0.15199075539999998	-0.024986555299999998	-0.0204429364	0.0286258155	0.0329370264	-0.1366670416	0.0961381735	0.1070240801	0.0940817976	0.0736579852	0.047376776100000004	0.0	0.0	0.0	0.0	0.0	0.0	0.0	0.0271058	1.1200000000002873e-05	1.2544000000006435e-10	0.00073472439364	0.0408797	0.0470217	0.0022110402708899997	0.00167114987209	-0.116758	-0.02308719999999997	0.013632430563999995	0.0005330188038399988	0.00015673	0.0	2.45642929e-08	0.0	-0.00058091	0.0	3.3745642810000004e-07	0.0	0.000324274	2.9874999999999957e-05	1.05153627076e-07	8.925156249999972e-10	0.0	0.0	0.0
494.7468287783142	-0.6689952908715213	0.4475546992082714	244774.42458619853	642.3905139834811	0.20975100295811444	0.04399548324193493	412665.5724559611	438.21933451549904	0.2496791484892356	0.062339677190309736	192036.18514320682	438.38474877877337	570.6289920197394	1.0003030000000002	28.722958	0.119535	0.06890239999999999	-0.024033520699999998	-0.0700736415	0.069902335	-0.0243275261	-0.0301327652	-0.0939249541	-0.0202419907	-0.12829258470000002	0.0296207186	0.0201246608	-0.11120111490000001	0.09164611140000001	0.0675718887	0.030615337000000006	-0.1098795895	-0.0082163445	0.0314824594	0.043186034400000003	-0.0167096779	0.0423371901	-0.040071138	-0.1388794724	-0.0963852716	-0.0090911329	0.0060883201	0.11245500039999999	-0.0173863561	-0.0628622567	0.053268261399999996	0.031162910699999997	0.0399148186	-0.0021633043	-0.09007130740000001	-0.024896333700000002	-0.0674894362	0.1744124745	0.1665721267	-0.2151196402	0.0502123936	-0.0480134376	-0.052370115099999996	-0.0068694341	0.10914331529999999	-0.0761209837	-0.0448204225	-0.1056238451	-0.051780605599999995	0.1259706644	0.0694504536	-0.0005973954	-0.09694371269999999	0.11622144390000001	0.1387945099	0.033738577	-0.1137872557	-0.031991173399999996	0.0430701239	0.0673041167	0.0633281941	0.1155861106	-0.1274343311	0.0598267991	-0.08999807439999999	-0.0083726458	-0.036677838399999996	0.0514964309	0.008845462	-0.043881644299999994	-0.0621858484	-0.1085488091	-0.0962651322	-0.0779867924	-0.0057803755000000005	0.1046738484	0.041828163599999996	-0.0449222018	-0.01410532	0.10096358220000001	0.0705032046	0.1108779272	-0.08627379460000001	0.0085773004	-0.1113032841	0.0158633126	-0.1623391327	0.049422685599999995	-0.144244967	-0.11254902630000001	-0.1555219937	0.0322180029	-0.12183358429999999	0.021232617999999998	0.0748358623	-0.137345475	-0.0698671059	0.0430299568	-0.0816284849	-0.046727542000000004	-0.0120883701	0.0497758875	-0.1213989525	-0.1660201408	-0.0182820146	0.0941540977	-0.1400674489	0.0005319854	0.0164046025	0.0591461476	-0.1138104748	-0.2004931565	-0.0481126024	0.1063965774	0.0916786526	0.0686379858	0.0393662476	0.0	0.0	0.0	0.0	0.0	0.0	0.0	0.027108	2.199999999997343e-06	4.839999999988308e-12	0.0007348436639999997	-0.0100107	-0.0508904	0.0025898328121599997	0.00010021411449	-0.0770169	0.03974109999999999	0.0059316028856100005	0.001579355029209999	-0.000172745	-0.000329475	2.9840835025e-08	1.08553775625e-07	-0.00047392	0.00010699	2.246001664e-07	1.1446860100000002e-08	0.000465835	0.000141561	2.17002247225e-07	2.0039516721000004e-08	0.0	0.0	0.0
492.7212172539904	-2.0256115243237787	4.1031020474733015	242774.19793225397	639.7223827367548	-2.668131246726375	7.118924349757641	409244.7269743909	437.06665922307167	-1.152675292427375	1.3286603297725348	191027.26460441665	437.06700670480575	554.475190506797	1.0153299999999998	29.154465	0.059720954999999985	0.0372642	-0.1110775338	-0.0722068067	0.0397977942	0.0307399073	-0.041653735899999995	-0.0719970194	0.0277621588	-0.0432701914	-0.1010519676	0.0788931261	-0.032820212	0.0790903817	0.1393473392	0.0745911458	-0.1276126752	0.0128413762	0.017731633	0.1124348945	-0.0895694552	0.0196303814	-0.0780480858	-0.1206079449	-0.011779274499999999	-0.0098688104	0.034381979900000005	0.054576066900000005	-0.056363678099999995	0.0636318998	0.12527951369999998	-0.0092134511	0.0551670067	-0.0204675695	-0.0821462967	0.0822615274	5.5612e-06	0.0371950474	-0.0152792946	0.091572054	-0.0634333684	-0.0018054129	-0.030286527200000007	-0.0764884114	-0.16975520510000006	-0.0967886758	-0.0920690595	-0.1069013956	0.0838979271	0.0346012321	0.1176758466	-0.0683375749	0.0766886752	0.084316868	-0.0283935905	-0.0421692583	0.068479304	0.2109190638	0.0215668749	-0.0673617104	0.1023298373	0.027678391299999997	-0.09229415640000001	0.0609473625	0.1243662976	0.0132299059	-0.010693223100000001	0.0959230565	0.1029656282	-0.058131686399999986	-0.067351379	-0.1220471221	-0.0069169541	-0.046163366399999996	0.034409163900000005	0.0661707029	0.06676583900000001	-0.0033328939000000003	-0.1341446057	0.0344723579	0.0332410187	0.0368356177	-0.0626408649	-0.0625028712	0.0308067177	-0.0018487617000000002	0.0475465625	0.055890936399999994	0.0163160862	0.0620353198	0.0093263265	0.0443650166	0.08391643509999999	-0.24744994010000002	-0.0169263864	-0.034248921200000004	-0.0390353066	0.011344106000000001	-0.0724270933	-0.1767466763	0.0561303851	-0.057529809	0.0016108166	-0.131127216	0.1414764731	-0.1011179986	0.1490125196	-0.059045695599999996	0.0666160653	0.056294005300000005	-0.0737637533	-0.0206262525	0.027905734100000003	0.10572856480000001	0.0891358961	0.06338284400000001	0.031116017200000002	0.0	0.0	0.0	0.0	0.0	0.0	0.0	0.0271166	8.600000000004437e-06	7.396000000007633e-11	0.0007353099955600001	0.0215896	0.0316003	0.00099857896009	0.0004661108281599999	-0.0917577	-0.014740799999999997	0.00841947550929	0.00021729118463999995	-1.58039e-05	0.0001569411	2.4976325521e-10	2.463050886921e-08	-0.000460923	1.2996999999999998e-05	2.12450011929e-07	1.6892200899999994e-10	0.000563322	9.748700000000001e-05	3.17331675684e-07	9.503715168999999e-09	0.0	0.0	0.0
493.99935337810166	1.2781361241112563	1.6336319517581448	244035.3611379825	640.6838825654286	0.9614998286738228	0.9244819205397904	410475.83737911185	437.36604237735537	0.2993831542837029	0.08963027306885944	191289.05502483065	437.4822542947046	558.2134142025071	0.9596150000000002	27.554636	0.054558475	0.0322014	-0.09840532	-0.0817588816	0.0186091611	0.033314913700000004	-0.10403600460000001	-0.05173751769999999	0.0232762733	0.0564617124	-0.08968417070000001	0.07374745	-0.0043596252	0.0544807534	0.15130585130000002	-0.0342649413	0.0371772929	0.0118345169	0.0215995352	0.1098397522	-0.1153364678	-0.0575626678	0.0511226586	-0.149513419	-0.0688716966	-0.1277240655	-0.05640601820000001	0.0115591756	-0.0386554784	-0.080703013	-0.048608146500000005	-0.049158298899999994	0.0868428503	0.07879235679999999	0.012376091100000002	0.0235421222	0.148583526	-0.0481927419	0.035017718999999996	0.09146660570000001	-0.0007043216	-0.0357328881	-0.0898660898	0.07539244860000001	0.0636698878	-0.056390635	0.020075013200000002	0.0604207719	0.1755433675	-0.045531629299999994	0.10276017	-0.2437332099	0.032714266400000004	-0.0024958973	0.0816881923	-0.0078542341	0.0079674527	-0.0861850842	-0.024798775099999996	0.0341707738	0.0115435311	0.0927528059	0.013510040800000001	-0.0773978539	-0.022276643199999998	0.0115524944	-0.0157357412	0.0908678583	0.1177826535	-0.030876294900000007	0.065884493	-0.1432535141	-0.138172973	-0.1126944743	-0.030082661	-0.05336853849999999	0.0662090224	0.0011324536999999999	0.0680987465	-0.043831121699999996	0.0494342066	0.0830484382	0.0458287578	0.0005618608999999999	0.1331701935	0.0104404865	-0.028261174700000002	0.0480289703	0.1269149768	0.036871359	-0.0785067847	-0.011793346599999999	-0.07013280429999999	0.027523171000000003	0.0813684013	0.0838213374	-0.1506644178	-0.0727964544	-0.033111440299999996	-0.1411218672	0.1168365397	-0.023198668500000002	0.1301357959	0.0705870054	-0.054183782800000004	-0.0344238898	-0.1436371831	-0.0832919571	0.0071637791	0.0183796555	-0.0018729118	-0.0719980503	0.0577381884	0.1050202965	0.08645740029999999	0.057910563	0.0226763207	0.0	0.0	0.0	0.0	0.0	0.0	0.0	0.027089	-2.7600000000002626e-05	7.617600000001447e-10	0.0007338139209999999	-0.008555679999999998	-0.03014528	0.0009087379062783998	7.319966026239996e-05	-0.08623319999999997	0.0055245000000000285	0.007436164782239994	3.0520100250000324e-05	0.00015673	0.0001725339	2.45642929e-08	2.976794664921e-08	-0.000311132	0.00014979100000000006	9.6803121424e-08	2.243734368100001e-08	0.000508425	-5.489700000000004e-05	2.58495980625e-07	3.0136806090000043e-09	0.0	0.0	0.0
494.5876280169587	0.5882746388570581	0.3460670507224021	244616.92178744156	639.9141287013077	-0.7697538641208439	0.5925210113289706	409490.0921115538	437.46456153045517	0.09851915309980086	0.009706023527502002	191375.2425950334	437.50360581252295	563.1558492546243	0.998089	28.659397	0.04893641	0.0254586	-0.0603172901	-0.065453948	-0.0596631572	0.0180087998	-0.1042505835	0.032309687999999996	0.012563673899999999	0.0533436004	-0.10244490070000001	0.0036868099	0.0489649846	-0.0911400917	0.0049841117	-0.0605792759	0.031455494300000005	0.0145027747	0.0269057508	0.0754707583	-0.1644156465	-0.18700731399999998	0.0570168883	-0.0577448216	0.05657876730000001	-0.11579510779999999	0.0146339475	-0.0391560912	-0.15103615869999998	0.0322742009	-0.094023568	0.0243144755	0.012428813200000001	-0.1472897802	0.0144129767	0.040246513	-0.05991708480000001	0.106574541	0.0029960947999999998	0.047053654699999996	0.0406327043	0.082176768	-0.04959674309999999	-0.0741086141	0.0952939299	0.018317574	0.1196825217	-0.06636954860000001	0.0170652898	-0.171715662	-0.0548941471	-0.061661905	-0.0209851512	0.0912846202	-0.0200909763	-0.0323320969	0.0529390599	0.1665000973	-0.0726358288	-0.0329100057	0.1708979397	-0.0775166354	-0.050317660599999994	0.07516579799999999	-0.0324680842	0.014068037299999999	0.0049804788	0.0263538708	0.21292963199999998	0.0667110662	0.1071215876	-0.103373124	0.00023995779999999998	-0.0708026573	0.055395017000000005	-0.0925561416	0.1192414383	0.0979065632	0.0669163652	0.0042186243	0.0490999658	-0.09410421890000001	0.0014205379	-0.06194769	-0.1292729646	0.121070181	0.0033054243	0.050570345700000005	-0.014067009699999999	-0.0200330757	0.0188298828	0.0791014639	-0.0053686667	0.0557861882	-0.0384436514	-0.027171556099999997	0.0300242053	-0.1271867177	-0.08602925189999999	0.0693134656	0.1556545757	-0.0934062206	0.0286897	-0.0247688718	0.0782154761	-0.1339280325	0.1942605438	0.06163757490000001	0.0681475413	-0.1093620871	-0.0789494937	-0.0877788414	-0.041033489900000004	0.1042720423	0.0836472442	0.0522398899	0.0140985475	0.0	0.0	0.0	0.0	0.0	0.0	0.0	0.0111586	-0.015930399999999997	0.0002537776441599999	0.00012451435395999998	-0.00711427	0.001441409999999998	2.077662788099994e-06	5.06128376329e-05	-0.0856347	0.000598499999999974	0.007333301844089999	3.582022499999689e-07	-0.000186816	-0.00034354599999999997	3.4900217856e-08	1.1802385411600001e-07	-0.000181928	0.000129204	3.3097797183999995e-08	1.6693673615999998e-08	0.0006549969999999999	0.00014657199999999998	4.290210700089999e-07	2.1483351183999998e-08	0.0	0.0	0.0
496.31396338153917	1.72633536458045	2.9802337910011154	246327.5502474918	640.4453542788657	0.5312255775579615	0.28220061425178977	410170.2518173817	438.3079200744006	0.8433585439454419	0.7112536336457758	192113.83279994715	438.4591957673033	567.8528985199622	1.051081	30.181015	0.06952363999999997	0.0340792	-0.0081278685	0.0093753252	-0.1145764471	-0.0546794921	-0.1022106043	0.1003786525	-0.0218199265	0.1530849135	0.0005571206	-0.1269639848	-0.096146466	-0.0794380126	0.005244483	0.0199645998	-0.09020245630000001	0.0055426962	0.045156326600000005	-0.0788112069	-0.0328944622	-0.2267936441	0.0101898999	-0.06895230349999999	-0.0316421618	0.036813933199999996	0.050976731399999996	0.0512414327	-0.2235213039	0.0110000819	-0.0357637806	-0.0300667204	-0.0109441433	0.0187597318	-0.23567732940000002	0.05750068940000001	0.0452690062	-0.009357536	0.2471996507	-0.0144395548	0.07263959980000001	0.0447982267	0.0396124732	0.0328691642	-0.0718796376	0.07653343309999999	0.0206261184	0.0719060365	-0.06251596059999999	0.0257932562	-0.0317743112	-0.15229719349999998	0.0225579568	-0.1372338867	0.0644601424	0.1268083743	-0.128716072	-0.057275607199999995	0.16401453400000002	0.07297494639999999	0.0271259256	-0.0432872889	0.0700906318	0.0336524572	0.006134805500000001	0.0050068832	-0.0203786863	-0.0707618841	0.07873496349999999	0.1885666564	0.071648568	-0.1148984159	-0.06487643950000001	-0.033946536	0.077203588	0.05032804849999999	0.1584230167	0.1065651009	-0.024832512799999998	-0.0359838069	-0.0631630871	0.1681090416	-0.1746091765	-0.026084311800000003	-0.0369112157	-0.0837749237	-0.1905387682	0.1816665077	0.0796508082	-0.09036336730000001	0.0024989762	-0.0359316436	0.0727088752	0.0904284697	0.0308468407	0.048076151	-0.0124156492	0.1524911617	0.1318637165	-0.0171459243	0.170648142	-0.0122115844	-0.042105776100000006	-0.0072345497	-0.0198657086	0.19414305739999999	-0.016972149199999998	0.0591138171	-0.0182761752	-0.0504148784	0.06592393690000001	-0.015181823799999999	-0.0028874055999999998	0.10348408699999999	0.0807097071	0.0463902516	0.005434928100000001	0.0	0.0	0.0	0.0	0.0	0.0	0.0	0.00556669	-0.005591909999999999	3.126945744809999e-05	3.09880375561e-05	-0.0184731	-0.01135883	0.00012902301896890002	0.00034125542361	-0.0644736	0.021161099999999988	0.004156845096960001	0.0004477921532099995	-0.000137815	4.900099999999999e-05	1.8992974225e-08	2.4010980009999986e-09	0.000293722	0.00047565	8.6272613284e-08	2.262429225e-07	0.0007585819999999999	0.000103585	5.754466507239999e-07	1.0729852225e-08	0.0	0.0	0.0
497.1435772642137	0.8296138826745505	0.6882591943263429	247151.73641505925	640.5891637522807	0.14380947341498995	0.0206811646438967	410354.47671684634	438.50847177395315	0.20055169955253405	0.04022098419340989	192289.67981752785	438.55571280626214	573.6640078299475	1.091199	31.332991	0.08709651	0.050843300000000015	0.049318418600000004	0.0983491256	-0.10575512449999999	-0.0670836479	0.0203257402	0.1314298664	-0.0477475419	0.0796132113	-0.0852021784	-0.08562324589999999	-0.0429773592	-0.1844388879	-0.0507611475	0.1583146635	-0.0104096702	0.0051323064	0.0438925329	-0.1457832903	-0.001842683	-0.11973098970000001	-0.07068824879999999	-0.0117573451	0.008263145999999999	-0.0931218237	-0.0776936934	0.025476179300000002	-0.1313045661	-0.08026667650000001	0.0056537686	-0.0063952367	0.06298198370000001	0.09144845550000001	-0.0049610646000000005	0.0655745028	-0.14487723449999998	0.0124033164	-0.13227058419999999	0.0819281219	0.036225231000000004	0.0040010798	-0.09057016650000001	0.0167739454	-0.054266536399999996	0.017775143400000002	-0.014104281100000001	0.0240125064	-0.0711418494	-0.1087662168	0.030902815299999997	0.0683899315	0.046621139900000004	0.0974743438	-0.1468773155	-0.0588575915	-0.1213345993	-0.04314582769999999	0.0202933901	0.0082007374	0.09029223980000001	0.023169279700000003	0.0635922993	0.10493618269999999	0.034109387799999995	0.0048653792	-0.0250711679	-0.15396802240000002	0.041243872200000004	0.12172528880000001	0.009208699499999999	-0.057621918099999996	-0.0340656684	-0.0303048182	-0.1021095793	-0.0522522941	0.1559064848	-0.0613719816	0.0329397804	-0.014199552399999999	0.0328283095	0.0982745533	0.1053302617	-0.0269780316	-0.08208920139999999	0.0430769738	0.1928414455	0.0219052273	-0.009743370999999999	0.0414783674	-0.0006586702	0.0053531213	0.159637335	0.0163277984	-0.0489016171	0.0789597292	0.09084943449999999	-0.0004966205	-0.1108318368	0.0178711522	-0.0596175159	-0.13017490210000002	0.0364232986	-0.11777036789999999	-0.0600004705	0.0748375988	-0.0112225102	0.046543822	0.0521616717	-0.0221503197	0.0593989225	-0.0455684305	0.0019587821	0.10265673060000001	0.0776492625	0.0403816879	-0.0032617847999999996	0.0	0.0	0.0	0.0	0.0	0.0	0.0	0.0127587	0.00719201	5.1725007840099985e-05	0.00016278442568999998	0.024983	0.0434561	0.00188843262721	0.0006241502890000001	-0.0884057	-0.0239321	0.007815567792490001	0.0005727454104099999	-8.566299999999997e-05	5.2152000000000045e-05	7.3381495689999935e-09	2.719831104000004e-09	0.000302902	9.180000000000017e-06	9.174962160400002e-08	8.427240000000031e-11	0.000569588	-0.00018899399999999995	3.24430489744e-07	3.5718732035999977e-08	0.0	0.0	0.0
497.9329968843068	0.7894196200930992	0.623183336587933	247937.2693861871	639.0549652020303	-1.5341985502503803	2.353765191590369	408391.2485493682	439.28496773978	0.7764959658268253	0.6029459849453344	192971.28288213952	439.41632209669	586.6939004677579	1.085117	31.158342	0.06246707000000001	0.051043800000000014	0.1042592125	0.0779609457	-0.034040870699999996	-0.1087771117	0.0897344781	0.0672342861	-0.0579964655	0.027265209300000003	-0.00046146059999999995	-0.1845168869	0.0036250569	-0.1201485985	0.1747509996	-0.0935159869	0.17739750350000005	-0.004740068300000001	0.0817670787	-0.1383879077	0.0265096061	-0.0206671373	-0.1361421897	-0.050769729400000005	0.0187367168	0.040014842599999996	-0.034799994300000005	-0.0413970352	-0.1424842887	-0.062337808099999996	-0.1050782947	-0.0896906132	-0.1346404375	0.031155890800000002	0.0433591293	-0.0597117935	-0.011686994099999999	-0.068534798	-0.0090068675	0.1109446818	-0.0737467691	-0.025753477599999998	0.06922517809999999	-0.0205997555	-0.0126861326	0.1540171661	0.0219396423	0.0027230846000000004	-0.0595050891	0.0671203049	0.0771568224	-0.07888027389999999	-0.1323154114	-0.0166851056	0.0900591723	-0.0361373153	0.1331254103	-0.046122765499999996	-0.09000377400000001	0.0208586267	0.043581755199999996	-0.1384924881	-0.0357276122	0.046051983399999996	-0.0804803896	-0.0039137577	-0.08812739	-0.1507047843	-0.048682817999999996	0.0296021219	-0.11300742960000001	-0.1065741102	-0.0174928408	0.0578609649	-0.0101739887	-0.023318440699999998	0.1319360734	0.0632409627	0.0654809791	-0.1391042237	-0.1758757409	-0.0054394280000000005	0.020872428300000002	0.0743216387	-0.0089607916	-0.0305161987	-0.0251027252	0.0219517488	0.023464925499999997	0.12326825609999999	0.17618735489999998	-0.0096117644	0.0096101254	0.0708591264	-0.0072520901	-0.08841240560000001	-0.0972937112	0.08912460039999999	-0.0748699127	-0.0456831921	0.0306092131	0.125423154	-0.0052666585	0.1586580503	0.0543113447	-0.0755925371	-0.023204856	0.060654855199999996	0.017159975600000002	-0.1189440983	-0.044480339400000006	-0.00518349	-0.1537165556	0.1017902883	0.0744705708	0.0342347832	-0.011938636599999998	0.0	0.0	0.0	0.0	0.0	0.0	0.0	0.012693799999999998	-6.490000000000141e-05	4.212010000000184e-09	0.00016113255843999995	-0.0254291	-0.0504121	0.0025413798264099998	0.00064663912681	-0.0796462	0.008759500000000003	0.00634351717444	7.672884025000006e-05	-7.43236e-05	1.1339399999999968e-05	5.523997516960001e-09	1.285819923599993e-10	0.000302902	0.0	9.174962160400002e-08	0.0	0.00062286	5.327200000000004e-05	3.879545796e-07	2.8379059840000044e-09	0.0	0.0	0.0
496.23107049270635	-1.7019263916004659	2.896553442426183	246245.27532233731	641.9527761053341	2.8978109033038213	8.397308031306506	412103.3667493453	438.7235815341686	-0.5613862056113703	0.3151544718507317	192478.38099416828	438.73302095094664	577.8239654459003	1.059888	30.433924	0.118385081	0.062113199999999986	0.0404511274	0.0633874098	0.0150575807	-0.0497105065	0.1157886934	0.0320113499	-0.033514643399999995	-0.1438806806	-0.048058329000000004	0.0070960252	-0.06920712799999999	-0.1524329164	-0.0034109341999999996	-0.0682762831	0.0526561054	0.006037308199999999	0.0627985187	-0.0998020891	0.06723738900000001	0.0108349806	-0.1512292223	-0.079188199	0.0301245687	-0.0932263409	-0.0400634666	0.0203070654	0.006576237800000001	-0.0378559174	0.066923879	-0.1520782304	-0.0397527513	-0.0829583527	-0.0376069136	0.1697529518	-0.0283186489	-0.101194834	-0.0369555374	-0.08473895640000001	0.1453895954	0.0149219282	-0.0209303399	0.1092420908	0.095646606	0.0707432608	-0.07968939280000001	0.0903738458	0.10715841109999999	0.0290237094	-0.0812740802	0.1051502285	-0.0339202775	0.09952254099999999	0.0664412527	0.0585530208	0.1494341517	0.0182651456	-0.10075557310000001	0.042552329800000004	-0.0233116386	0.04920094690000002	-0.097994974	0.0162419142	0.0688236754	0.0071066978000000015	-0.07527522730000001	-0.081206572	-0.0783857976	0.001848714	-0.1089100854	-0.1286500983	0.0174983321	-0.0181998269	-0.07143911509999999	-0.0626778496	0.0477231724	-0.1290658184	-0.067117752	-0.1098261588	0.0383649321	-0.0497852578	-0.0289774077	-0.027730852900000002	0.0290484983	-0.0657315341	0.1249960123	0.1305897125	-0.0296693777	-0.1130778427	-0.1028605876	-0.0659214139	0.0006251971	0.1012879825	-0.139959608	0.0065892205	-0.0745322051	-0.1451173963	0.0617564223	0.0051036779	-0.0867369152	0.04405080980000002	-0.1385176492	0.1066799233	0.0402280884	-0.16353738339999999	0.0030026733	-0.0265246013	-0.0739547482	-0.0668226937	-0.1172413731	-0.1447404764	0.0841926235	0.10088508970000001	0.0711784728	0.0279705958	-0.0205427938	0.0	0.0	0.0	0.0	0.0	0.0	0.0	0.0202687	0.007574900000000002	5.737911001000004e-05	0.0004108201996900001	0.0111677	0.0365968	0.00133932577024	0.00012471752329000006	-0.12806200000000004	-0.04841580000000004	0.01639987584400001	0.002344089689640004	-0.000194088	-0.0001197644	3.7670151744e-08	1.4343511507359999e-08	-8.31822e-06	-0.00031122022	6.919278396840001e-11	9.68580253368484e-08	0.000537893	-8.496700000000003e-05	2.8932887944899996e-07	7.219391089000005e-09	0.0	0.0	0.0
496.1903496943004	-0.04072079840597098	0.0016581834228197288	246204.8631297521	639.1658423829776	-2.78693372235648	7.766999572807745	408532.9740691415	438.4752897256189	-0.24829180854970898	0.06164882219288535	192260.57969996546	438.57204043753495	578.125875552077	0.970462	27.866096	0.075466311	0.0421061	0.016354106599999998	0.035482315699999996	0.0194117139	-0.08870493060000001	0.1163209643	-0.0104224273	-0.0362730564	-0.052345536	0.0175975479	-0.0487587643	-0.0152074741	-0.09496961050000001	0.1311926082	-0.2232430832	0.0547288208	0.0134020677	0.0966329433	-0.047307132800000005	0.0037817132	0.10603155439999999	-0.1200346457	-0.1398856065	0.0912688465	-0.041472966	-0.0017823015	-0.051366036399999995	-0.08981122789999997	0.0398782505	-0.045420450700000004	-0.0746424569	-0.07255476450000001	0.0174649628	0.0925593324	-0.0401978192	0.0591932387	0.0510765839	0.081789262	-0.0152246771	-0.0294753385	-0.1295988371	0.030321523599999997	-0.0978670207	0.0276103833	0.039687764900000005	-0.1033556091	-0.022179106	-0.1273516049	0.14502874429999998	0.0394642613	-0.049693494500000004	-0.1060552043	-0.0019155781	0.0514105104	0.0062087775	0.1239744235	0.0379943204	0.09793704310000001	0.0051205906	-0.1302864515	0.0400082836	-0.0060622711	0.02761477	0.0713371456	0.0137892578	-0.10402662859999999	-0.0614960674	-0.0433941901	-0.0884476526	-0.1472947968	-0.1435304586	0.035633068	-0.0252700492	-0.0009732632000000001	-0.0508024929	0.0610180485	0.1016427738	0.007829200699999999	-0.0912660454	-0.053323585800000003	-0.054643442699999996	0.0603242842	0.0845554158	0.0346884112	-0.0151373126	-0.1507571814	0.05847434150000001	-0.0984156725	0.07029810389999999	-0.011146302299999999	0.0492101264	-0.09380128880000001	-0.0521123881	-0.0468555925	-0.0871296975	-0.0716057477	0.133841897	-0.0947305466	-0.01227421	-0.0495829575	0.0801893014	-0.0653677605	0.0485777608	0.1119544021	0.0061686537	-0.0052363757	-0.07295709	-0.113287986	0.0226608864	0.06592919400000001	0.0621024159	0.1171723293	0.0999414797	0.0677779816	0.021610585699999997	-0.0290218654	0.0	0.0	0.0	0.0	0.0	0.0	0.0	0.020282	1.3299999999997342e-05	1.7688999999992932e-10	0.000411359524	-0.0109913	-0.022159	0.0004910212809999999	0.00012080867568999998	-0.0946688	0.03339320000000004	0.008962181693440001	0.0011151058062400026	-0.000128419	6.5669e-05	1.6491439561000002e-08	4.312417561e-09	0.000302902	0.00031122022	9.174962160400002e-08	9.68580253368484e-08	0.00055902	2.1127000000000016e-05	3.125033604e-07	4.4635012900000065e-10	0.0	0.0	0.0
494.492490128244	-1.6978595660563656	2.8827271060491095	244522.8227932315	643.1045599509981	3.9387175680204787	15.513496080633153	413583.47502976697	437.4429226308808	-1.032367094738106	1.0657818182979977	191356.31055984675	437.61147333003737	568.8676538527908	1.0337889999999998	29.684504	0.09482750000000002	0.04623	-0.040738635	0.0355701748	0.044500181500000006	-0.0135828149	0.098426788	-0.0180567115	-0.0325883991	-0.11933542330000001	0.0374397481	0.0194316488	-0.0501484208	-0.0358658307	0.0002177792	-0.1183658908	-0.1221924498	0.034714795	0.0777536536	-0.0109018654	-0.0137057477	0.0715003366	-0.0475618588	-0.1806021772	0.0298828608	-0.0820422135	-0.029466981	-0.0659815986	-0.0380638903	-0.0664450496	0.0573507165	0.0563207566	0.0084285809	-0.10183572560000001	-0.0029190422	-0.015163019	-0.0823757881	-0.19639679440000002	-0.1044226642	-0.1064362659	0.0434614418	-0.0727014866	-0.0444853484	0.060404682	-0.0040018523	-0.0024603527	-0.02823197	0.14132675320000002	-0.09126047539999999	-0.09188553039999996	-0.0576466992	0.0695053219	-0.057369282800000004	-0.0013403198999999998	-0.1226188197	-0.0291660829	-0.048472609400000005	0.1087719851	0.0713232731	-0.0098239522	-0.1642744185	0.0287531225	-0.05779371730000001	-0.0380494491	0.0671190192	0.0349353749	-0.0972256999	0.0065838358	-0.0454550002	-0.10676395890000001	-0.039084466899999996	-0.1872441032	-0.0005226061	-0.0444463525	-0.0172204582	-0.09169697310000001	0.047568186500000005	-0.0255192057	0.0178412876	0.09175691	0.0093942497	-0.0997318074	0.0102414625	0.09704915539999999	-0.0484722588	-0.1692916411	0.14627119660000001	0.0702596869	0.0131799249	-0.0651203769	-0.057333017199999996	-0.0274426364	0.0152986686	0.081692154	-0.0474251828	0.09390328349999999	-0.0060736256	0.0546194463	-0.0351579932	0.1813668539	-0.0771830508	0.002130604	0.0122993668	-0.0754493623	-0.0482849602	0.094073671	0.1062755408	-0.060649418	-0.1313341765	0.1399245389	-0.0497128911	-0.0655608047	0.0259069908	0.0989598175	0.0642742758	0.015176541399999997	-0.0373242223	0.0	0.0	0.0	0.0	0.0	0.0	0.0	0.033063800000000004	0.012781800000000006	0.00016337441124000018	0.0010932148704400004	0.0106944	0.0216857	0.00047026958449	0.00011437019136000001	-0.127112	-0.032443200000000005	0.016157460544	0.0010525612262400003	1.05902e-05	0.0001390092	1.1215233603999995e-10	1.9323557684639998e-08	-5.25848e-05	-0.0003554868	2.76516119104e-09	1.2637086497423998e-07	0.00062286	6.384000000000001e-05	3.879545796e-07	4.075545600000002e-09	0.0	0.0	0.0
495.3495654536631	0.857075325419089	0.7345781134422373	245371.1919951329	640.5464594945248	-2.558100456473312	6.543877945408968	410299.76677097095	437.3053597680577	-0.13756286282307428	0.018923541228079956	191235.9776818704	437.3846098021372	567.0487405229331	0.973648	27.957602	0.04368303425	0.0272486	-0.057813840400000004	0.0176613831	0.0580765478	-0.047471832900000004	0.0800398212	-0.05867859230000001	-0.0192989375	0.1121073276	-0.0405702008	0.035851742799999996	0.051595671100000004	0.0152806324	-0.0715401789	-0.07354619429999999	-0.0089759362	0.0408282166	0.1001791869	-0.0029320105	-0.0009889241	-0.0078262414	0.08478394730000001	-0.1406897098	0.0362081899	0.008756324499999999	-0.016250351899999998	-0.0190353975	0.0167269109	0.0628404375	0.0063044956000000004	0.0578432317	-0.0174319383	0.0341512519	0.034000360699999996	0.058337673799999996	-0.0345964721	0.016996888300000002	0.0030651545000000002	-0.2316151616	-0.0800546112	-0.0082757366	-0.1592119148	-0.1263239609	-0.0037267955	0.0208268767	0.056155644299999995	0.054578200300000004	-0.13241749619999998	0.0605683887	-0.0864204457	-0.0657221789	0.0804437559	0.1050891097	-0.0267215237	-0.1232069305	-0.13666321039999998	0.0037354147999999997	-0.0047798308	-0.0038035883	0.0642216136	-0.0638243427	0.024054842799999997	-0.049662709000000006	0.166964592	0.041080812	-0.105232551	-0.0094783802	-0.007401871999999999	-0.025604009700000003	0.10368603300000001	-0.1014314627	0.0277848475	-0.0056681599	-0.0066703985	0.0329236124	-0.0363859637	0.047492239500000005	-0.028501589100000002	0.05355214480000002	-0.004234702700000001	-0.0056842875	0.0374199194	-0.0168614948	-0.0433367329	-0.06632913929999999	-0.0008226872	-0.060060517199999996	-0.1201609384	-0.0404333138	-0.1629187419	0.2591138711	0.0347267941	0.0252500896	-0.0085288675	0.029269737999999997	0.013993973600000001	0.0878593743	0.011401321599999998	0.1101037952	-0.0146892127	-0.10874087560000001	0.0351735949	-0.1326953001	0.0364335861	-0.0469651726	-0.0513726524	0.1101637607	0.0353197462	-0.057685491799999995	-0.025502664700000004	0.1328305414	0.053186040999999996	0.0979404768	0.0606726909	0.008690504699999999	-0.0453993113	0.0	0.0	0.0	0.0	0.0	0.0	0.0	0.0335566	0.0004927999999999946	2.428518399999947e-07	0.00112604540356	-0.0068749	-0.0175693	0.00030868030249	4.726425001e-05	-0.10642	0.020692	0.0113252164	0.0004281588640000001	4.26415e-07	-1.0163785e-05	1.8182975222499998e-13	1.03302525526225e-10	-1.6521900000000002e-05	3.60629e-05	2.7297317961000005e-10	1.3005327564099995e-09	0.000675212	5.235199999999998e-05	4.55911244944e-07	2.740731903999997e-09	0.0	0.0	0.0
495.46140675116914	0.11184129750603232	0.012508475827832837	245482.00557984746	642.8523355241101	2.3058760295853062	5.317064263816097	413259.12528880313	437.2806458985743	-0.02471386948343479	0.0006107753448442494	191214.3632774743	437.41425073275565	573.9319037908897	0.963044	27.653097	0.03756509575	0.021743400000000003	-0.034793149100000004	-0.043722624800000005	0.06715135629999999	-0.036757515899999996	0.0393381257	-0.07111491639999999	-0.0081166056	-0.0363273543	0.018441718899999997	0.0073946085	0.0064588699	0.025569252	-0.07661724980000001	0.0204971327	-0.0728843658	0.043943713200000005	0.0814403623	0.0885268162	0.0033934674	-0.039651627200000004	0.1020835214	-0.1265022477	0.0595313138	0.0161288564	0.0523209735	0.0050377734999999995	-0.0355585106	0.029004007999999998	-0.057071759000000014	-0.198463195	-0.010900446999999999	0.1181264226	0.0189285955	-0.086030629	-0.1102704626	0.0278828233	0.0267891702	-0.0627249402	0.0100874235	-0.1000821094	0.08691927210000001	-0.0333030897	-0.1318087611	0.049957536100000005	0.1132494522	-0.0538173646	-0.050267076200000003	0.059985226100000004	-0.0590495454	0.1200382715	0.0943268005	-0.014606101399999996	-0.051799356	0.0242534763	-0.0249895829	0.0236322611	-0.0016004803	-0.0812216833	-0.056090429500000004	0.08700274039999999	-0.102863901	-0.0390637543	0.044709529500000005	0.0438409372	-0.0911091517	0.0775810535	0.0136782255	-9.13879e-05	0.1156190832	-0.09995124289999999	0.0250515172	-0.0471945902	0.0485754092	0.027802521299999997	0.0103037679	0.021843888	0.0034470619	-0.1888202809	0.0313903038	0.1003576651	0.058982564	0.1000806156	-0.0909111348	-0.0878047984	-0.0409860171	-0.027541244500000003	-0.1280336657	0.026466609900000004	0.06371534200000001	-0.008456166	0.0164213159	-0.050126508300000004	0.0782540816	-0.0310202673	0.1586242873	0.0190988041	0.12106237130000001	0.0252890277	-0.0739571789	-0.0253812196	-0.0617003283	0.0389135234	0.0226068206	0.0059128496	0.0395358271	0.0371560336	-0.0184701814	0.1613175222	0.00629054	0.07651049089999999	-0.012553636100000001	0.0968838458	0.0569787115	0.0021746957	-0.053197962800000005	0.0	0.0	0.0	0.0	0.0	0.0	0.0	0.0364151	0.0028585	8.17102225e-06	0.0013260595080099998	-0.011002799999999998	-0.0041278999999999995	1.703955840999999e-05	0.00012106160783999996	-0.106475	-5.499999999999949e-05	0.011336925625	3.0249999999999444e-09	-0.000320073	-0.000320499415	1.0244672532899998e-07	1.0271987501534222e-07	-5.60704e-05	-3.95485e-05	3.14388975616e-09	1.5640838522499995e-09	0.000925638	0.000250426	8.568057070439999e-07	6.2713181476e-08	0.0	0.0	0.0
495.35582359741807	-0.10558315375106986	0.011147802356022056	245377.3919718764	640.0205430949583	-2.8317924291518466	8.019048361801715	409626.2955835653	436.9072112228495	-0.3734346757247522	0.13945345703365086	190887.91121852765	436.8850251772882	572.382849840114	0.968007	27.795607	0.06508093749999999	0.0381533	-0.036879054	-0.001489407	0.048025014000000005	0.0044058754	0.0341155565	-0.0845519716	0.0061921022	0.0834531657	-0.0090283247	0.005594935200000001	0.1026176425	0.0841043519	0.0011367601	0.0031720414	-0.0039620789	0.0504811793	0.0623896255	0.0143414927	-0.036062684	0.0502260084	0.07053477059999999	-0.0814180484	0.0881973974	0.1309683325	0.0004413915	-0.0026314052000000004	0.009259494200000001	-0.0573016612	0.0448048192	-0.09838280869999999	0.0412829488	0.13227455429999999	-0.0971716025	-0.018046150900000002	0.0016261344	0.0260040396	0.0475149224	0.0556660689	0.008270609699999999	0.047208697699999996	0.0857600902	-0.0492832029	0.0426519215	0.1145402743	0.1432463194	0.0042492695	0.0073918171	-0.10273049880000001	-0.18140414219999998	0.022768896299999997	0.024742041	-0.0210818873	0.0978541141	-0.0415708692	-0.0178616305	0.054896754900000004	-0.0885660091	0.035522099	0.0459705656	-0.0226053707	-0.0957444372	0.1259117452	-0.0010153936999999999	0.0512607555	-0.0668479035	0.018023478500000002	0.0178525599	-0.08656059640000001	0.09122434	-0.0467912405	0.0867553193	0.08825310480000001	-0.0101816426	0.0678090367	0.0300238956	-0.0065982361	-0.0189943311	-0.0513029483	0.0398895899	0.19311463780000002	-0.037407404	-0.0107555599	0.0175410292	-0.028488276400000002	-0.0734705887	-0.0367752502	0.0301555768	0.0227855975	0.09633074050000001	-0.0089911081	-0.032297732999999995	0.11513791609999999	-0.0239485133	-0.0188234086	0.0974001925	-0.0822273261	0.1069659291	0.1469602395	0.10761739960000001	0.0132685751	-0.0347344054	0.0193289559	-0.042334535	-0.11828699289999994	0.027194110499999997	0.0016189417999999999	-0.025146494	-0.022068170499999998	-0.0656637868	0.08952117150000001	-0.15480209960000002	0.0957903267	0.053197962800000005	-0.0043485634	-0.0606726909	0.0	0.0	0.0	0.0	0.0	0.0	0.0	0.0363872	-2.790000000000431e-05	7.784100000002405e-10	0.0013240283238399994	-0.00515257	0.005850229999999998	3.4225191052899966e-05	2.6548977604900007e-05	-0.142309	-0.03583399999999999	0.020251851481	0.0012840755559999993	-0.000601651	-0.00028157800000000005	3.6198392580100005e-07	7.928617008400003e-08	4.41875e-06	6.048915e-05	1.95253515625e-11	3.6589372677225003e-09	0.0008003289999999999	-0.0001253090000000001	6.405265082409999e-07	1.5702345481000025e-08	0.0	0.0	0.0
495.0742502689817	-0.28157332843636595	0.07928353928673361	245098.51327939433	643.3999503032933	3.3794072083350097	11.420393079746628	413963.4960502803	437.7900158651587	0.8828046423091678	0.7793440364826176	191660.0979912159	437.8030995513767	574.369759862898	0.983684	28.245771	0.058283292499999986	0.0343987	-0.0349426672	0.0163843613	0.0497223912	-0.052988577599999996	0.058882712300000015	-0.026047850299999998	-0.013835220300000001	-0.086194699	-0.0182299806	-0.021172204500000003	-0.1448253806	-0.00012335219999999998	-0.0739121366	-0.0153548713	-0.0550244762	0.0383829931	0.1001965591	-0.0335873751	-0.0165999396	-0.0374804845	0.037925677000000005	-0.1478583305	0.07524086469999999	-0.0287590654	0.0415386788	0.014524515	-0.0237863857	-0.040261771099999996	0.12963777740000001	0.0951692537	0.0572339137	0.1016667688	-0.0947193724	-0.0647051699	0.1188350641	-0.0266774575	-0.06570527599999999	-0.0114627133	0.0885514754	-0.13177950630000002	-0.0325854403	-0.028365162000000006	0.08182364610000001	0.0023944263	0.0140229227	-0.1338211813	0.047964974199999996	0.0492741442	-0.0361665516	0.0664402979	0.05516335940000002	-0.043975508899999995	-0.0428027428	-0.0685981679	-0.028168253799999998	-0.0259138546	-0.0978313338	0.0999192387	0.055519118799999996	-0.0649544747	-0.0101251485	0.054123606500000004	-0.0396214485	0.039002069	-0.0973081867	-0.030619208	0.0229053353	-0.0019017341	0.0700349636	-0.1403557446	0.067753075	-0.04888475900000002	0.0206183607	0.0079092363	0.0233437896	-0.0252733745	-0.036726437599999995	0.1605758443	-0.0193482382	0.1354648746	0.0272320952	0.13298462619999998	0.1161036339	0.028154904300000002	0.0398025792	0.0378536696	0.041554597400000004	-0.012134563400000001	-0.048914668099999996	-0.019181423899999998	-0.0728007492	-0.0345810144	-0.0061028638	-0.1361062613	0.1131507647	-0.07008947110000001	0.0675666469	0.027979592299999998	-0.1080552768	-0.0271474351	0.10595536789999999	-0.0175601045	-0.0171781679	-0.021541562099999998	-0.038693197400000004	-0.0053898562	0.044907399699999996	-0.08745178769999999	-0.0926197584	0.0288508227	-0.0311986161	0.0946603359	0.0493362025	-0.010856925	-0.0677779816	0.0	0.0	0.0	0.0	0.0	0.0	0.0	0.0364024	1.5200000000006876e-05	2.3104000000020898e-10	0.00132513472576	-0.0262962	-0.02114363	0.0004470530895768999	0.0006914901344399999	-0.115886	0.026423	0.013429564995999996	0.0006981749290000001	-0.000613267	-1.1615999999999992e-05	3.7609641328899996e-07	1.349314559999998e-10	0.00014361799999999998	0.00013919924999999998	2.0626129923999996e-08	1.9376431200562492e-08	0.000863543	6.321400000000013e-05	7.457065128490002e-07	3.996009796000016e-09	0.0	0.0	0.0
494.43315308055367	-0.6410971884279775	0.4110056050102576	244464.14286517823	638.1018523356904	-5.298097967602871	28.069842074317673	407173.9739542392	437.14897472614325	-0.6410411390154422	0.4109337419102155	191099.22610411825	437.13524977762484	564.3253689482698	0.965416	27.721203000000006	0.0684586	0.0399448	-0.07545980769999999	0.053908951399999995	0.0407681902	-0.0082610907	0.0771034432	-0.0225816607	0.00041973760000000004	0.07228026809999999	-0.0901167439	0.0143475919	0.0486600658	0.0148411861	0.0441408753	0.025369666699999998	-0.08280606830000001	0.0504261686	0.1011213589	0.0308863043	-0.023247127200000002	0.0569822724	0.0485429844	-0.0774613266	0.08585332539999999	-0.0123001176	-0.0751486849	0.0069867655	0.008719178000000001	-0.0695733583	-0.042739596799999995	-0.0669493204	0.022663411600000002	-0.0527877745	0.019858083000000002	-0.0438082445	0.1079889341	-0.048700248499999994	-0.014340697	0.0410545864	-0.1285322374	0.015011581100000001	-0.0035070812	-0.0842927595	0.0671198926	-0.047735840599999996	0.164080118	0.0895637256	0.0178076101	0.0956758459	-0.2154763548	0.0886258618	0.023726900899999997	-0.0072580561	-0.0036097528	-0.0352476406	0.057098348	0.0081379829	-0.0448014104	-0.1299686058	0.0149834889	0.0432588812	0.1757138601	-0.1923360763	-0.0715254948	0.050880216900000004	-0.1054628277	0.0211580477	0.015129513899999999	-0.0885068143	0.0571451697	-0.0530057524	0.0557121825	-0.0129402629	-0.0878803185	-0.0062973438	0.052349654800000006	0.007121121800000001	0.0637139155	-0.0422253543	0.0537736563	-0.0538219634	-0.0177808091	0.017372138999999998	0.0734606186	0.0051010852	-0.0381553359	-0.0686589656	0.11616919939999999	0.0834146934	0.0074878274	0.09942652869999999	-0.1034586927	0.0014215973999999998	0.075501445	0.050460264299999995	0.006138818000000001	-0.1048498491	0.1542866734	0.1833178104	-0.0640050821	-0.0181755799	-0.0092260508	0.0314075763	0.0818308365	-0.071792578	-0.0061930377	-0.007433283699999999	0.1531620997	0.0842721828	0.16437743929999998	0.0985303204	-0.0192265608	0.09349430369999999	0.0453993113	-0.0173280926	-0.0744705708	0.0	0.0	0.0	0.0	0.0	0.0	0.0	0.0363976	-4.7999999999992485e-06	2.3039999999992796e-11	0.00132478528576	-0.0013720999999999998	0.0249241	0.0006212107608099999	1.8826584099999997e-06	-0.140454	-0.02456800000000001	0.019727326116	0.0006035866240000004	-0.000320073	0.00029319400000000004	1.0244672532899998e-07	8.596272163600003e-08	0.000172814	2.9196000000000023e-05	2.9864678595999996e-08	8.524064160000013e-10	0.0008066989999999999	-5.684400000000012e-05	6.507632766009999e-07	3.2312403360000143e-09	0.0	0.0	0.0
495.434725709736	1.0015726291823055	1.0031477315271564	245455.56743908138	640.7847569472619	2.6829046115715296	7.197977154791782	410605.1047359615	437.30627865555016	0.15730392940690766	0.024744526206853374	191236.78135156567	437.4184976694052	573.6048840555483	0.944012	27.106607	0.06321955	0.0362941	-0.030812349300000007	0.0540724946	0.047816821100000004	-0.0111175845	0.0684499104	-0.0319349532	-0.0089078245	0.0781879463	-0.0128833351	-0.023051694700000003	-0.056364803399999996	0.0746446119	-0.0229271156	0.0058536737	-0.0247669218	0.04987444269999999	0.07982760259999999	-0.0046500539	-0.0130130299	0.0809057311	0.0525052607	0.0403597973	0.0561841779	0.08953233810000001	0.032256758999999996	-0.0022038577	-0.0280936971	-0.0483956207	0.1800919382	0.0584441537	0.0710588317	0.0751789646	-0.0921671233	0.005808508100000001	-0.0294765336	0.0025923104999999998	0.0963154759	0.090129301	-0.0012529411	0.004911382299999999	0.0728321381	0.09769728779999999	-0.1556629822	-0.0036854278	0.0411690619	0.0546352198	0.0913652101	-0.0655673459	0.0640378457	-0.1175513144	-0.0388523895	-0.0202810652	-0.0323882173	0.049028017400000005	-0.06201811610000001	-0.1096298144	-0.0094216048	-0.0524886256	0.0192312465	-0.0905919114	-0.0301873258	-0.021851741600000002	-0.0156855272	0.0498441453	-0.08474571800000001	0.009632569399999999	0.0116803657	-0.0627458243	0.0407892315	0.0693359983	0.0998816708	0.031204871800000002	0.0161949382	0.0509810618	0.045632071399999995	-0.032726989500000005	-0.1121226009	0.1491827702	0.0237502642	0.1501494394	-0.022597367900000002	-0.022690635299999998	-0.0210709023	-0.082486163	-0.032899065400000004	0.043702108600000004	0.0299033795	0.0177416824	0.1005775896	-0.0928584996	0.0926463442	-0.016990076200000002	0.1129296957	0.1197951275	-0.0431059351	-0.0160078934	-0.0207575197	-0.10354032939999999	0.0787190625	0.0141883689	0.0462023566	0.052448236399999994	-0.08841631859999999	0.034160506800000004	-0.0120373528	0.09525650779999999	-0.0059713305	-0.1030092976	0.0327833461	0.00227273	0.0917163141	0.092292674	0.0413932844	-0.023739897000000003	-0.0807097071	0.0	0.0	0.0	0.0	0.0	0.0	0.0	0.0364233	2.5699999999996562e-05	6.604899999998231e-10	0.0013266567828899998	-0.0292868	-0.0279147	0.0007792304760899999	0.0008577166542399999	-0.142181	-0.0017270000000000065	0.020215436761	2.9825290000000216e-06	-0.0006991310000000001	-0.00037905800000000015	4.887841551610001e-07	1.436849673640001e-07	0.000302902	0.00013008800000000002	9.174962160400002e-08	1.6922887744000004e-08	0.000968596	0.00016189700000000017	9.38178211216e-07	2.621063860900005e-08	0.0	0.0	0.0
495.4807024639621	0.045976754226046516	0.002113861929162287	245501.1265141813	640.0519364952543	-0.7328204520076724	0.5370258148807293	409666.481411325	437.2659316870957	-0.04034696845445751	0.0016278778634649894	191201.49501418386	437.2702871745848	574.9659614597945	0.942938	27.075766	0.0367195	0.0205527	-0.024454782799999998	0.0797036369	0.042410159100000004	0.011906696100000001	0.0726211418	-0.0211424648	0.0051572175	0.0363480036	-0.062787265	0.0116131122	0.0166665184	-0.004358068	-0.0801435766	-0.0390295054	-0.0197937377	0.0523353075	0.0806043488	-0.03635895	0.0217661509	0.0784143851	0.10867558460000001	0.0072971081000000005	0.1147970439	-0.009924098000000001	-0.0122019318	0.0375645641	-0.057205399500000004	-0.0459920466	0.006785143299999999	0.081679425	-0.0665044477	0.121682184	-0.12432403449999999	0.024928261	0.002746845	0.0039071771	0.0261799621	0.0052261586	-0.1505952072	0.0669394809	-0.0240909358	-0.0243208437	-0.0961636974	-0.0859045993	0.0300298922	-0.1433886957	0.0198120182	-0.0550202037	-0.0071485746999999985	0.0753578118	0.0705567496	0.0341944987	-0.0353940422	0.0225291798	0.1122325419	-0.0523787988	-0.0379314643	0.0364365091	-0.07938415360000001	-0.058014887599999995	-0.0014602487	-0.0651656004	-0.018107972	0.0528553215	-0.0887641768	-0.022716743799999998	-0.0280922934	-0.06071466070000001	0.0810862413	0.046264701799999995	0.1326314486	-0.0666967604	-0.040701147	0.0402260616	0.0689162715	0.0448490268	0.0245830628	0.0425965957	-0.11183104699999999	0.11921578039999994	-0.0559622875	-0.085112632	0.0124094852	-0.0336214	-0.0047287221999999995	-0.1440568633	0.0503529345	0.031033193799999997	-0.0338132909	0.0013062880999999999	0.1056952977	-0.14654558869999998	0.0443826362	-0.08678569050000001	0.0931325268	-0.0720230202	-0.0324874666	0.0039173415	-0.0074473409	-0.044309678600000006	-0.0266342193	0.058445486399999996	0.0328878388	-0.0914022659	-0.0212790825	0.0193047028	-0.0364680141	-0.0147442101	-0.0707834289	0.033973798900000005	0.0888647925	0.09105590429999999	0.0373242223	-0.0300703725	-0.08645740029999999	0.0	0.0	0.0	0.0	0.0	0.0	0.0	0.0363999	-2.339999999999981e-05	5.475599999999911e-10	0.00132495272001	-0.0229214	0.006365399999999997	4.051831715999996e-05	0.0005253905779600001	-0.159916	-0.017735	0.025573127056	0.000314530225	-0.0006723460000000001	2.6784999999999978e-05	4.5204914371600006e-07	7.174362249999992e-10	0.000166237	-0.000136665	2.7634740169000006e-08	1.8677322225e-08	0.00105706	8.846400000000001e-05	1.1173758436000005e-06	7.825879296000002e-09	0.0	0.0	0.0
495.1253848066447	-0.35531765731741416	0.12625063760153535	245149.14667992797	639.1866174272913	-0.8653190679630143	0.7487770893803797	408559.5318981424	437.02708099709463	-0.2388506900011293	0.0570496521140156	190992.6695248411	437.0390540337358	573.1200580439621	0.92642	26.601477000000006	0.05099365	0.0293927	-0.0365474021	0.0833845466	0.0476090556	0.0123087649	0.10076805720000001	-0.0364186652	0.0193953079	0.09779535269999999	0.028739577599999996	-0.0049204657	0.008904960200000001	0.0414484316	-0.0852040798	-0.0308797921	-0.0349172637	0.0566673757	0.0900942247	0.022576387200000003	0.059804522400000004	0.059788555300000004	0.0938421497	0.0701071555	0.12226582050000001	-0.000478844	-0.0325377337	-0.058487488899999995	-0.0829619755	-0.0541540897	0.0727880416	-0.11022342550000001	0.0663472395	-0.0839818423	0.083144288	-0.0098143968	-0.1635423565	-0.1495323569	0.1209682028	0.0100267027	-0.013876133	-0.0361676144	-0.0442449034	-0.0705102418	-0.045218962	-0.0016394394	0.0116451079	0.041850067799999995	-0.010748001799999999	0.0941175051	-0.08093701860000001	0.0453039725	-0.0745327336	-0.014582408400000003	-0.0516689571	0.1621252992	-0.0215717019	-0.048702782400000005	-0.0359307726	-0.0857199039	-0.1600560814	-0.1200985969	-0.0044861862	0.055198139800000004	-0.0247091039	0.057177740199999987	-0.102687159	0.0285519849	-0.0473956954	-0.043763478099999996	0.0699800098	0.0760146713	0.1382820017	-0.0004002627	-0.024623247400000003	-0.056270447300000005	0.11215226390000001	-0.0184089965	-0.0358942008	-0.0369796312	0.1000373575	-0.0833985968	0.08748813970000001	0.0139371973	-0.12489443789999999	-0.21467308570000002	-0.010806923700000002	0.1010013065	0.0403626647	0.026433020800000002	0.06981333690000001	0.07200816480000001	-0.0416713021	-0.037104245200000004	0.0163865991	-0.040591764100000004	-0.0623196275	-0.027532567	0.024300473599999997	0.0483124578	-0.052457844000000003	0.0268546412	-0.12362897070000001	0.07180486280000001	-0.10894547939999999	0.0593919442	0.0712844828	0.0982679756	-0.15318063769999998	0.0011538479	0.0436083378	0.0376862914	-0.0096372647	0.0897844656	0.0331983217	-0.0362978318	-0.0916786526	0.0	0.0	0.0	0.0	0.0	0.0	0.0	0.0364041	4.200000000002813e-06	1.7640000000023623e-11	0.0013252584968100002	-0.0410254	-0.018104	0.00032775481600000013	0.0016830834451600006	-0.13786099999999998	0.02205500000000002	0.019005655321	0.00048642302500000086	-0.0007092089999999999	-3.6862999999999826e-05	5.02977405681e-07	1.3588807689999873e-09	0.000302903	0.00013666599999999994	9.175022740899998e-08	1.867759555599999e-08	0.00110014	4.308000000000003e-05	1.2103080196000003e-06	1.8558864000000027e-09	0.0	0.0	0.0
495.9904917391815	0.8651069325368326	0.7484100047232878	246006.5678956751	634.6354207750644	-4.5511966522268485	20.713390967240887	402762.11730234313	437.23052148673753	0.2034404896429578	0.04138803282616642	191170.52891956444	437.2679271162541	571.8270227570731	0.955629	27.440191	0.0295548	0.017009599999999996	-0.020625656699999998	0.0980758723	0.0352960243	0.015041170100000001	0.0659408088	0.0034290583	0.0145948321	0.18247690670000002	-0.0178975822	-0.11763819	0.1308757528	0.0477713237	0.0208403469	-0.0017439043	-0.09149464060000001	0.0534668783	0.1005441374	0.0081158884	0.052101983	-0.030058954900000007	0.19779007710000002	0.0793080764	0.060955055999999994	0.027888871099999997	0.0413190086	0.009223821600000001	0.0609848618	-0.035757058	0.0445453921	0.0238176079	0.0930653333	-0.0051747838	0.015404723300000001	-0.0224534676	-0.0436386856	0.0899864925	0.1760561589	0.06538645059999999	-0.065202592	0.0503286265	-0.0318680167	0.046679645	0.1149411047	0.0191412961	0.0489527226	-0.014467005	-0.1363837503	0.0029973171000000002	0.133387908	-0.016625934	-0.0909158389	-0.053582057300000006	0.018472081799999998	-0.044455414000000006	0.0279906031	-0.007893219699999999	-0.045447860599999994	0.1130683661	-0.0716184394	0.0181342203	-0.0120542368	-0.1391561446	0.1150317908	0.0534128191	-0.0987605218	-0.0048540401	-0.0114580577	0.0563323481	0.1657286631	0.1140774682	0.08394023789999999	-0.029810732200000002	0.0364837895	0.0312727102	-0.0159834915	-0.009355124	0.015005958	0.0756209626	0.1210876146	0.0280397615	-0.026670472400000002	-0.1116519127	-0.0718373157	0.0469919583	-0.1506926669	-0.038422974500000005	0.0449228155	0.0535490853	0.04277059440000002	0.02009526	-0.055958090300000006	0.1069196867	0.0651847968	-0.0731721142	-0.0139916706	0.1381802975	-0.1615003939	0.014761143400000001	-0.048984443200000005	0.0883862042	0.0584392864	0.0474586612	-0.021047209	-0.0022909103	-0.0397471173	-0.10195566710000001	-0.032293016	0.0186233417	-0.0541523183	-0.0323899335	0.079122243	0.0884788418	0.0290218654	-0.0424009407	-0.0963416715	0.0	0.0	0.0	0.0	0.0	0.0	0.0	0.0364109	6.8000000000012495e-06	4.6240000000017e-11	0.0013257536388100002	-0.0283818	0.012643600000000005	0.00015986062096000009	0.0008055265712400001	-0.147128	-0.009267000000000023	0.021646648384000003	8.587728900000046e-05	-0.000694877	1.433199999999993e-05	4.82854045129e-07	2.05406223999998e-10	0.000302902	-9.999999999615353e-10	9.174962160400002e-08	9.999999999230703e-19	0.000961725	-0.00013841500000000013	9.24914975625e-07	1.915871222500004e-08	0.0	0.0	0.0
498.5370952520927	2.5466035129111897	6.485189451971613	248539.2353423941	640.3644085506514	5.728987775587028	32.82130093282561	410066.5757384256	438.1858281539321	0.9553066671945772	0.9126108283864104	192006.81999494726	438.2319642105052	590.1538303825192	1.0133390000000002	29.097296000000004	0.06509694999999999	0.0394594	0.0764148268	0.0810428168	0.053211001699999996	-0.0075730442	0.0547066554	-0.0296982224	-0.0099622407	0.10900091199999999	0.0077900402	-0.14751743720000002	0.069540089	-0.0259138334	0.006865144300000001	0.1505905113	0.0415437345	0.037207975899999995	0.0868093897	0.029836608100000002	0.0901964092	-0.027566330099999998	0.0753357748	0.0839820201	-0.0148563738	0.1538606371	-0.0178910181	0.0267505341	-0.08557629380000001	-0.0736158468	-0.0065918507	0.0306155825	0.0661800012	0.050229218799999996	0.0395457984	0.0497850659	0.023167466	0.1219683139	0.14844680400000002	0.0446746206	-0.0093343139	0.0524168936	-0.0710156081	0.021548340899999997	0.0948994801	0.0537477584	0.0574761992	0.043111514000000004	-0.1145019366	-0.0316809612	-0.0121916302	0.05342184690000002	-0.018010061299999998	-0.0343663047	-0.1184935975	-0.055210984500000004	0.0351202366	0.0395204975	-0.0130686256	0.0209212455	-0.0597249017	0.1161518186	-0.06132779400000001	0.0541686065	-0.018660630600000002	0.0371909714	-0.09107053220000001	0.018990363	-0.0339958712	0.0716736567	0.074544736	0.12214046320000001	0.0100111574	0.1027822875	-0.010421825400000001	0.12297855070000001	0.1018321866	0.0125186803	0.0415278485	0.0173059501	0.052862668099999996	0.071957309	0.0496556076	-0.1278587251	-0.0108848821	0.0667001928	-0.15208881429999999	0.0097495466	0.029814659700000006	0.0247617271	-0.006304353299999999	0.035401064700000005	0.01956684	0.1137999341	-0.010957576699999999	0.0051515097	0.0158601703	0.037679141	-0.0671024254	0.0923518691	-0.1061518794	-0.039181091	0.0964811144	0.0222689596	-0.0270367549	-0.0173519147	0.0590138187	-0.0852205632	-0.08509545859999999	0.1072064868	-0.0738805445	-0.0485007247	0.0390854659	0.0871395302	0.0248012137	-0.0483587909	-0.1004180641	0.0	0.0	0.0	0.0	0.0	0.0	0.0	0.0391316	0.002720699999999993	7.402208489999959e-06	0.0015312821185599994	-0.0541406	-0.025758799999999995	0.0006635157774399999	0.0029312045683600003	-0.139029	0.008099000000000023	0.019329062841	6.559380100000037e-05	-0.00120079	-0.000505913	1.4418966241e-06	2.5594796356900003e-07	0.000302903	9.999999999615353e-10	9.175022740899998e-08	9.999999999230703e-19	0.00102618	6.445500000000005e-05	1.0530453924e-06	4.154447025000006e-09	0.0	0.0	0.0
499.25446104409	0.7173657919973381	0.514613679527968	249255.0168724248	637.4952210417352	-2.8691875089161836	8.232236961320657	406400.1568510509	438.4542694235066	0.26844126957450953	0.07206071521077449	192242.14637570086	438.47743948553773	600.8227127075195	0.99955	28.701338	0.078501	0.0574379	0.133951177	0.068230702	0.0568637632	0.05239296	0.0394289166	-0.0393832721	0.012128356399999998	0.0429095013	-0.00036740510000000004	-0.1866897844	0.09990060710000001	0.0279419981	-0.114734523	0.0634594778	0.06314114559999999	0.0308587354	0.0339139923	-0.0020222563	0.0867498392	0.0317453618	0.044160548	0.1168367001	0.1702181378	-0.0116122654	0.1373352138	0.1441046605	0.0776622507	-0.056130759599999996	-0.0187318363	-0.09257422109999999	0.0418391258	0.0070023729000000005	0.011568708999999998	-0.0251194984	-0.1273996023	-0.0428724488	0.026340005299999997	-0.060228303899999995	0.057609166600000004	0.13714524220000002	0.0446063387	-0.0550866097	0.0541559034	-0.1086265024	-0.0393462802	0.07348837009999999	-0.0412195689	0.0570141514	0.1110267889	0.1213514817	-0.0892347411	-0.0181274825	-0.11560772230000001	-0.1589999328	0.006929621800000001	0.005264789000000001	-0.17008222469999998	0.0714347949	0.0820950543	0.0043994386	0.0568159326	-0.0222746179	-0.013748613	0.031194470699999997	-0.0439054309	0.0085736612	-0.0568902674	0.0311037012	0.0240845552	0.1069120808	0.22690976	-0.055591567800000005	0.0636249966	0.0692916075	-0.0241837426	-0.12981602009999998	0.0798936527	-0.0914914376	0.108347629	0.0482775096	-0.023727336800000002	-0.017311049	-0.0943179594	-0.0267168269	0.0363953839	-0.0670500108	-0.0348108721	-0.1308578981	0.068485959	0.048449655300000005	-0.0687023573	-0.046177745199999995	-0.0883544857	0.035540699	-0.0504778105	0.051075284000000006	-0.1142573702	0.0089499047	-0.1768598094	0.1064327109	0.10365559210000001	-0.0522722711	-0.0763866817	-0.08833990039999999	0.059482775099999996	-0.0356500733	0.1228338372	-0.0870268984	-0.0491306687	-0.0382956754	-0.004479260200000001	0.0857670407	0.0205427938	-0.054150971900000004	-0.1038830089	0.0	0.0	0.0	0.0	0.0	0.0	0.0	0.0388845	-0.0002470999999999932	6.105840999999662e-08	0.0015120043402500002	-0.041911800000000006	0.012228799999999993	0.0001495435494399998	0.0017565989792400006	-0.193727	-0.05469800000000002	0.037530150529	0.002991871204000003	-0.00109006	0.00011073000000000007	1.1882308035999998e-06	1.2261132900000016e-08	0.000379325	7.642200000000004e-05	1.4388745562500002e-07	5.8403220840000065e-09	0.00106557	3.939000000000004e-05	1.1354394249e-06	1.5515721000000032e-09	0.0	0.0	0.0
498.97573526785186	-0.2787257762381046	0.07768805833953392	248976.78438609344	641.9779369923359	4.482715950600664	20.094742293769613	412135.6715849356	438.5159850305082	0.061715607001588076	0.0038088161475744657	192296.2691272769	438.6051922470066	604.7754882290848	0.966041	27.739161	0.0295444	0.0143471	0.13930906269999999	0.0647214964	0.07366629179999999	0.0327616549	0.0283965712	-0.0655994998	0.0077570891000000005	-0.0798412617	0.0779131968	-0.0836284041	0.0320737569	-0.0749744703	-0.09305534509999999	0.0218404931	0.073231762	0.0303302136	0.033791593599999996	-0.0414806196	0.113052473	0.0770302054	-0.10871284070000001	0.1594964123	0.20768792100000005	-0.0116980217	0.062288872099999996	-0.0165613183	0.0042736512	-0.10626455900000001	-0.0738164344	0.0281024613	0.0009758924	-0.1052887043	0.0998031397	-0.0617475086	-0.0530405071	0.0084609449	0.0440116999	0.0675193801	0.1616709296	-0.027613641600000002	-0.033110562	0.0634353234	-0.0970774861	-0.0634718366	0.1164529307	-0.1141216826	0.1152924774	-0.029061063999999998	-0.0897383386	-0.167551623	0.08812499019999999	0.1343345884	0.11349573310000001	-0.0582703635	0.0640132013	-0.1244280083	0.09782261	-0.0839610633	-0.09037017050000001	0.0137792185	0.11085441929999999	0.0067806383999999996	0.0006022595	0.0302358402	-0.0437406738	-0.0096653474	-0.08354415059999999	0.0348302656	-0.1235053331	0.10927694130000001	0.24021293100000002	0.0382327695	-0.013905316000000001	-0.0652228128	0.0009060857000000001	-0.0532181112	0.12670510210000002	-0.0099870464	-0.0075013275	-0.0774635154	0.0806791679	0.0136128524	-0.08651698699999999	0.0607977945	-0.0315470968	0.15046087519999998	0.031183147	-0.08227779639999999	0.0754310501	-0.031293652000000005	-0.006602506899999999	-0.047498613200000005	0.16880702	0.005862684599999999	0.0227036587	-0.09820592660000001	0.0054142291	-0.0456400558	0.17065059429999999	-0.0842353602	0.0188998046	-0.0035869864	0.0491513508	-0.1001476669	-0.2307840378	0.025497600699999998	-0.051271505499999995	0.041007275	0.1794767364	0.0356648174	-0.0755226301	0.08436189570000001	0.0162530906	-0.059757640599999995	-0.1067154078	0.0	0.0	0.0	0.0	0.0	0.0	0.0	0.044207800000000005	0.005323300000000003	2.8337522890000036e-05	0.0019543295808400005	-0.0474033	-0.005491499999999996	3.0156572249999957e-05	0.0022470728508899997	-0.204745	-0.011018	0.041920515025000014	0.00012139632400000001	-0.00105489	3.516999999999995e-05	1.1127929121e-06	1.2369288999999965e-09	0.000302903	-7.642200000000004e-05	9.175022740899998e-08	5.8403220840000065e-09	0.00110821	4.2640000000000046e-05	1.2281294041000002e-06	1.8181696000000033e-09	0.0	0.0	0.0
497.73355401861687	-1.2421812492350457	1.5430142559511382	247738.6907960034	639.455308000413	-2.5226289919229434	6.363657030890162	408903.09092990303	438.10603508711404	-0.40994994339416735	0.16805895608888102	191936.8979797516	438.1183133817348	595.9256851566017	1.000999	28.742966	0.06952219999999999	0.0321906	0.0816336507	0.0698433981	0.067259613	0.0371530085	0.0497896508	-0.054959062999999996	0.0386039379	-0.0618856912	0.0479412838	-0.0304039023	-0.077962447	0.0509256307	-0.0427523995	-0.0041607263	-0.0373553854	0.0360967446	0.0339921063	-0.069452705	0.1025682073	0.0755750725	0.0140527802	0.0428326391	0.0197987524	0.050315313099999995	0.040132284	0.1303759267	0.07815660940000001	0.0599472254	-0.1484974348	0.0622292407	-0.1046297025	-0.10697523210000001	0.0665950378	0.1921578955	-0.10191047800000001	0.0706952833	-0.053078775300000006	0.060685096699999996	-0.0519125734	-0.030061155	0.0882567175	0.0417466856	0.048761512300000004	0.0380515631	0.0239658008	0.0261934996	0.029912860899999998	-0.022156565	-0.0071729525	0.0176219263	-0.005761223199999999	-0.0098838861	0.052630257800000003	-0.055462432	-0.1843872163	0.0199453362	0.0053052215	-0.0227983099	-0.0005357676	0.1624995111	-0.2117777667	-0.1720030053	-0.153724961	0.0363551029	-0.0364268157	-0.029814491499999998	-0.0884769944	0.0203254312	-0.0348273696	0.0609318775	0.0826150511	-0.046217511399999994	-0.005111711	0.1491763719	-0.1226361291	0.0185614478	0.0624366683	-0.0471095358	-0.0846369482	-0.10462981	-0.0522494624	-0.179554548	-0.08581694960000001	0.0684530734	0.08510321539999999	0.0419320121	-0.1036788494	0.12477072199999999	-0.001550969	-0.0602594678	-0.0446497454	0.0848397541	0.023227724900000003	0.0198344263	-0.0399636081	-0.0388456161	0.0871095543	0.005959868399999999	0.0360977571	0.0429870917	0.027070260699999998	-0.1132827155	-0.056889476200000004	-0.00020549860000000002	0.0195705865	-0.0095009673	0.10339827289999999	0.2787202219	-0.17196438879999998	0.08573138039999999	-0.07956728860000001	0.0829246304	0.011938636599999998	-0.0651595895	-0.10889801439999999	0.0	0.0	0.0	0.0	0.0	0.0	0.0	0.03885	-0.005357800000000003	2.870602084000003e-05	0.0015093225000000002	-0.0317324	0.0156709	0.00024557710681000005	0.00100694520976	-0.183855	0.02089000000000002	0.033802661025	0.0004363921000000008	-0.0013066000000000006	-0.0002517100000000007	1.7072035600000016e-06	6.335792410000035e-08	0.000197873	-0.00010503	3.9153724129e-08	1.1031300899999998e-08	0.00091288	-0.00019533000000000007	8.333498944000002e-07	3.8153808900000025e-08	0.0	0.0	0.0
497.45124508866087	-0.28230892995600243	0.07969833193290309	247457.7412402589	642.3057210248385	2.8504130244255066	8.124854409814564	412556.6392612376	437.5827076399272	-0.5233274471868299	0.27387161697908424	191478.62602549	437.6442220602397	591.6642243535895	0.984753	28.276463	0.05182470000000002	0.0225259	0.0444122849	0.0576678984	0.074492281	-0.0087949677	0.035708141299999996	-0.06367639900000001	-0.0011431888000000001	-0.13852313230000002	0.0386089253	-0.0010028997999999999	0.09429266730000001	-0.0414646946	-0.09464752130000001	-0.0422311643	-0.11800952070000001	0.0447915501	0.028360667599999997	0.0011687171000000001	0.1018107516	0.0095050589	-0.010531601000000002	0.067383738	0.09518262710000001	0.050839585199999995	0.0516191878	-0.028585344900000007	0.09789940189999999	-0.0051526939	-0.0483531339	0.038541145	0.0931791561	-0.09050823050000001	0.1146308303	0.034107998	0.0884589326	-0.08903111779999999	0.012059373799999999	-0.0021949243	0.056989714000000004	0.12478925619999999	0.0513849905	-0.0402639702	0.0662504383	0.1310328911	-0.1221712959	-0.0092292992	0.0727076695	-0.047828822	-0.09131706980000001	-0.05770809320000001	0.0457319721	-0.0392479611	0.0115810826	0.0989425322	0.05859467190000001	0.0666083599	0.1198334915	0.0062696934999999995	0.0215542367	-0.1076759139	-0.0375382125	0.0365040986	-0.057433285599999995	0.045189235999999994	-0.035953236	0.0190460924	-0.0789870005	0.0398577725	-0.0196060565	0.0605901032	0.1267030018	0.068132419	0.0183664276	-0.0081469207	-0.088171938	0.0034169791999999997	0.0737282195	0.0127443611	0.09883303539999999	-0.1057208671	0.0401470033	-0.0904258149	0.0820609397	0.012979266399999998	-0.0113379946	-0.0036848804	0.0730288296	-0.0897062633	0.021224051400000003	-0.0006830345	-0.0388999931	0.0512393613	-0.15815503109999998	0.023195591600000003	-0.0332477384	-0.0381501335	0.09605050300000001	-0.046114493099999994	0.11412633130000001	-0.0549080341	-0.047233327400000004	0.10883039380000001	0.1111662893	0.13086938	0.0207965477	0.011677761799999999	-0.0468280708	-0.024243842	-0.012316824799999999	0.1150427194	-0.0826544835	0.081455792	0.007606002	-0.07033831230000001	-0.11041753859999999	0.0	0.0	0.0	0.0	0.0	0.0	0.0	0.0412777	0.002427699999999998	5.89372728999999e-06	0.00170384851729	-0.0255262	0.006206200000000002	3.8516918440000026e-05	0.0006515868864400001	-0.19692	-0.013065000000000021	0.038777486400000005	0.00017069422500000055	-0.00156393	-0.0002573299999999994	2.4458770449000004e-06	6.621872889999969e-08	0.000365219	0.00016734600000000002	1.33384917961e-07	2.8004683716000007e-08	0.00109072	0.00017784000000000007	1.1896701184e-06	3.1627065600000023e-08	0.0	0.0	0.0
496.62650332161485	-0.8247417670460209	0.6801989823101929	246637.8838014539	640.4643595971821	-1.841361427656352	3.3906119072606398	410194.5959142286	436.58384090095535	-0.9988667389718556	0.9977347622242694	190605.4501358307	436.611135734631	587.9532534547318	1.0356040000000002	29.73661	0.06541190000000001	0.038785	0.022855841000000002	0.048879089199999996	0.0591455702	0.0294997673	0.0579796255	-0.054372627400000005	0.0457343251	0.0120764709	0.04770345	0.052719036799999994	-0.06567619059999999	0.0932696063	-0.0165777634	0.0297097072	-0.058953850499999995	0.0602851858	-0.038939829100000004	0.0465123833	0.0572799584	-0.0016641126000000001	0.022904332200000002	0.047578353	-0.08171573	0.08465335460000001	0.0387242959	0.0098429937	0.1203062151	0.10571796439999999	0.1214593168	0.017485016699999998	-0.06823096049999999	-0.08893936050000001	0.08894347080000001	0.0150481807	-0.1604068891	0.049587944	0.0591388296	-0.044341587599999996	0.010762125800000001	-0.1053288451	-0.0176594018	-0.0773384237	0.07102455349999999	0.046484892800000004	0.026571672	-0.026039166699999998	0.092782616	-0.0368778127	0.0032480522999999996	0.0134760008	0.0814038007	0.154414617	-0.0693564982	0.0790238192	0.1048240631	-0.052826909400000004	-0.10261240029999999	0.0839602851	0.025500693300000002	-0.0643898578	0.0416720463	0.0072509426	-0.0453813449	0.060071364	0.029950671	0.060606437	-0.0361583255	0.0185894492	0.022265654500000003	0.0692008663	-0.0243425877	0.0634461893	0.0293136411	0.0743974815	-0.12078229689999999	-0.0654721966	-0.1505244476	0.060149208899999994	0.0166725918	-0.1221125652	0.047482508	0.0071747616	-0.1383865795	-0.0343949691	-0.008231931500000001	0.018189713	-0.13174690990000001	0.0662774884	-0.0321691127	0.055243930499999996	-0.0777091516	0.0563570545	-0.0534841462	-0.0233352949	0.0322258527	-0.1175832318	-0.0158211349	-0.09572497640000001	-0.0357894943	-0.1531765411	-0.0373868947	0.05808482230000001	-0.054629437999999995	-0.09769598539999999	-0.024604635899999998	-0.0046489513	0.0119163751	-0.10711680109999999	-0.072711138	0.0532670287	-0.0352199894	0.0799559396	0.0032617847999999996	-0.07527606769999999	-0.11126472820000001	0.0	0.0	0.0	0.0	0.0	0.0	0.0	0.0410281	-0.0002496000000000026	6.230016000000129e-08	0.0016833049896099997	-0.0329308	-0.007404600000000005	5.4828101160000065e-05	0.0010844375886400002	-0.178617	0.018303000000000014	0.031904032689	0.0003349998090000005	-0.00215017	-0.0005862399999999997	4.623231028899998e-06	3.4367733759999965e-07	0.000536433	0.00017121400000000002	2.8776036348900003e-07	2.9314233795999998e-08	0.00105908	-3.1640000000000104e-05	1.1216504464e-06	1.0010896000000064e-09	0.0	0.0	0.0
497.2501288677849	0.6236255461700466	0.3889088218358889	247257.6906590287	639.3563572337937	-1.1080023633884366	1.2276692372743612	408776.5515352664	436.8313759786291	0.2475350776737741	0.0612736146789614	190821.65103938247	436.8456636103772	587.9315314132019	1.085556	31.17094	0.06048574999999999	0.0456481	0.0272048192	0.014423441499999997	0.060375526	0.0176300227	0.0210326734	-0.059536820899999995	0.04253341099999999	-0.0344862377	-0.1273848715	-0.0530392325	0.052192176500000007	0.1279914185	0.0650897116	0.048844146100000006	-0.0396808514	0.0555794534	-0.0153266579	0.0705680036	0.0205886212	-0.0983536216	0.1241446464	-0.003327236	-0.0705365516	-0.134579501	0.0314651448	-0.09348603890000001	-0.0651197071	-0.1071597151	0.030553370099999998	0.0703126904	-0.0052053253	-0.1067782695	-0.0311244556	0.10645831119999999	0.0741666061	-0.0160423547	-0.0247774997	0.0173380975	0.006494328000000001	0.13121013210000002	0.0811614754	-0.1607230322	0.0283665371	-0.1417735834	-0.12475862880000001	-0.1790976314	-0.1025444427	0.0605010853	0.0914050704	0.1099936133	0.0348711548	0.0076539049	0.0821803369	0.0020285169	0.058525682999999995	-0.1135859899	0.0061822173999999995	-0.0623541409	0.0203682573	-0.0946059256	0.1020970018	-0.0743067515	0.054619716799999996	0.0554861087	0.0060341741	0.0676610088	-0.011186543500000002	0.0371622824	0.1240588767	0.0026752851	-0.0777010593	-0.0634130175	0.11080636279999999	-0.1301739892	0.1038357942	-0.024374947400000003	0.05890518860000001	0.08013735150000001	-0.038905847	-0.07172392059999999	-0.0957131948	-0.170062438	0.078606089	0.06101932280000001	0.0591450122	-0.0266241934	0.0504350271	-0.0728131371	0.0354204228	0.009596492	-0.09315401820000001	-0.1874948552	-0.10302457720000001	-0.1405359981	0.07393696030000001	0.0672433772	-0.0893488097	-0.0399551887	-0.0275130546	0.0792797685	-0.0851942345	0.0187725446	0.048709127000000005	0.006110892099999999	-0.1219528517	0.109794352	0.06587289639999999	-0.0156003799	0.0549540733	0.0140700896	0.028601340899999998	0.0784256445	-0.0010873996000000002	-0.0799559396	-0.1114344244	0.0	0.0	0.0	0.0	0.0	0.0	0.0	0.0461564	0.005128300000000002	2.6299460890000023e-05	0.00213041326096	-0.0273553	0.005575500000000004	3.108620025000005e-05	0.0007483124380899999	-0.223185	-0.044568	0.049811544225000004	0.001986306624	-0.00211667	3.349999999999968e-05	4.480291888900002e-06	1.1222499999999782e-09	0.0005913919999999999	5.495899999999993e-05	3.4974449766399994e-07	3.0204916809999925e-09	0.00104326	-1.581999999999994e-05	1.0883914276000002e-06	2.502723999999981e-10	0.0	0.0	0.0
497.8692874322457	0.619158564460804	0.3833573279451635	247873.8273682921	638.1054687322933	-1.2508885015004123	1.5647220431859477	407178.5892260597	436.3218078206248	-0.5095681580042992	0.25965970765189444	190376.71997985823	436.35038433946295	595.5004392067293	1.009631	28.990808	0.07782879999999998	0.042082199999999986	0.0681416042	-0.018593818300000002	0.038256463500000004	0.0553071847	-0.0092468807	-0.0513549088	0.060637045	0.0946673467	-0.0164981718	0.0537242142	0.054378160599999996	0.0551793627	0.0865462378	0.1287684912	0.05120664019999999	0.060405062999999995	-0.030239145099999996	0.06534836549999999	-0.0800458738	-0.1645076351	0.0331114016	-0.021601616299999998	-0.05378951480000002	0.0670092934	0.08631731769999999	-0.1422436487	0.0008581389	0.0368394289	-0.0737785838	-0.06749024719999999	-0.054580207699999994	-0.0648818635	0.08579489679999999	0.07368467719999999	0.0836496543	0.0444097348	-0.0601040059	-0.0410181896	-0.0039852538	0.027293457799999997	0.13906783949999998	0.09760859699999999	-0.035297401400000004	0.0363103996	-0.025585362799999997	-0.1456769147	0.2506443409	-0.0620692087	0.0466486053	0.0270885575	-0.011892236899999999	-0.08790384119999999	-0.119526446	0.015166198300000001	0.21934745460000002	-0.029892812999999997	-0.0161021149	0.0373600767	0.0758350377	0.043491399400000005	-1.84622e-05	-0.08219656	0.015984202	0.0598421586	0.032378987799999995	0.0562105082	0.0774395845	0.052258439000000004	0.0916403611	-0.051597853	-0.0842581134	0.145479207	0.1410761085	-0.0751264794	-0.0307066065	0.0456730938	0.017387357	-0.08862481380000001	-0.0074167428	-0.1059380712	-0.0332082119	-0.054182250300000005	0.0941111134	0.036241929	0.0347790022	-0.0430832474	-0.12296233179999999	-0.0339345285	0.062319088099999996	-0.11526454439999999	0.0464152216	-0.0312634685	-0.0054592787	-0.0503720338	0.0293844868	-0.2225417233	0.038880352400000005	-0.16497314529999998	-0.030854463500000002	0.0044952395000000004	0.13127841980000002	0.1821984345	0.1375462219	0.0156204385	0.033981796200000004	-0.0667801193	0.08567671439999999	-0.0037725449	-0.0443622821	-0.1166378449	0.08664159210000001	0.0768654892	-0.005434928100000001	-0.08436189570000001	-0.1109255941	0.0	0.0	0.0	0.0	0.0	0.0	0.0	0.0463545	0.0001980999999999997	3.924360999999986e-08	0.00214873967025	-0.0531876	-0.0258323	0.0006673077232899997	0.0028289207937599995	-0.194751	0.028433999999999987	0.037927952001	0.0008084923559999992	-0.0022305	-0.00011382999999999966	4.97513025e-06	1.2957268899999923e-08	0.000358084	-0.00023330799999999994	1.2822415105599996e-07	5.443262286399998e-08	0.00116341	0.00012014999999999986	1.3535228281e-06	1.4436022499999964e-08	0.0	0.0	0.0
498.1801515282581	0.3108640960124376	0.09663648618963	248183.46337671825	640.670417258929	2.5649485266357037	6.578960944290666	410458.5835507301	437.088376198054	0.7665683774291665	0.5876270772743851	191046.2486074516	437.18266708819425	600.7191493141024	0.983822	28.24972	0.0351203	0.0186392	0.0879602466	-0.0420000149	0.0450340778	0.0633106415	-0.0512750717	-0.056497273499999986	0.0377999891	-0.0653656235	-0.0681635516	-0.011858733500000001	-0.0474720188	0.0472458699	-0.0029573616999999997	0.0683278249	0.1064387571	0.0457975687	-0.0278124248	0.0916578376	0.050927386	-0.162353128	0.044366401500000006	0.0037614875	-0.082125065	0.04845571	0.1734080792	-0.021205002200000003	0.0463849047	0.13272742380000002	-0.044403869000000006	-0.0094530075	-0.0234432155	-0.053456455	0.0771245659	-0.070186088	0.046655354100000004	-0.0398223317	-0.0814693209	-0.0037127221000000004	0.0829628963	0.09474443240000001	0.025812406200000002	0.0129456055	-0.0071526317	-0.099462892	-0.0306957175	0.029055048700000002	0.022320376	0.029123112599999997	-0.1549505793	0.022906055699999997	-0.0168827023	-0.0448953752	0.0758525281	0.0879253492	-0.0843114242	-0.0887847709	0.0236202917	-0.10798484400000001	0.054089064299999996	0.0955290666	0.039389253	0.0926189946	-0.089117549	0.045322467699999994	0.0284036462	0.09173358820000001	0.0147476211	0.13987374019999999	0.0558099417	-0.0047807213000000005	-0.05599262309999999	0.0323244523	0.1977831722	0.0373979712	-0.1094839542	0.0420869478	-0.0274801519	-0.060895354400000004	-0.008199320500000001	-0.08232268570000001	0.0400055693	0.0282539939	0.0171756569	0.0985900832	0.0558818628	-0.0310591569	0.0230362834	-0.1203975957	0.0340751264	-0.0194052737	-0.0510673644	-0.1070008598	0.013966392900000001	0.003439613	-0.0528717375	-0.050064281399999994	0.14836618669999999	0.09714141009999999	0.0641633615	0.0572735581	-0.0887088568	-0.0101210502	-0.055000008499999996	0.06456397030000001	-0.0505886523	0.0247840943	0.0639900054	0.055471415700000005	0.10962165289999999	-0.13880899789999998	0.039385286299999996	0.07527606769999999	-0.00977418	-0.0884788418	-0.10974133550000001	0.0	0.0	0.0	0.0	0.0	0.0	0.0	0.0473309	0.0009764000000000024	9.533569600000044e-07	0.0022402140948099996	-0.0422957	0.010891899999999996	0.00011863348560999993	0.0017889262384899996	-0.198998	-0.004247000000000001	0.039600204004	1.8037009000000005e-05	-0.0022305	0.0	4.97513025e-06	0.0	0.000618914	0.00026083000000000004	3.830545393960001e-07	6.803228890000002e-08	0.00104414	-0.00011926999999999988	1.0902283396000002e-06	1.4225332899999967e-08	0.0	0.0	0.0
497.5472388746325	-0.632912653625624	0.4005784271194291	247553.25491177067	636.9434512536893	-3.72696600523966	13.890275604212071	405696.96009496093	437.10888600711485	0.020509809060854426	0.00042065226771270615	191064.17822638093	437.0989083843697	596.7791636642207	1.013811	29.110846	0.017221550000000002	0.0120066	0.0632747642	-0.0587342432	-0.012828290800000001	0.0883156894	-0.0803336558	-0.0356856929	0.0899565068	0.0158910289	0.0660675636	0.1269832577	0.1066762461	-0.09934297630000001	0.08688601580000001	0.008706910200000001	0.047611646900000006	0.0406092832	-0.0162931515	0.1209506781	0.010623853400000001	-0.1274741535	-0.0450411851	0.0845739117	-0.049619938200000005	0.052619064699999996	0.050077914800000005	0.023279695299999997	-0.0767952064	0.0197504504	-0.0430538748	0.045892898200000004	0.0849802966	0.0699732978	0.06317649389999999	-0.0521598942	0.0897547605	-0.0015487652	-0.0604230996	-0.09024781859999999	0.026655241899999998	0.0269408196	0.0333130297	0.0992792485	-0.030771842599999998	-0.1400234018	-0.0657651999	0.15174726789999998	-0.0475734571	-0.0664338602	0.0278671935	0.1636536352	-0.0921653458	0.09047731380000001	0.11180129330000001	0.1753128081	0.10185233839999999	-0.029763406699999998	-0.0697681637	-0.0460590716	-0.0781737013	-0.0921631564	0.0002477097	0.1165778977	0.07692610450000001	0.04004017	0.0349545916	0.0881436736	0.0746318904	0.12767182929999998	-0.0364845401	0.0650495167	-0.0427330787	0.0676941607	0.0787970593	0.0392875555	0.0364044948	0.05112347440000002	0.0873278883	0.0140536605	0.0441760833	0.0044124132	0.0919360438	0.06100240730000001	0.1142470583	0.0045078274	0.0015870634	-0.060539525	-0.0328076821	-0.08701371949999999	-0.0903059026	-0.08776666400000001	0.0294919263	-0.0675905289	-0.0115305574	0.1504288529	-0.022503917400000004	-0.0057960893000000005	-0.0750334843	0.0313913492	-0.1004937526	0.1102594427	-0.2332238128	0.0722465621	-0.14487474109999998	-0.1025779518	0.0396437917	0.0332173405	-0.0871109109	-0.0872360435	0.013667573300000001	-0.0601816467	0.034347730800000004	0.0736579852	-0.0140985475	-0.092292674	-0.10788885960000001	0.0	0.0	0.0	0.0	0.0	0.0	0.0	0.050899300000000015	0.0035684000000000063	1.2733478560000043e-05	0.0025907387404900013	-0.0311216	0.0111741	0.00012486051080999998	0.0009685539865599999	-0.199085	-8.699999999997599e-05	0.039634837225000004	7.568999999995821e-09	-0.0022305	0.0	4.97513025e-06	0.0	0.0005758030000000001	-4.311099999999997e-05	3.3154909480900013e-07	1.8585583209999975e-09	0.00104887	4.729999999999882e-06	1.1001282768999998e-06	2.237289999999888e-11	0.0	0.0	0.0
497.7046213728332	0.15738249820071815	0.02476925073989905	247709.89013587532	637.1967529050975	0.25330165140815103	0.06416172660609644	406019.7019127999	437.51894405492	0.4100580478051937	0.16814760256980665	191422.82640693226	437.5122106786642	597.6582910496489	1.022103	29.348946	0.05544939999999998	0.032835699999999995	0.0732456019	-0.0467696091	-0.059430149	0.0596005057	-0.1074896187	0.0315013309	0.0580458915	0.050051492999999996	-0.0010841028999999999	-0.0434452806	-0.10834401130000001	-0.045972987300000004	-0.030085128	-0.0425591296	0.1663260301	0.0296298629	-0.0358232956	-0.019266017	-0.0790717576	-0.09318391359999999	0.028747855	0.0352640789	0.0394893162	-0.0176471758	0.0627911702	0.10096162119999999	0.0780363109	0.043742997900000004	-0.0031510805	0.010530688500000001	-0.088473824	-0.0087619771	0.044603350800000004	-0.1461612256	-0.06392585860000001	0.1208646923	-0.144850346	0.16269903900000002	-0.0053920975	0.0025300927	0.0050104471	-0.0028141509000000004	-0.10757958890000001	0.0280504154	0.048597689400000005	0.0665509795	-0.0007842994	-0.009654123399999999	0.1585201835	-0.051058962	-0.14756372269999998	-0.0301255312	0.10165991630000001	-0.025313689	-0.023650129	0.0230585272	-0.1327849377	0.1374618796	0.12131887470000001	-0.023794322000000003	0.030425585800000002	0.0589272884	-0.0211538096	0.0290179696	0.0596873053	-0.0114795114	0.1027469368	0.0551976065	0.0635998416	-0.0030007909999999996	0.0383335003	-0.041799653	0.005383104200000001	0.0465664835	-0.0959303239	-0.058146624	0.0020141575	-0.0055007579	-0.0688717358	-0.0214419611	0.0311595888	0.1318141659	-0.0595298021	0.183339225	0.047250947	-0.0255896651	-0.029269461299999997	0.12431981369999999	0.1492685701	-0.0075469783	0.0801681955	0.0174310526	0.0392438631	0.0742170893	-0.041077146099999996	0.0658982356	-0.0805430958	-0.0552280951	0.0848506691	0.1442044544	0.027378720699999998	-0.0193676503	-0.0678589733	-0.028784120299999997	0.0140238928	-0.1060404411	0.1164169915	-0.1434611511	-0.10573741710000001	-0.0096407477	-0.0897141603	0.07201185780000001	-0.0184014453	-0.0957903267	-0.1053794461	0.0	0.0	0.0	0.0	0.0	0.0	0.0	0.051172	0.0002726999999999938	7.436528999999661e-08	0.002618573584	-0.0288491	0.0022725	5.164256250000002e-06	0.0008322705708099999	-0.209959	-0.010874000000000024	0.044082781681	0.00011824387600000048	-0.0016892	0.0005413	2.8533966399999993e-06	2.9300569e-07	0.000471135	-0.00010466800000000004	2.21968188225e-07	1.0955390224000008e-08	0.0008542339999999999	-0.000194636	7.297157267559998e-07	3.7883172495999986e-08	0.0	0.0	0.0
497.4557812058511	-0.2488401669821201	0.06192142870368941	247462.25425512358	637.1895970565006	-0.007155848596880787	5.120616914148073e-05	406010.5825970256	437.57772883122686	0.05878477630682255	0.003455649925443166	191474.26876909472	437.5749216345547	596.7353739089534	1.067611	30.655657	0.11976354999999995	0.0696319	0.0714484819	0.0045488796	-0.1295597902	0.07253623370000001	-0.0834501966	0.1159685648	0.0533981367	-0.029017145699999997	0.0130153367	0.0097691958	0.0653320447	-0.0566976747	-0.0660266502	-0.014282536299999999	0.02139761	0.0254705039	-0.0663359744	-0.021011704300000003	-0.024521615	-0.07767710000000001	-0.1135270698	0.099127411	0.021994645	-0.004851635	-0.0225115152	-0.060148140499999996	0.0446813442	0.075687875	0.0233284278	0.0835956865	0.0966108113	-0.0430198675	0.0486751337	0.028329648199999998	-0.05801524440000001	-0.0318896529	0.0111705292	-0.12365320689999999	-0.109752612	-0.0874211392	-0.0959500274	0.0741013842	-0.0871530329	0.052118608600000005	-0.0679342445	-0.058672138799999995	-0.0606676185	0.0817668067	-0.1014216441	0.0558543654	-0.0515086372	-0.11106669029999999	0.0437645241	0.0520614475	0.0006121131	0.0833599868	0.1171956369	6.5873000000000004e-06	0.06837488580000001	-0.1065503632	0.0561518508	0.1011043298	-0.0072107224	0.0253478838	0.1002619561	-0.0378564854	0.0789351241	0.1088178174	-0.09694265619999999	0.0458904903	0.0413869554	0.052159476100000005	-0.0218536482	-0.0404557029	-0.0735877331	0.035406814700000004	-0.0184098699	0.0876166381	0.063699928	-0.10169886130000001	0.0716552669	0.0120234877	-0.019319886799999998	-0.1188989357	0.0159572807	0.002400382	-0.047357074900000004	0.0282708702	-0.10945713539999999	0.0202969893	0.14332074279999998	-0.024173844	0.033095039300000004	-0.1112719552	0.0073309377	0.0834589822	0.09912807720000001	0.0858630066	-0.04892476	0.0526368713	-0.0713186777	0.0274178715	0.09305722529999999	0.1327311655	0.0521993549	0.0106780959	0.013356233600000001	-0.11355622900000001	0.0862108269	0.015303068400000001	-0.0316653545	0.07033831230000001	-0.0226763207	-0.0989598175	-0.1022283749	0.0	0.0	0.0	0.0	0.0	0.0	0.0	0.0540087	0.0028366999999999976	8.046866889999986e-06	0.0029169396756900004	-0.0609687	-0.0321196	0.00103166870416	0.00371718237969	-0.194917	0.015041999999999998	0.037992636889	0.000226261764	-0.00274825	-0.00105905	7.552878062499999e-06	1.1215869025e-06	0.000222713	-0.00024842200000000004	4.9601080368999985e-08	6.171349008400001e-08	0.0009420670000000002	8.783300000000027e-05	8.874902324890005e-07	7.714635889000048e-09	0.0	0.0	0.0
497.26443908276013	-0.19134212309103305	0.036611808068984036	247271.922376292	638.0216760535618	0.8320789970612168	0.6923554573504004	407071.6591141962	437.9284435632687	0.3507147320418085	0.12300082327115752	191781.32168174695	438.01596629769165	592.8258903746766	1.021367	29.327797	0.1224733	0.0565305	0.0571146563	0.0366789336	-0.1634599064	0.0196711151	-0.06354465990000001	0.1573352969	0.0268612242	0.0124492967	0.05464621	-0.0600596074	-0.1466786842	0.028022925299999998	-0.0408541845	0.01317375	-0.0091565326	0.0178728541	-0.0356636936	-0.1020106629	-0.0099405631	-0.0488444004	-0.06477966269999999	0.0808595653	-0.1603549144	-0.0619586482	-0.0083994492	0.0751673443	-0.0155102748	0.086620158	0.012037705800000001	-0.0782380402	0.059064748099999995	-0.0716989878	-0.13393781970000002	-0.0389558935	-0.057709915	0.08696745609999999	0.1001021633	0.09202077119999999	-0.09462878539999996	-0.1348107569	0.0159523126	-0.0080354572	0.0517751969	-0.1798837046	-0.0483399615	-0.022578282400000003	0.09215236660000001	-0.013648156399999998	-0.0192403284	-0.0647138782	-0.0009609887	0.019873258	-0.0659269175	-0.0072421778	0.0910767292	0.11815638810000001	0.0452105162	0.0367821502	-0.0073332806	-0.008579256	0.0506918908	0.0143487238	0.0894672411	0.0171267216	0.0686673652	-0.1164368672	0.0380902813	0.125002081	-0.0903865027	0.06441763889999999	-0.1307382449	-0.10172151550000001	0.0141953822	0.0262287971	-0.0172494334	-0.0139749441	-0.1074273836	-0.017003644	0.0811236807	0.0227271402	-0.11127741740000001	0.0170850301	-0.0974790109	0.0056874585	-0.0921251949	0.0482947376	0.0398233791	0.15088162630000002	-0.0686464381	-0.100461513	-0.0733772608	-0.1351847359	0.052825661100000004	-0.0040163253	-0.04902346690000002	-0.10287156900000001	-0.060686349699999996	0.0247228029	0.0101346547	-0.0563430217	0.0347820919	0.0155273593	0.1240906594	0.0099935964	0.0678778996	-0.0557824763	-0.0259102463	-0.0795612451	-0.0079742104	0.031498541	0.0109760591	0.0686379858	-0.026916663700000003	-0.1017902883	-0.098454833	0.0	0.0	0.0	0.0	0.0	0.0	0.0	0.035172800000000004	-0.0188359	0.00035479112880999986	0.0012371258598400006	-0.0218447	0.039124	0.001530687376	0.0004771909180900001	-0.172728	0.02218900000000001	0.029834961984	0.0004923517210000006	-0.00255914	0.00018910999999999969	6.5491975396e-06	3.5762592099999886e-08	0.0007170880000000001	0.000494375	5.14215199744e-07	2.4440664062500003e-07	0.00110507	0.0001630029999999999	1.2211797049000002e-06	2.6569978008999965e-08	0.0	0.0	0.0
497.5016929727248	0.23725388996473384	0.056289408303398035	247507.9345107273	638.8333647293525	0.8116886757907196	0.6588385064068919	408108.06789142604	437.72542347966805	-0.20302008360062015	0.04121715434520281	191603.54636045475	437.667331938349	586.9948150379765	1.139356	32.715790000000005	0.11644266	0.0672173	0.050044845	0.1169676998	-0.1116736682	-0.0576154172	0.0396875137	0.1546043272	-0.029131444399999998	-0.0436078404	-0.11128635939999999	0.0379463563	0.0691583194	-0.1366620289	0.0230378706	0.10399423070000001	0.029365020099999996	0.0165482366	-0.0060258439	-0.1736002148	0.0683924141	-0.0059544616000000005	0.0272585706	0.1534029468	-0.0665117501	-0.0440002882	-0.097707734	-0.0103883499	-0.0838734958	0.0372681844	0.0070192628	-0.0083578942	-0.0397316477	0.014855669299999999	0.1423718149	0.061335237199999997	-0.0837241128	0.0879792897	-0.0242790064	-0.0338586148	0.0144863398	0.0584361349	-0.0718707603	0.02414433	-0.0732496811	-0.14126910269999998	-0.1299744604	0.0805104514	0.0447552446	0.0294057176	0.0720741439	0.0203175533	-0.0600247559	-0.1837938912	0.0028677998999999997	0.0534608817	-0.1255050691	0.0683693371	0.1786016479	-0.0042061921000000006	0.029825239	0.0040765522999999994	-0.07634528269999999	0.028449649	-0.0649990225	0.0165981149	0.0223503539	-0.1819998236	-0.0429151679	0.0759959278	0.0002800915	0.1536015893	-0.0491066892	-0.0442098246	-0.09549249380000001	-0.0414179255	0.0763527383	0.0044094249	-0.0618285178	-0.06345067480000001	-0.0052262118	-0.07319823290000001	0.12257778289999999	-0.1186445486	-0.0681008136	0.0497285045	0.0322304707	-0.055394407400000005	-0.0719600027	-0.058894867300000014	-0.1113965079	-0.038090097	0.0468820995	-0.1269765919	0.0030966361	0.0892510716	-0.049964349299999995	0.041443452799999995	0.053986447699999995	-0.0549634394	0.0320592395	0.1826433129	0.0195078638	-0.0740628121	-0.026257661600000003	0.2564845314	0.0899639003	-0.0190188628	-0.0245648084	0.0482649567	0.014446131200000004	-0.0334886026	-0.027106110699999998	0.0669115258	-0.031116017200000002	-0.1042720423	-0.0940817976	0.0	0.0	0.0	0.0	0.0	0.0	0.0	0.0351184	-5.440000000000306e-05	2.9593600000003325e-09	0.00123330201856	-0.00490074	0.01694396	0.0002870977804816	2.40172525476e-05	-0.208442	-0.035714000000000024	0.043448067364	0.0012754897960000015	-0.00162506	0.00093408	2.6408200036e-06	8.725054464000002e-07	0.000659216	-5.787200000000005e-05	4.3456573465600006e-07	3.349168384000005e-09	0.0008224159999999998	-0.00028265400000000035	6.763680770559996e-07	7.98932837160002e-08	0.0	0.0	0.0
498.16176010755873	0.6600671348339233	0.4356886224878647	248165.1392334609	641.2213406562805	2.3879759269279934	5.702429027587607	411164.8077130377	438.13159577448255	0.4061722948144961	0.16497593307487396	191959.29521589453	438.1767014585048	590.8738794179787	1.095198	31.447821	0.09387190999999998	0.0557033	0.0648102366	0.0939512638	-0.009857143399999999	-0.0706439643	0.10417652300000001	0.0548776105	-0.054156169000000004	0.053708127300000005	0.0741937634	-0.09752985800000001	-0.0667851086	-0.0182081393	0.1432781266	-0.0171466275	0.16512041560000001	0.0050607245	0.021957617599999996	-0.0712311657	0.13007147019999998	0.008238604	-0.10477111929999999	-0.0048913667	-0.1689837866	0.051609401299999996	-0.11241779880000001	-0.0035904027	-0.07972975019999999	0.042659409800000006	0.015554866499999999	-0.0444314934	-0.0366604038	-0.0309721642	-0.051101938799999996	-0.08782906230000001	0.1765261765	0.0691113392	0.04048008	0.0494475362	0.1552360976	-0.1551327953	0.1065700821	0.09232517789999999	-0.0591595375	0.0158444109	-0.0194786324	-0.1061113164	-0.0280116041	0.0734989564	0.0145071499	0.0100517742	-0.0501738114	0.0014011588	0.0878805042	-0.0629221808	-0.0215585283	0.0362556786	0.0403371375	-0.1649534672	-0.0889188748	0.027622119599999998	-0.0197815039	0.0048612247	-0.0583804021	0.0055419994	-0.0318928069	-0.0799613496	-0.1294292687	0.0606528708	-0.12327127130000001	0.0242737991	-0.17828912239999994	0.059171464699999995	-0.0439062312	0.025380224	0.0388932606	0.060994977199999995	-0.0771079828	-0.005439489499999999	-0.0754050882	-0.0086068476	-0.030598872200000002	0.1538395859	0.13073141130000002	0.0718784591	-0.1120298346	0.1906542315	-0.0290411186	-0.04722905980000002	0.0987602364	-0.127476833	-0.031296404	-0.0281585562	0.0817467251	-0.1057352276	0.0240539701	0.0070726715000000015	-0.0184594269	-0.0168959529	-0.0494957082	0.0532939318	-0.047696059299999996	-0.0728762126	0.0253420635	-0.0776766011	0.0332790838	0.0407484733	-0.0264018179	0.1263876868	0.08616705039999999	0.0318384178	-0.0192952845	0.0651595895	-0.035267986099999996	-0.1063965774	-0.0891358961	0.0	0.0	0.0	0.0	0.0	0.0	0.0	0.0442842	0.009165799999999995	8.40118896399999e-05	0.00196109036964	-0.0473598	-0.04245906	0.0018027717760836	0.00224295065604	-0.175925	0.03251700000000002	0.030949605625	0.001057355289000001	-0.0017556099999999995	-0.00013054999999999946	3.082166472099998e-06	1.7043302499999856e-08	0.000603755	-5.5461000000000023e-05	3.64520100025e-07	3.0759225210000034e-09	0.000831006	8.590000000000267e-06	6.90570972036e-07	7.378810000000461e-11	0.0	0.0	0.0
497.2016881250102	-0.9600719825485841	0.9217382116747684	247209.51867435983	642.2877929310421	1.0664522747615592	1.1373204543441042	412533.60894822923	438.00180441764036	-0.12979135684219045	0.016845796310936818	191845.58067310887	438.11119815637153	589.6377694302482	1.097122	31.503071	0.08364453000000001	0.0549038	0.0398090766	0.0477327033	0.0664247127	-0.07759476259999999	0.0888916698	-0.0010652717999999999	-0.0791978941	-0.1670630997	-0.0284645931	-0.0837854457	-0.0261570058	-0.066916031	0.0069725253	-0.09255397720000001	0.07362526559999999	0.0018083562	0.022238337799999997	-0.0600166029	0.1584338043	0.0383077607	-0.0794385699	0.033532219700000004	0.021313209500000003	-0.0539311625	0.0703166812	0.1248693406	0.13011860320000002	-0.051945848200000005	0.0939742984	0.10104172410000001	0.0037636161	0.1290835411	0.0302526712	-0.0925915484	0.0665280562	-0.09307764060000001	-0.0582784996	0.0747456339	-0.036601919100000005	-0.10858984449999999	-0.0405645721	-0.09640010730000001	0.06847378429999999	-0.1134901209	-0.046714988	-0.0187216597	0.0387544141	0.013863003200000001	0.0622280362	0.0009395194	0.09386202369999999	-0.026866303199999997	0.037658654900000005	-0.1029588511	-0.18008277239999998	0.088883645	0.0203070929	-0.0205203902	0.08730673929999999	-0.0536034375	-0.044671107800000005	0.05225337769999999	0.056217643600000006	0.0019501096	-0.0401874671	-0.0274568963	-0.14607455630000002	0.0461172655	-0.0838317207	0.0184813616	0.0544284348	-0.0601699391	-0.0111146423	0.0413039718	-0.0918890088	-0.16080600539999998	0.0023424464000000003	0.0873027323	-0.0566624679	0.0521689866	0.0942429418	0.114690445	0.1207092658	-0.0084276964	0.022503283199999998	-0.0414051923	0.1161610976	0.093358027	-0.0889440097	-0.0349003313	-0.1129897087	-0.1068211609	-0.0450078571	-9.497700000000001e-05	0.0161016074	0.0844743148	0.0378327975	-0.0576670675	0.0651868475	0.0020987759	0.1006807617	-0.25786115870000004	-0.0217934885	-0.0137683608	0.0807448716	0.11678964359999999	0.037863980299999996	-0.0793366531	-0.0147369947	-0.0312318089	0.0055698011	0.06338284400000001	-0.0393662476	-0.10815661539999999	-0.0836472442	0.0	0.0	0.0	0.0	0.0	0.0	0.0	0.042956199999999986	-0.0013280000000000028	1.7635840000000073e-06	0.0018452351184399995	0.00393203	0.05129183	0.0026308518247489003	1.5460859920900005e-05	-0.192396	-0.016471000000000013	0.037016220816000006	0.00027129384100000047	-0.00175154	4.0699999999994655e-06	3.0678923716e-06	1.656489999999564e-11	0.000579894	-2.386100000000002e-05	3.36277051236e-07	5.69347321000001e-10	0.000567863	-0.000263143	3.224683867690001e-07	6.924423844899999e-08	0.0	0.0	0.0
496.42151855575486	-0.7801695692552926	0.6086645567919887	246434.32408520172	642.9592885300206	0.6714955989784812	0.4509063394474693	413396.6467070303	437.58891763775114	-0.4128867798892202	0.17047549300728934	191484.0608393785	437.73305138443817	585.6903725682345	1.036658	29.766876	0.06552628	0.0445931	-0.0084916153	-0.0220258915	0.0770805784	-0.025101086	0.0583693909	-0.0716240175	-0.062249940999999996	-0.0202844155	0.16649240640000001	-0.0150706813	-0.002251243	-0.0680048964	0.0389505462	-0.0008468814	-0.0703246367	0.0043521381	0.027491544399999998	0.0830015085	0.09829294849999999	0.0378904958	-0.034946234	0.0092600879	-0.0608900417	0.0072666679	-0.015558891299999999	0.0687806964	0.07345770559999999	-0.0197293493	-0.0842281138	0.022731493	-0.07368706650000001	0.0246443388	-0.1919286891	-0.0055441101	0.13449662380000002	-0.0375350095	0.002050887	-0.0997622559	0.0392457171	-0.0161704593	-0.12475095359999999	-0.0160018603	-0.049995447400000004	0.1047546368	0.013160693999999999	-0.10024567640000001	-0.0997392635	-0.2358152225	0.0284213938	0.0351172013	0.100166431	0.0346381593	0.0141299656	-0.13195451730000002	-0.0776900028	0.1281866146	-0.0396198219	0.050311094	0.1108138115	0.1210738669	0.13316089650000001	-0.050430058300000004	0.029929669199999998	0.0036095121	-0.0408828854	0.0797809858	-0.0769402693	0.0173375622	-0.0606993852	0.0505238893	-0.0841381849	0.0047927622	-0.0280155362	0.0553662163	-0.062304178700000004	-0.0159339296	0.0734119434	-0.0224274952	-0.089043805	0.0559233017	-0.15324286039999999	0.10483705199999999	0.0734141162	-0.0075725188	-0.0259269006	0.022930476	0.0610860482	-0.0786136121	-0.1117398526	0.0678119378	0.1456319982	0.09341388810000001	-0.0891321583	-0.054218114299999995	0.21261216859999998	0.052183857400000005	-0.06964893	0.042313061299999996	0.1088710161	-0.1557428457	0.0736961154	-0.15094692099999998	-0.0126600957	-0.0782645956	0.0092348064	-0.11238750619999999	0.14974185339999999	3.06152e-05	0.051358056	-0.0852040834	0.0411763672	0.0615819658	-0.0434045609	-0.1095461267	-0.0776492625	0.0	0.0	0.0	0.0	0.0	0.0	0.0	0.0437778	0.0008216000000000058	6.750265600000092e-07	0.00191649577284	-0.0350386	-0.03897063	0.0015187100025968998	0.0012277034899599998	-0.170744	0.021652000000000005	0.029153513536000007	0.00046880910400000017	-0.00174976	1.7800000000000541e-06	3.0616600576e-06	3.1684000000001928e-12	0.000555031	-2.486299999999997e-05	3.08059410961e-07	6.181687689999985e-10	0.0006228609999999999	5.49979999999999e-05	3.87955825321e-07	3.024780003999989e-09	0.0	0.0	0.0
495.25363029457947	-1.167888261175392	1.363962990591281	245276.15831996	641.1873311392932	-1.7719573907273798	3.1398329945533843	411121.1936135296	436.91874236000814	-0.6701752777429988	0.4491349028979056	190897.98742545123	437.0079059371538	580.8699598054243	0.987755	28.362665000000003	0.05112520000000001	0.0329403	-0.0476775403	-0.053627874900000004	0.0684781488	-0.0174514061	-0.0049438484	-0.08456700810000001	-0.000811105	-0.1114403744	-0.026916414700000002	-0.0001393753	-0.1053408006	0.0348478842	0.0070241738	0.0050003804	-0.052105065199999995	0.0100755234	0.0255423195	0.0647217118	0.0550636558	0.0691131954	-0.0056135239	-0.0123703829	-0.133012839	-0.0619966858	-0.035063921	0.0870198207	0.0830315046	-0.019949806599999998	-0.0525142378	-0.0523555621	-0.064220191	0.0758820182	-0.0279823839	-0.0171733118	0.0933672373	-0.0190200791	-0.021055431	-0.12286902109999999	0.05564801690000002	0.0669981471	0.0365495546	0.0780521686	-0.0938646241	0.0690147896	-0.006146284399999999	0.016126583	-0.043436798	-0.0255644589	0.0260053295	-0.0255702885	0.052213109699999996	-0.0076324547	-0.0745895717	0.0371562333	-0.0485808516	0.1021273559	0.0364577248	0.0049803716	0.0367634088	-0.1245237235	0.070494826	-0.19034928780000002	-0.0358431335	0.0100979462	-0.0370160894	0.0640237531	-0.044564515	-0.0234768108	-0.0411035006	0.0286390764	-0.1215991005	-0.0947398247	-0.0454729121	0.0586728418	-0.06858463990000001	-0.06803436360000001	0.0318221344	-0.06745966219999999	-0.0494921528	0.0501707708	-0.040786855	0.028043661	0.0824498226	-0.0249798731	-0.0097776313	-0.0551415487	-0.0223430396	-0.1537531591	0.0128196985	0.0133418931	0.0774225395	0.0649692545	0.0248056652	0.0362011617	0.0261634836	0.060562603799999996	0.030883806899999998	-0.0327683193	0.0268210436	-0.09100278099999999	-0.0287343584	-0.0354401671	0.0627650246	0.0805594742	0.07839128440000001	-0.0338965025	0.0826706587	-0.0187457093	0.006429530300000001	0.0031196262	-0.0128194495	0.059757640599999995	-0.047376776100000004	-0.110560351	-0.0711784728	0.0	0.0	0.0	0.0	0.0	0.0	0.0	0.0423656	-0.0014121999999999954	1.994308839999987e-06	0.0017948440633600005	-0.005873699999999999	0.0291649	0.0008505913920099997	3.450035168999999e-05	-0.17072699999999996	1.7000000000044754e-05	0.029147708528999988	2.8900000000152174e-10	-0.00172309	2.6669999999999906e-05	2.9690391481000007e-06	7.112888999999949e-10	0.000384846	-0.000170185	1.48106443716e-07	2.8962934225e-08	0.0008366279999999999	0.0002137669999999999	6.999464103839997e-07	4.5696330288999966e-08	0.0	0.0	0.0
494.0148037754325	-1.2388265191469827	1.5346911445418296	244050.6263492791	640.3230892958502	-0.8642418434429828	0.7469139639577252	410013.65868538135	436.40668179475347	-0.5120605652546715	0.26220602248893365	190450.7919151072	436.51606160262185	574.4561640879265	0.993005	28.513416	0.05207215	0.0254512	-0.1008330274	-0.0689638312	0.0422651483	0.0065435761	-0.05581345730000002	-0.0699067728	-0.0015491746	-0.0737795038	0.1220411602	0.129490752	0.0506507796	-0.0780652657	0.0378174187	-0.005381924000000001	-0.0990869442	0.012229586899999999	-0.0136390677	0.1091707288	-0.0684603864	-0.009928729499999999	0.0321696806	-0.0231400504	-0.079167979	-0.0178130744	-0.0713836506	-0.0552252313	-0.0044605279	0.0179248574	-0.1034030654	0.1031371178	-0.0281290439	0.0712498972	-0.06536014820000001	0.0336115156	-0.0309505583	-0.16948594949999998	-0.0198314937	0.0142895588	-0.0997185748	-0.0319421399	0.0378562009	-0.023898792000000002	0.1156373366	-0.1354757872	0.0064420530000000005	-0.0002784627	0.14131548359999999	-0.0242177356	0.0653834494	-0.1421039095	0.0443904221	-0.06998031	0.037796986	-0.0448003333	-0.0055646389	0.06438648599999999	-0.0338125202	0.054007189500000004	-0.101624486	-0.0200677929	0.0319541698	-0.107078706	0.0569909842	0.0117248696	0.0106028264	0.0950126677	0.04558038019999999	-0.0279712711	0.010465136	-0.0044451029	-0.12554394230000002	-0.011100929399999999	-0.0150866669	-0.0377887436	-0.0332204206	0.1168258223	0.0748610948	0.0177139449	-0.0824754319	0.024977702999999997	-0.025940503900000002	-0.0398971963	-0.0200079562	-0.1465109043	0.08511413550000001	-0.0843891968	0.1040717188	0.0582308654	-0.1015648972	-0.060966644699999996	-0.1387487601	-0.0456324408	0.010854735700000001	0.0400478	-0.0466583176	-0.048158230999999996	-0.0200155362	-0.0706623872	0.10211957990000001	0.0022859774	0.1458484652	-0.034167995699999995	-0.0045942639	-0.0446514559	0.0173535658	-0.061868317699999995	-0.050882019900000006	0.0052418681	0.0358545487	0.0778502665	0.0315335522	0.057910563	-0.05127684440000002	-0.11119581369999999	-0.0642742758	0.0	0.0	0.0	0.0	0.0	0.0	0.0	0.0493396	0.006973999999999994	4.863667599999992e-05	0.00243439612816	-0.016166299999999998	-0.0102926	0.00010593761476	0.00026134925569	-0.17821900000000002	-0.007492000000000055	0.031762011961000015	5.6130064000000815e-05	-0.00133997	0.00038312	1.7955196009e-06	1.4678093440000005e-07	0.000413983	2.9137000000000043e-05	1.7138192428900005e-07	8.489647690000025e-10	0.000970642	0.00013401400000000012	9.42145892164e-07	1.795975219600003e-08	0.0	0.0	0.0
492.52683178701864	-1.4879719884139035	2.2140606383044257	242582.68003015808	641.2447318172854	0.9216425214351602	0.8494249373173598	411194.8060834222	436.0572643156421	-0.34941747911136645	0.1220925747085422	190145.93776244172	436.1518940870878	562.5713866859002	0.989003	28.398502	0.05751482999999999	0.0269517	-0.161447488	-0.0641986873	0.032114538	0.020945438400000002	-0.0720484631	-0.05936422230000001	0.026582753799999997	0.000776506	-0.0147805602	0.1351722874	-0.1317932986	0.0157634705	0.0806144344	-0.044016150700000006	0.0265106973	0.0145162015	-0.0108905119	0.1112538584	-0.10684411	0.0044680254	0.0374010324	-0.0174110195	-0.0819542464	0.024596476699999998	-0.0693041972	0.0238193417	0.06030770980000001	0.09528885919999999	-0.06163186530000001	-0.0423509764	-0.0619267331	0.043524462800000004	-0.1160049514	0.0161078416	-0.0707805294	-0.1383928911	-0.1438086893	0.0161019337	-0.1431672222	-0.0369324791	0.026393569300000003	-0.0108935657	0.0849992869	0.142320237	-0.0491454431	0.061849845	-0.0203609298	0.041414754	-0.0103637847	-0.0700965271	-0.022391761800000003	-0.0024009295	0.0179209832	0.1132808034	-0.1214163745	-0.0091519018	0.0790678398	-0.013143811200000001	-0.075150863	0.006923488	0.022700138300000002	0.09136623630000001	-0.02640919	0.013872109799999999	0.0164933417	0.0986259148	0.1014721439	-0.043695255499999995	0.0162450417	-0.0085852118	-0.1148956888	-0.023564594100000003	-0.040767879300000004	0.020346575500000002	-0.0809098762	0.0848785477	-0.0250497556	-0.08089367530000001	-0.055001994000000005	0.0286448314	-0.086484055	0.0678205689	-0.0291770823	-0.0970973809	0.1600287942	-0.08900028019999999	0.0264336586	0.1574961094	-0.0041851889	0.0038738831	-0.0276070179	0.1203676477	-0.0767338801	-0.025187091600000003	-0.10151417859999999	0.058471108	0.0650770987	0.0033213429	0.0171330646	-0.042426783600000004	-0.0740211789	-0.0363733842	-0.0507981862	0.1134188803	0.0020710851	-0.0127235205	-0.1265174574	-0.0459069303	0.05102394440000002	-0.0096197312	0.0715794727	0.0560414362	-0.0550988265	-0.11145033789999999	-0.0569787115	0.0	0.0	0.0	0.0	0.0	0.0	0.0	0.041832	-0.007507599999999995	5.636405775999994e-05	0.001749916224	-0.00918132	0.006984979999999997	4.878994560039997e-05	8.42966369424e-05	-0.159133	0.01908600000000002	0.025323311689	0.0003642753960000008	-0.0015673	-0.00022733	2.45642929e-06	5.167892889999999e-08	0.0005246890000000001	0.00011070600000000002	2.752985467210001e-07	1.2255818436000004e-08	0.000829953	-0.00014068899999999994	6.888219822090001e-07	1.9793394720999984e-08	0.0	0.0	0.0
492.447645389602	-0.07918639741660627	0.006270485535820708	242504.6834497632	637.7582177138229	-3.4865141034624685	12.1557805936427	406735.54426151206	436.3180722126496	0.26080789700750984	0.06802075914147986	190373.46013936293	436.40364922030227	558.2790089606342	1.025128	29.435806	0.03181989	0.017115900000000003	-0.1841427618	-0.043778535300000004	-0.0560143341	0.014736078500000001	-0.0917149644	0.0284855334	0.0322470273	-0.0327618873	-0.0038339893	0.13282779849999998	0.077739944	-0.1117310835	0.0257392238	-0.1357545722	-0.0313245496	0.0037805901	-0.0009281210000000001	0.0059042711	-0.1458166675	-0.0169334337	0.082848027	0.080814817	-0.0649415269	0.0120075405	-0.1023345972	0.053487315099999995	-0.06861224469999999	0.0371530827	-0.1411903757	0.09255990859999999	0.059533032300000004	-0.0134401801	-0.09637374230000001	-0.10401583539999999	0.0164988267	-0.11754777470000001	-0.0856932929	-0.11976797939999999	-0.1008032966	0.0446421308	-0.0552820849	0.0562092704	0.017398898500000003	0.0743001226	-0.0624720329	0.0692656417	0.1908541105	-0.000652955	-0.12134269999999997	0.048325674900000004	0.0019882592	0.1568282706	0.057380810899999996	-0.0077040577	0.023792817799999998	-0.0544268589	0.19983019989999998	0.0829928273	0.08525402970000001	0.0401228367	-0.0455684842	0.0312822136	-0.0107247654	0.0029938178000000005	0.030064390899999998	-0.012993092900000001	0.1430737853	-0.0073191607	0.0405173482	0.0967810288	-0.0941235148	-0.0364427391	-0.0542330742	0.0215126776	0.0078599954	0.1655965424	0.1280373198	0.0392512722	0.024512490699999997	-0.0400185047	-0.0663721384	0.12227706470000001	-0.008590174300000001	-0.09802752810000001	0.0771937909	-0.1169740532	0.0981325618	-0.0372971301	-0.1222136355	-0.0162286519	0.094280784	0.070888033	-0.049683656900000005	0.0743832453	-0.050102571500000005	-0.1449280539	0.0693833629	-0.0276554815	0.0043713837	-0.009351269399999999	-0.08806211470000001	-0.0865436951	0.1620429624	0.0671739668	-0.1584368914	0.008147096999999999	-0.0323576431	-0.03471696	-0.0115455357	-0.0547633122	-0.0925688805	0.054150971900000004	-0.0588369021	-0.1113230515	-0.0493362025	0.0	0.0	0.0	0.0	0.0	0.0	0.0	0.050851	0.009019	8.134236099999999e-05	0.002585824201	-0.00403758	0.00514374	2.64580611876e-05	1.63020522564e-05	-0.162271	-0.003138000000000002	0.026331877440999997	9.847044000000013e-06	-0.00160473	-3.742999999999997e-05	2.5751583729e-06	1.4010048999999979e-09	0.000274891	-0.0002497980000000001	7.5565061881e-08	6.239904080400005e-08	0.000826798	-3.1550000000000198e-06	6.83594932804e-07	9.954025000000123e-12	0.0	0.0	0.0
492.580159578686	0.13251418908402002	0.01756001030859541	242635.21361056372	637.1365052765883	-0.6217124372345779	0.386526354612159	405942.926356064	436.44179170508147	0.12371949243186008	0.015306512807597088	190481.4375467417	436.3895122372323	556.5855884690482	1.052175	30.212429	0.04602492	0.0261509	-0.1683606486	0.006611348100000001	-0.1207864778	0.0098399139	-0.074939803	0.0928424939	0.0340750719	0.1497754318	-0.0219049252	-0.0020113041000000003	-0.1061256507	0.08412452960000001	0.018399776200000002	-0.16695514849999998	-0.0816648219	-0.0020330870000000003	-0.0569050128	-0.0684728128	-0.1264330662	0.029853182000000002	0.0521760994	0.012950592	-0.1230074776	0.0641072971	-0.1110220691	0.0515074277	-0.0650531995	0.0782405082	0.0707657965	0.0322089395	-0.028904367	0.0840614178	-0.0124129162	-0.07381545490000001	0.056005548200000005	0.09059227019999999	0.025315661899999998	0.1075887577	-0.023065851800000002	0.06219333320000001	0.0413147471	-0.0060717002	-0.0018911264999999999	0.0055621583999999995	0.18498725629999999	0.17666312309999999	-0.0172601018	0.0394016281	0.1719778334	-0.0001338736	-0.0213559352	0.1468325692	-0.0506608445	0.1417149629	0.0329082518	-0.0027432546000000003	-0.0268925477	0.030285923	-0.0392222633	-0.015207306499999997	-0.013841026000000001	0.0799712584	-0.0087446295	-0.0022640259	0.0740624775	-0.068597277	0.09180209	-0.0543201143	0.0467803958	0.035918708	-0.1166824392	-0.0107433235	-0.0669041526	0.07958180599999999	0.0388773622	0.0743856476	-0.1332780793	0.0483375718	-0.0586644588	0.065300915	-0.0092672977	0.0124632053	0.034086818	0.0859860468	-0.0571622971	-0.08608316220000001	0.0624644864	0.0610456575	0.127076352	0.078235275	-0.052297656399999996	0.11623164429999999	0.1522877984	0.2045343732	-0.0232815047	0.0083299956	-0.1050058336	-0.1161727463	-0.055479521100000005	0.0010733556	-0.1304036242	0.0481472992	-0.065026381	-0.0040039548	0.0341863821	-0.0001631381	-0.0871256381	-0.035775595	-0.01952818	-0.023388550600000002	-0.05681354650000001	0.0522398899	-0.0624853789	-0.1108143908	-0.0413932844	0.0	0.0	0.0	0.0	0.0	0.0	0.0	0.0407593	-0.010091700000000002	0.00010184240889000004	0.0016613205364899998	-0.0270584	-0.02302082	0.0005299581534724	0.0007321570105599999	-0.166626	-0.004354999999999998	0.027764223876	1.896602499999998e-05	-0.00160751	-2.77999999999997e-06	2.5840884001e-06	7.728399999999833e-12	0.000274891	0.0	7.5565061881e-08	0.0	0.000995166	0.00016836799999999998	9.90355367556e-07	2.8347783424000007e-08	0.0	0.0	0.0
493.0754732668592	0.4953136881732121	0.24533564969175	243123.4223373372	637.5653945247499	0.4288892481615676	0.1839459871885947	406489.6322955	437.16607324046134	0.7242815353798164	0.5245837424921442	191114.17559248442	437.0749923477217	558.088474439768	1.046265	30.04274	0.0456343	0.0352761	-0.133022378	0.060660235199999996	-0.1474079758	-0.0450509158	-0.0218559685	0.1466725991	-0.0336557189	-0.0478260035	-0.1580265561	0.0421013312	0.0563006125	-0.0409668397	-0.0018383944	0.0115482196	-0.1173829792	-0.0191493995	-0.0332823773	-0.11253776550000001	-0.06502244759999999	0.0752003015	0.0143081094	0.039304592799999996	-0.0319431683	-0.0226460278	-0.1119835215	0.015520271399999999	-0.005215653	-0.15413226230000002	0.0890271638	0.0484215976	0.006911846	-0.0015370101000000001	-0.0340263004	0.0172881883	-0.0030296503999999998	0.0355513884	-0.0438361316	-0.1257919428	0.042815472199999996	-0.0525414934	-0.12359627460000001	-0.005225544	0.0065301901	-0.0369468131	-0.0092487465	-0.0026267091999999997	-0.0411837933	0.0548859908	-0.0203364386	-0.144393769	0.053591902999999996	0.0689348961	-0.1008293535	-0.0092586212	-0.0453489538	-0.0994278168	0.011443321599999999	-0.020174823999999997	-0.12299236699999999	0.0870686059	-0.0070857868000000004	0.0487333305	-0.0072447188	-0.0186555739	0.0400162083	-0.138760511	0.0153549847	-0.09261290800000001	0.0119026419	0.058763919299999995	-0.0261937037	0.0075382353000000004	-0.1309193136	-0.0382273917	0.0929851003	-0.12489935390000001	-0.0078946646	0.1082089965	0.0049960451	0.030791319100000002	-0.032380216499999996	0.047363214800000004	-0.0097002502	0.0012065073	0.039012972400000005	0.027854063300000002	-0.0683986191	-0.0740198718	-0.1252889066	0.0842343009	-0.0114277867	-0.0310639775	0.0540945146	0.0065963359999999995	-0.0820306587	0.0027053473	-0.058415037300000014	-0.0002799913	-0.0383537318	-0.1442929224	0.0567604775	0.0029911771000000003	-0.049242076399999994	0.043376267	-0.0831457768	0.0226320551	-0.0953570408	0.1078469409	0.0204280404	0.0710704606	0.0512830258	0.0503089179	-0.06603870070000001	-0.1099260982	-0.0331983217	0.0	0.0	0.0	0.0	0.0	0.0	0.0	0.0455532	0.004793899999999997	2.298147720999997e-05	0.00207509403024	-0.0237457	0.0033127000000000018	1.0973981290000012e-05	0.0005638582684900001	-0.201129	-0.034503000000000006	0.040452874641	0.0011904570090000006	-0.00157676	3.0749999999999955e-05	2.4861720976e-06	9.455624999999975e-10	0.000274891	0.0	7.5565061881e-08	0.0	0.00102491	2.974399999999995e-05	1.0504405081e-06	8.847055359999969e-10	0.0	0.0	0.0
492.85449386916054	-0.22097939769867025	0.048831894207267065	242905.5521270264	637.8921013327323	0.3267068079824185	0.10673733838206086	406906.33294268884	436.9445252619991	-0.22154797846218344	0.049083506760680094	190920.51815643374	436.93883333888186	561.0043577803257	0.991684	28.47547	0.072841	0.042975699999999985	-0.1123472984	0.0813094698	-0.10340469599999999	-0.0455118248	0.0425082587	0.1339311793	-0.0042808177	0.0709854251	0.0498957504	0.0173298188	-0.027060954100000003	0.0588447842	0.1039130865	0.065657436	-0.0393806982	-0.019485261	-0.0347182023	-0.11380076759999999	-0.06428963759999999	0.1444265236	-0.0842971884	-0.0073227411	-0.045121416399999996	0.07888533360000001	-0.0604427466	-0.0247328271	-0.0035016592	0.0570942901	0.0764900075	0.0349232479	0.0357411255	-0.0166321451	-0.0268168035	0.1272533002	0.0977900346	0.056101572300000006	-0.1226150357	0.0057067578	-0.0050306032	0.0556221604	-0.0926243038	0.0897746116	0.0494649641	0.0514499886	0.05449713230000002	-0.0184346825	0.005834384200000001	0.0411978589	-0.0074249534	-0.0244266098	-0.0904751939	-0.042153190599999994	-0.0331962094	-0.080241422	-0.0132666395	0.015273638	-0.1494582209	-0.0073292291	0.0433032567	0.1390806065	0.09265862400000001	0.106140507	0.0077264189	-0.0194284178	0.0359103146	-0.13755930859999999	-0.010072264499999999	-0.12741770859999998	-0.0995089683	0.0240499452	-0.033957377999999996	0.0806761669	-0.045369390700000005	0.025834190299999997	0.0042507547	0.047302835300000005	-0.09993755230000001	0.0536239503	0.0126666001	0.0203834937	-0.0497089023	-0.0620613178	0.1266358914	0.09403752580000001	0.0919642307	0.030416562999999997	-0.0248869304	-0.0160893673	-0.0175254898	0.08395819210000001	0.0668269779	0.10628517550000001	0.047447715599999996	-0.0704085894	-0.099163222	-0.0242598811	0.0321923443	0.0678393287	-0.04721970019999999	0.0242195023	0.11743828880000001	-0.0406066734	-0.0794363259	-0.0732865207	0.018684614	-0.10809969900000001	0.090837252	-0.0173163452	0.049164731600000004	-0.042802418099999996	0.027591884900000002	0.0483587909	-0.0694914565	-0.1086612169	-0.0248012137	0.0	0.0	0.0	0.0	0.0	0.0	0.0	0.0423615	-0.003191699999999992	1.0186948889999947e-05	0.0017944966822500004	-0.0493375	-0.0255918	0.00065494022724	0.00243418890625	-0.177329	0.023800000000000016	0.031445574240999995	0.0005664400000000007	-0.00197923	-0.0004024699999999998	3.9173513929e-06	1.6198210089999987e-07	0.000274891	0.0	7.5565061881e-08	0.0	0.00102223	-2.679999999999913e-06	1.0449541729000002e-06	7.182399999999536e-12	0.0	0.0	0.0
493.0834078077614	0.2289139386008401	0.05240159128574919	243131.24705531512	636.2307902891267	-1.661311043605565	2.759954383605811	404789.61851192673	436.9297089519102	-0.014816310088917815	0.00021952304465096788	190907.57056480093	436.8097486633055	562.7820393292527	1.017395	29.213755	0.09687765000000008	0.0676403	-0.0971905806	0.09530431029999999	-0.049865922699999995	-0.0369135935	0.09121616869999999	0.1137654107	-0.0038812778	-0.0913958077	-0.1415686206	0.0683689312	0.006903331600000001	-0.022038928	0.0509616859	0.1080793924	0.0642108859	-0.0242935856	-0.0656921685	-0.1220244976	-0.0393309178	0.2263605317	-0.045285831900000004	-0.0532299549	0.0262384983	-0.09878657029999999	-0.0558325025	-0.11009232210000001	0.0180704424	0.009029814	-0.0368514471	-0.0739423683	0.032874278300000004	-0.0641021217	0.1120193317	0.11659081539999999	0.1128306532	0.0499729585	-0.07619655040000001	-0.09354815	0.0233875329	-0.0144790778	-0.034691525	0.0127229808	0.0345826498	0.0030748053999999996	0.0404006749	0.0689633252	-0.1114289567	0.027891552200000003	0.1411173567	-0.0079894019	0.0847634712	-0.019671198600000002	0.014400833899999996	0.018326381699999998	0.0247891504	-0.0012908836	0.0157273482	0.0784366327	0.0890648142	-0.09939835529999999	-0.0601888492	-0.0869300457	0.0303799617	-0.0232395953	0.0582034774	-0.1241554314	-0.0721683823	-0.2231332792	-0.09530654699999999	-0.0353341212	0.0029979237	-0.044858057	-0.051995712	-0.1214221611	0.0048668432	0.0254848957	0.0077158341	-0.08709714130000001	0.0712832117	-0.0941483151	0.0062871079	-0.10525281689999999	0.128709587	0.09305681939999999	0.0350276563	0.0010626023	-0.0746955346	-0.043846748600000006	-0.1236631979	0.0570480767	-0.0234550415	0.0733989014	0.041901386	0.0860988631	0.0828475769	0.1766622546	-0.0324885646	-0.0645664361	-0.0065254421	0.0195226798	-0.0099493923	0.0700674339	0.0636610454	0.04999055559999999	-0.0277828101	0.037930342400000004	0.095321084	0.0015485359	-0.092589163	0.046738095199999996	-0.10943295189999999	0.0463902516	-0.0728383882	-0.1070240801	-0.0162530906	0.0	0.0	0.0	0.0	0.0	0.0	0.0	0.0529405	0.010578999999999993	0.00011191524099999981	0.00280269654025	-0.0381862	0.011151300000000005	0.00012435149169000005	0.0014581858704399995	-0.242934	-0.06560500000000002	0.059016928356	0.004304016025000003	-0.00200056	-2.1330000000000394e-05	4.0022403136e-06	4.5496890000001685e-10	0.000371162	9.6271e-05	1.3776123024400002e-07	9.268105440999997e-09	0.000948984	-7.324600000000012e-05	9.005706322559997e-07	5.3649765160000185e-09	0.0	0.0	0.0
493.29168895336335	0.20828114560197264	0.043381035613270134	243336.69039046176	638.1968019826643	1.966011693537553	3.8652019791263967	407295.1580609	436.6581266486202	-0.2715823032899607	0.07375694746028019	190670.31956828246	436.6547792885628	564.1861736636862	1.047772	30.086004	0.08753094999999997	0.0480865	-0.0824196703	0.08623170890000001	0.0014790422	0.0327254257	0.1335665064	0.056427631299999996	-0.0273322571	0.0999983785	0.0016507656	0.1396596689	-0.038516948599999996	-0.0400691183	0.0369102998	-0.0103767391	0.0384587179	-0.0242851821	-0.0438539895	-0.0632159112	-0.0449607171	0.18305475280000005	-0.0585920558	-0.079720428	-0.048959082699999996	0.011673805	-0.0540805988	-0.10130249529999999	-0.0714260972	0.00970427	0.1177875611	-0.0004980838	-0.0069356359	-0.16974876190000002	-0.010979543500000001	-0.0336614316	-0.0326664419	0.005570381	0.034588586	-0.0222062052	0.11686093609999999	0.0617439517	0.026049933799999998	-0.0125645749	-0.0698767842	-0.0468914555	-0.0350381953	-0.045019427699999996	0.0064601961	-0.1360661508	-0.0387125872	-0.09845409460000001	-0.08426671599999999	-0.0563735553	0.0379313503	0.0370094311	-0.0093046252	-0.0981369884	-0.055264293799999996	0.0252171494	0.0136108927	0.0396778512	7.76284e-05	0.0232186812	-0.018020721899999998	-0.023423318999999998	0.0268337232	-0.0799757483	-0.06684671980000001	-0.1967363973	-0.090097556	-0.0380803682	-0.0629034297	0.039819939500000005	-0.0215299833	-0.043119327699999994	0.0748494881	0.0225001235	-0.1087585658	0.0888033688	0.0374113514	-0.09697369939999999	-0.0526409391	0.021870108399999998	-0.0625209385	0.0127468394	-0.0352754434	0.0809962207	-0.0406951894	-0.125758421	0.061750977699999994	-0.0523136223	0.04426231940000002	-0.0636181276	-0.0485577299	-0.0216291677	-0.0023470061	-0.032515925099999995	-0.0386277707	0.047759038	0.1536135982	0.0205950976	0.0419155637	0.1078179965	-0.1453328125	0.0081601559	-0.0380344944	-0.0002342218	0.004666748	-0.048659133099999995	-0.0092793612	0.0683741738	-0.011847015700000001	0.044404049400000006	-0.0760743991	-0.1050202965	-0.007606002	0.0	0.0	0.0	0.0	0.0	0.0	0.0	0.0560646	0.003124100000000005	9.760000810000031e-06	0.00314323937316	-0.0663877	-0.0282015	0.0007953246022499999	0.0044073267112900005	-0.207963	0.034970999999999995	0.043248609369000005	0.0012229708410000002	-0.00220802	-0.00020746	4.875352320400002e-06	4.3039651600000015e-08	0.0004290330000000001	5.7871000000000083e-05	1.8406931508900004e-07	3.349052641000009e-09	0.00110834	0.00015935600000000004	1.2284175556e-06	2.5394334736000013e-08	0.0	0.0	0.0
494.4922318380864	1.2005428847230633	1.4413032180591745	244522.5673482118	637.256769699781	-0.940032282883294	0.8836606928627775	406096.19052819966	436.6450760439087	-0.013050604711509095	0.00017031828333606338	190658.92243339086	436.7366744809828	572.6311945809906	1.083149	31.101822	0.04852965	0.0268344	-0.0408976177	0.0340487109	0.0706291617	0.012828010800000001	0.0972531961	-0.030710895800000002	-0.025605451	-0.0523501983	-0.1324636234	0.0029447595	0.017731633899999998	0.0824285987	-0.027093080699999997	-0.0530357017	0.041281633	-0.0307789279	-0.029260566000000002	0.023158751499999998	0.0848625757	0.1517853557	-0.0241451325	-0.1001553205	0.0260874755	-0.0279533387	0.0390908856	0.0300544473	-0.011750459199999999	-0.0209101151	-0.0409745559	-0.0399985401	-0.0734843894	-0.0057743633	0.028518546699999998	0.059047939199999996	0.044164721	0.0630466544	-0.1287289784	0.18250749	-0.0939337541	0.09527855199999999	0.018931768600000003	-0.048131103499999994	0.0793305559	0.08744576800000001	0.052705250700000005	0.004323052	-0.1024901011	0.0073344887	0.0295803141	-0.0210334292	0.0542990713	-0.0093563706	0.1778040723	0.06351100059999999	0.042640131799999995	-0.0743897306	0.16151060539999998	-0.0188857526	-0.0065337849	0.13032897359999998	-0.038306376600000004	0.08191179	-0.0676730559	-0.030310684100000002	-0.006925283000000001	0.0439186232	-0.1491039424	-0.1272960253	-0.054317593	-0.0739500107	0.0345854882	-0.0718516903	0.0154472542	0.0271712173	0.0384921875	-0.0185330638	0.020271261999999998	-0.08890542119999999	-0.045336118499999994	-0.0463698925	-0.0089314356	-0.0894741767	0.06927130969999999	0.1626121125	0.0502806598	-0.0654900559	0.0819990724	0.1743034084	0.0458993537	-0.0009293939999999999	-0.025146123399999998	0.11334109279999999	-0.0200009902	-0.0154660264	0.014759931799999999	0.1047918733	0.0502600363	0.0034728275	0.1356441634	0.049138341399999994	-0.1220470474	-0.005480771999999999	0.0647584019	0.0296188156	-0.1172282026	0.0109981305	-0.0647303988	0.1012619937	0.025995127799999997	0.0032930011	-0.016349363500000002	0.0424009407	-0.0791945613	-0.10265673060000001	0.0010873996000000002	0.0	0.0	0.0	0.0	0.0	0.0	0.0	0.047483	-0.008581600000000002	7.364385856000003e-05	0.002254635289	-0.0451789	0.021208799999999996	0.0004498131974399997	0.00204113300521	-0.207501	0.00046199999999999025	0.043056665001000013	2.1344399999999094e-07	-0.00251175	-0.00030372999999999983	6.3088880625e-06	9.225191289999991e-08	0.000418018	-1.1015000000000017e-05	1.7473904832400006e-07	1.2133022500000034e-10	0.00105754	-5.079999999999994e-05	1.1183908516e-06	2.580639999999993e-09	0.0	0.0	0.0
494.79876113942976	0.3065293013433461	0.09396021258203988	244825.8140251145	639.7904017707292	2.5336320709482147	6.419291470937343	409331.7581979511	436.72122358976037	0.07614754585165429	0.0057984487392297905	190725.42713373745	436.81128503791183	573.7961514014946	1.080158	31.015934	0.09057415	0.0654901	-0.043824467	-0.0204362272	0.0964915218	0.0571721098	0.050155636399999995	-0.1062513009	-0.0187958901	0.1104858405	0.08404789650000001	0.0808269189	0.0636943401	0.0408775551	-0.046854002199999994	0.0026463676	-0.0744809367	-0.034694239700000004	-0.0272843817	0.1303612395	0.0233347971	0.0188068017	-0.017214474599999998	0.0011686191000000001	-0.0927212452	0.1061876544	-0.0717739084	-0.07903812889999999	0.0620889522	0.0778838014	-0.0263240567	-0.14151454230000002	-0.0054846749	-0.0605933668	0.0250867214	-0.1388734461	-0.032346156200000004	0.027267745099999997	0.0706157897	-0.057781687699999994	0.0693197307	-0.0495274105	0.11545410789999999	-0.1128643511	-0.047499430499999995	-0.0795194657	0.026915375800000002	-0.0276011087	-0.069739672	0.1257496488	0.0027917090000000003	-0.019791058700000003	0.0380920632	-0.0074125078	-0.1309298819	-0.035423653900000004	-0.0070290031	-0.04566730980000002	-0.0729191913	0.0208037595	-0.030430177599999997	0.0194828541	-0.0221847456	0.069102236	0.08739557939999999	-0.034824576	0.0006430912	0.1194079841	-0.0436348813	-0.0369862974	-0.0074632836	0.025164959599999998	-0.12070086619999999	0.1280520565	-0.024073578300000002	-0.0036663454	-0.0651828142	0.0364355741	-0.0460506459	-0.0957660657	0.0544434659	-0.041289755299999994	-0.0278637716	0.1257521194	-0.0944214314	-0.035687804	-0.09353979429999999	0.0042642636	-0.10793798880000001	-0.042695920199999994	0.1473764623	0.051274505199999994	-0.1027404288	-0.14002492960000001	0.028743172799999998	-0.0088129436	0.0350185113	0.06081647990000001	-0.0092865426	-0.0033416274	-0.1294351275	-0.0613524973	0.0570402188	0.026778798700000002	-0.0327096189	-0.0050641512	0.0206688024	0.071333596	-0.0736292725	-0.0115466841	-0.0397114898	-0.0725555279	0.0250922463	0.0403816879	-0.0821941232	-0.0999414797	0.00977418	0.0	0.0	0.0	0.0	0.0	0.0	0.0	0.0444587	-0.003024300000000001	9.146390490000004e-06	0.0019765760056899995	-0.042776	0.0024028999999999995	5.773928409999998e-06	0.001829786176	-0.194138	0.013363000000000014	0.037689563044	0.00017856976900000037	-0.00123858	0.00127317	1.5340804164e-06	1.6209618489000004e-06	0.000313474	-0.00010454400000000003	9.8265948676e-08	1.0929447936000007e-08	0.000999575	-5.79650000000001e-05	9.991501806249998e-07	3.359941225000011e-09	0.0	0.0	0.0
495.18572736077294	0.3869662213431866	0.14974285646062407	245208.90458181768	638.3662340107322	-1.4241677599969762	2.0282538086148048	407511.4487250449	436.93590693813286	0.21468334837248906	0.04608894006842349	190912.98677184872	437.0039043531031	577.5088644882791	0.99754	28.643627	0.05296775000000002	0.0263083	-0.0275429252	-0.062540889	0.0895068211	0.0595786711	-0.0461789212	-0.1198091826	-0.0048991546	-0.042559081299999996	-0.0343997183	-0.0255172635	-0.025111593300000002	0.0216049725	-0.0034769297	0.0230797627	0.1205423391	-0.0412018817	-0.0345207779	0.0684656658	0.009395203000000001	-0.0236424752	0.0447427771	-0.0189231738	-0.07158027410000001	0.019610953	-0.0327954894	0.0815284197	0.1617344029	0.046055069500000004	-0.0784747566	-0.056651605199999996	0.0641737254	-0.0356234545	-0.0828186283	0.0470477798	0.0085441752	-0.0551141715	-0.11638540789999999	0.0210111883	0.1119460047	0.0706255716	-0.0098329419	0.0367465806	0.0892081136	0.038872401	0.0199846158	0.0333611017	-0.0384150688	0.0806186951	0.0090260786	-0.029816058500000006	0.0123467083	-0.1166539102	-0.0307162124	-0.0817504209	-0.0131052102	0.0388775596	-0.0027553477000000002	-0.0064713177000000005	-0.1267498533	-0.0802413032	-0.079929545	-0.0953744203	0.09643985140000001	-0.0412280915	0.0231603313	0.0916747197	-0.0102966211	0.010719243600000001	0.0413037444	0.0056747060999999994	-0.08876916300000001	-0.009154100699999999	-0.0447042463	0.0539288662	-0.1653688126	-0.0213144102	0.0321521712	-0.0671613995	0.05699515240000001	0.0422727226	-0.0892986326	0.0105191892	0.0119742131	0.06195969	0.1442542741	0.0563662061	0.06835710019999999	-0.0729581605	0.0104694681	0.025820400099999998	-0.0418435185	0.06882190190000001	-0.036875461	-0.0003416782	-0.0291375378	0.0950252217	0.0734566924	0.026323474399999998	-0.038030257000000005	0.07623656990000001	0.09318696929999999	0.0101519899	0.038501244	-0.0376547576	0.0602948787	0.025985335099999996	-0.14913869529999998	-0.027775217799999998	-0.0136725325	0.0722440161	0.0766868263	0.0383470601	-0.085068517	-0.0968838458	0.0184014453	0.0	0.0	0.0	0.0	0.0	0.0	0.0	0.0472103	0.002751600000000007	7.571302560000038e-06	0.00222881242609	-0.0215813	0.021194700000000004	0.0004492153080900002	0.0004657525096899999	-0.201413	-0.0072750000000000046	0.040567196569000014	5.292562500000006e-05	-0.00154732	-0.0003087400000000001	2.3941991824e-06	9.532038760000003e-08	0.00037245	5.897599999999998e-05	1.3871900249999994e-07	3.478168575999997e-09	0.000932362	-6.721300000000001e-05	8.692988990439999e-07	4.517587368999999e-09	0.0	0.0	0.0
494.5482921405114	-0.6374352202615228	0.406323660029856	244578.01325909665	637.2267613024393	-1.139472708292942	1.2983980529444523	406057.9453199959	436.51058815099464	-0.42531878713828064	0.18089607069277808	190541.4935679272	436.5365952784444	579.4801224734997	1.0048629999999998	28.853907	0.05532009999999999	0.0318433	-0.02816674	-0.0993436962	0.0513710236	0.0840044311	-0.0628623299	-0.0911667963	0.044415413099999995	-0.018479911499999998	0.12694092880000002	0.0900383998	0.029040103799999998	-0.008657645799999999	0.0120145136	0.0312598952	0.037659063799999996	-0.0400066308	-0.0919138835	0.07230853429999999	-0.08394304949999999	-0.0021321555	-0.0413000643	-0.054942188600000004	0.049835707	0.0250134033	-0.0171906327	-0.09056010710000001	-0.0331200116	0.1245879303	-0.10641460650000001	-0.016196126	-0.0096251899	0.0637739739	0.09136841609999999	0.1373749453	0.0840619527	-0.026365714199999998	0.0248189699	0.0339191063	0.0051221135999999995	-0.023440662	0.0624328166	-0.0461038476	-0.0998175446	-0.040565035	0.0182599306	0.0938206095	-0.0127155142	-0.1229165992	-0.052425894	-0.0164430145	0.021638283199999997	0.045340522300000005	-0.0705206723	-0.0830703398	0.027566119700000002	-0.0220653921	-0.0532289433	-0.1138682896	-0.0902009742	-0.017195760900000003	-0.017723781799999998	0.0373713539	0.1300400527	-0.0399734284	0.0861635958	0.08740081890000001	0.0394615148	-0.055357124199999996	-0.028481661000000002	-0.0751908192	-0.0026481015999999997	0.0651521253	0.014913159399999999	-0.045289457199999994	-0.053312433799999996	0.1557265453	0.0069882038	-0.112836115	-0.0575870023	-0.0054044211	0.05405340769999999	-0.0797088817	0.10238600279999999	-0.0748955723	-0.008148646800000001	0.0701395495	-0.0742651741	0.0328276449	0.038607284900000004	0.0223241904	0.0619267217	-0.0596827422	-0.0460197151	0.1751536104	0.0320455411	-0.047408788	-0.0713125708	0.0840526952	0.028749324	-0.0468345078	0.0577323417	0.0295322285	-0.017802683200000002	-0.1004912553	0.0445426918	0.1044951238	-0.0689326819	0.0374392563	0.0433241302	-0.031351722799999995	0.08512273599999999	0.0362978318	-0.0878133654	-0.09349430369999999	0.026916663700000003	0.0	0.0	0.0	0.0	0.0	0.0	0.0	0.0469215	-0.00028880000000000566	8.34054400000033e-08	0.00220162716225	-0.0437038	-0.022122500000000003	0.0004894050062500001	0.0019100221344399999	-0.204123	-0.0027099999999999898	0.041666199129	7.344099999999948e-06	-0.00194777	-0.00040044999999999984	3.7938079729e-06	1.6036020249999993e-07	0.000446398	7.394800000000006e-05	1.99271174404e-07	5.468306704000009e-09	0.00106194	0.00012957799999999998	1.1277165636e-06	1.6790458083999997e-08	0.0	0.0	0.0
494.116758699132	-0.43153344137942895	0.18622111102877306	244151.37122733626	639.2614845314286	2.0347232289892645	4.140098618588499	408655.24560532585	436.53391468053866	0.02332652954407877	0.0005441269805707796	190561.8586663158	436.5113590111461	574.9495351164861	0.979557	28.127272	0.04082845000000001	0.022891	-0.0561353334	-0.1281548305	0.0267988971	0.0610449624	-0.1051315456	-0.0648947743	0.0303962825	-0.0539577064	-0.0023035812	0.0629236536	-0.152945574	-0.0022470353	-0.0237016518	0.028833877999999997	0.1238782893	-0.0444748021	-0.0737369328	0.0720215414	-0.06374212139999999	0.0360175726	0.027788123799999998	-0.0430104006	0.0881728129	-0.2212951365	-0.035405261	0.043337082199999995	-0.0920188185	0.0294834257	0.011823968300000001	0.0806884607	-0.0706588805	0.1305577252	0.05123511360000002	-0.00026281169999999997	-0.0717970427	0.0183052395	-0.0540319374	0.0514117516	0.0503147095	-0.0693111547	0.0601956289	0.013576231299999998	-0.0548975598	0.0409827391	-0.0756565341	-0.1119157393	-0.07102910000000001	-0.1986994848	0.0201720288	0.0482724306	-0.0422699928	0.032069786600000004	-0.026186509	0.0107077023	0.0823809083	-0.1031533364	0.0768377442	0.050535813799999996	-0.0607325509	0.10714108859999999	-0.0358125494	-0.0764025796	-0.0094912699	-0.0442562455	0.0752956951	0.0879795425	0.0521606179	-0.0573112667	0.0086692387	-0.047342097699999995	0.0533385241	-0.222946483	-0.051688156299999996	-0.0735325767	0.0235913746	0.0359397518	0.0141185806	0.026205879900000003	-0.1264589418	0.041583587400000004	0.1449253827	0.026953491200000002	-0.0009664841999999999	0.0014015917999999998	0.05827675650000001	0.0064008362	-0.0805812397	0.0231071146	0.0503729299	-0.1353483321	0.0784380732	0.0066433657	-0.0819609408	-0.031028739700000002	0.12257986609999999	-0.044091831500000005	-0.1751270297	0.0315899901	0.0405457424	-0.0203131368	-0.011322829599999999	0.0667091163	0.0022479194	0.057763322699999994	-0.0853672614	-0.046087958	-0.0312794089	0.08764472640000001	-0.0120564778	-0.0175080333	0.10002301849999999	0.0342347832	-0.09042448859999999	-0.0897844656	0.035267986099999996	0.0	0.0	0.0	0.0	0.0	0.0	0.0	0.0457943	-0.0011271999999999947	1.2705798399999884e-06	0.00209711791249	-0.0260313	0.0176725	0.00031231725625	0.00067762857969	-0.215293	-0.011169999999999984	0.046351075849	0.0001247688999999997	-0.00195654	-8.770000000000175e-06	3.8280487716000005e-06	7.691290000000308e-11	0.000607243	0.000160845	3.68744061049e-07	2.5871114025000003e-08	0.0011095	4.75600000000001e-05	1.2309902500000002e-06	2.261953600000009e-09	0.0	0.0	0.0
494.13345851287835	0.01669981374635654	0.00027888377916299883	244167.87482189853	636.796179272889	-2.4653052585395017	6.077730017782518	405509.3739365495	436.3849588139706	-0.1489558665680306	0.02218785018503294	190431.83227907086	436.3606248895958	573.0075486538105	0.977986	28.082163	0.038204900000000014	0.0213667	-0.0553178333	-0.1117342808	-0.0173212195	0.0656052449	-0.1069598891	-0.0466471788	0.0555194545	0.054459227400000004	0.0123779929	0.1398291602	0.043365491299999996	-0.09525245880000001	-0.0403055029	-0.0771591621	0.0212623956	-0.0448826846	-0.08449977060000001	0.0587760968	-0.084664307	0.0100070738	-0.0697020367	0.0059674718000000005	0.09609283119999999	0.0725835343	-0.0775734961	-0.0497816187	0.0331639537	-0.1047421506	-0.0767332763	0.14996351689999998	0.0418599551	0.0678534461	-0.038757787599999996	-0.015568741899999999	-0.09127512439999999	-0.018578739099999998	0.004785617	0.0383370752	-0.0657532962	-0.0733228886	0.0028441840999999996	-0.019039222800000002	-0.0712026071	0.041865536200000004	-0.06719448900000001	-0.060325482300000004	-0.0623690451	-0.0023730487	0.0087584377	-0.020165992	0.010539073700000002	0.1156751572	-0.06410219889999999	0.008265364	-0.0038814276	-0.1644217876	-0.10915311890000001	-0.0384249863	0.042557278399999995	0.0955155984	-0.054760049400000003	-0.0018470657999999998	-0.029602811	-0.045361484900000006	0.0883660617	0.0721120185	0.0786131909	-0.0498407244	-0.0491004291	-0.0161501521	0.0639698331	0.1123208334	-0.1010668772	-0.0376841542	-0.0264603834	0.0379282265	0.1516678561	0.1177254153	-0.0473488651	0.094578471	0.0267916327	0.006395041800000001	-0.0837672292	-0.0585300679	0.0222635179	0.0175117751	-0.006992088499999999	0.0980498953	0.0476753266	-0.0030529997999999997	0.06631879639999999	-0.056355042	-0.006957745600000001	-0.06376474139999999	-0.034190889700000004	0.0060792469	-0.0775951972	-0.0191043014	-0.0539860707	-0.1375887247	-0.0338010756	0.0446198347	-0.0982903837	0.003681808	-0.11731048699999999	0.029640212599999997	0.1020458727	0.11753951	-0.06442636019999999	0.0020630008	-0.0277722511	0.0321587	-0.0928979103	-0.0857670407	0.0434045609	0.0	0.0	0.0	0.0	0.0	0.0	0.0	0.04812	0.002325699999999993	5.408880489999968e-06	0.0023155343999999994	-0.0388747	-0.012843399999999998	0.00016495292355999996	0.0015112423000899998	-0.200527	0.014765999999999975	0.040211077729	0.00021803475599999918	-0.0019761	-1.955999999999963e-05	3.904971209999999e-06	3.825935999999855e-10	0.000607243	0.0	3.68744061049e-07	0.0	0.000963664	-0.0001458360000000001	9.286483048959999e-07	2.1268138896000028e-08	0.0	0.0	0.0
495.43536424504	1.3019057321616856	1.6949585354354546	245456.20014461552	636.4562379922328	-0.3399412806562623	0.11556007429421968	405076.5428792257	436.6569194826988	0.2719606687281839	0.07396260533508099	190669.2653321201	436.5824294805792	577.7579697080124	0.953859	27.389357	0.02372149999999997	0.0127695	-0.01060589	-0.1122295767	-0.021658209700000004	0.0387415035	-0.114878589	0.0006757900999999999	0.023188426499999998	0.1235576423	-0.008899535600000001	-0.0597943728	-0.0633951376	0.0344772469	-0.0583185182	-0.12451967900000001	-0.017807873300000002	-0.0510587422	-0.069732712	0.028137869	-0.09794553289999999	-0.08853119279999999	0.013772004099999999	-0.0681997102	0.030382941899999998	-0.1302953285	-0.052765735999999994	0.0079910951	0.027801873300000002	0.0361278692	0.1083896805	0.0832244695	0.0053376787	-0.0357268374	0.060699936600000004	0.0947833137	-0.0466457959	-0.051951705	0.044633629800000005	0.018491476899999998	0.0357852873	0.0896136842	0.0062661228	-0.0025576651000000002	-0.053276681900000004	0.1397165316	-0.0237720948	0.0070471469	-0.0087686975	0.1331714535	0.18765791899999998	-0.0512209344	-0.0660387014	-0.0388417666	-0.0208482123	-0.013156406599999998	0.0242689564	0.1007847022	-0.0579990672	0.0380258307	-0.0037752158	-0.020816025	0.061317813	0.0798776994	-0.053065726699999996	-0.050975758899999994	0.07392319259999999	0.0400307377	0.0899135883	0.0187923153	0.0601780979	-0.10287275289999999	0.0164488134	-0.080895479	-0.0442578918	-0.0698132367	-0.0177617345	-0.0160952443	-0.053362518899999996	0.1196789734	-0.0268160376	-0.046661645700000004	0.0303799003	-0.0993866233	0.0132572374	-0.0483045615	0.038440983399999996	0.056975578799999996	-0.0311491506	-0.0522143687	0.1466359681	0.0994210718	0.0416448439	0.0633451755	-0.0554922338	-0.0417505725	-0.097351881	0.1369826756	-0.013361831299999998	-0.1627659275	-0.068365173	0.052167599	0.037214476	-0.0030845554	-0.0377592983	-0.0502687609	0.0895927841	-0.106534955	0.0009533658	-0.0876430841	-0.0049065428	-0.019677052900000002	-0.0333403594	0.0300703725	-0.09522986369999999	-0.081455792	0.05127684440000002	0.0	0.0	0.0	0.0	0.0	0.0	0.0	0.050679900000000014	0.0025599000000000108	6.5530880100000545e-06	0.002568452264010001	-0.0350456	0.0038291000000000024	1.4662006810000016e-05	0.0012281940793599994	-0.204779	-0.004251999999999978	0.041934438841	1.8079503999999813e-05	-0.00177914	0.00019695999999999969	3.1653391396e-06	3.879324159999989e-08	0.000574622	-3.2621000000000046e-05	3.30190442884e-07	1.0641296410000026e-09	0.000995693	3.202900000000004e-05	9.914045502489999e-07	1.0258568410000026e-09	0.0	0.0	0.0
496.3261649643389	0.8908007192988521	0.7935259215033522	246339.66202820808	638.3240683652367	1.867830373003926	3.4887903023159854	407457.61625434743	436.5946753652442	-0.06224411745461113	0.003874330157703424	190614.91055728297	436.60175976032224	589.2320885273299	0.974192	27.973217	0.06724779999999997	0.0439019	0.0514259738	-0.1327760102	-0.030122205899999997	0.055982041100000005	-0.1315002153	0.0036618847999999996	0.015415859799999999	0.0739610233	0.0401149321	0.0330674315	0.055474837699999995	-0.037413504300000004	-0.0381768144	-0.0388769909	-0.0229910264	-0.0526908034	-0.0756301534	0.0950047528	-0.024615797400000004	-0.0584774678	-0.06269867650000001	-0.0395511094	0.0929682568	0.011011978600000001	-0.0047488420000000005	-0.0529615873	-0.053274261100000005	-0.01063859	0.0682640644	0.0015773873	0.0191942579	-0.0081180987	0.0800245909	-0.150416642	0.0627185465	0.029533379900000007	0.0186748289	-0.066159507	-0.0352285143	-0.0338837395	-0.15682781099999998	0.12873358140000002	-0.0442431854	0.1013989735	-0.0054912152	-0.049763484000000004	0.1385051607	0.1346946204	-0.06508162370000001	0.18391856	-0.08918811289999999	0.0587338203	0.0624246926	0.0308468407	-0.0098657473	0.1429594769	0.0077916207999999985	-0.024704443599999997	0.0229264581	0.0028381128999999997	0.0479117751	-0.0047516019	-0.061124863	-0.0530108771	0.0777536761	0.0862479148	0.0446192604	0.0110283476	-0.019090761100000003	-0.0798090587	0.0725963018	0.06515643559999999	-0.008532583	-0.0357475742	0.0739275419	-0.010241965300000001	-0.01526812	0.04774063059999999	0.055339116900000006	-0.082233624	0.1253567749	0.1469259652	0.0399044705	-0.005788125600000001	-0.1097564804	-0.0167289087	0.024285015	-0.0373531908	-0.0707485954	0.0342366431	0.1498103101	0.0569855913	0.0538694026	-0.1037696351	-0.0368019257	-0.11859582119999999	0.09167591289999999	-0.046607366399999996	-0.13054990630000002	0.07012226860000001	-0.1094658324	-0.12369994869999999	0.0531616442	-0.029351525	0.07705475490000001	-0.0837178435	0.015253807900000001	-0.0325349709	0.0583256634	-0.0400842	-0.0398632829	0.0279705958	-0.0974167978	-0.0768654892	0.0588369021	0.0	0.0	0.0	0.0	0.0	0.0	0.0	0.048836800000000014	-0.0018431000000000003	3.397017610000001e-06	0.0023850330342400005	-0.0547202	-0.019674599999999997	0.00038708988516000006	0.0029943002880399995	-0.20148	0.0032989999999999964	0.0405941904	1.0883400999999976e-05	-0.00249718	-0.0007180399999999999	6.2359079523999985e-06	5.155814415999998e-07	0.000458602	-0.00011602000000000004	2.10315794404e-07	1.3460640400000008e-08	0.000981131	-1.4561999999999865e-05	9.62618039161e-07	2.1205184399999608e-10	0.0	0.0	0.0
496.36129463811216	0.03512967377326959	0.001234093979416345	246374.5348148228	636.0356587617966	-2.2884096034400727	5.23681851311675	404541.35921655264	437.1771299193725	0.5824545541282761	0.33925330762476874	191123.84292453987	437.1475407744757	590.3046402532804	0.9599740000000002	27.564941	0.04069949999999999	0.0208104	0.071383938	-0.1378625133	-0.059282023899999994	0.0136136096	-0.1277266335	0.0340767562	0.017814341299999998	0.0156374404	0.0499161338	-0.0648441919	-0.1372997798	0.013278518700000002	-0.104640828	-0.0280958659	0.0615432477	-0.0658155854	-0.0712802941	0.043266101200000004	-0.0688414612	-0.054190588399999996	-0.1050788217	-0.0619621391	-0.0009433721000000001	-0.1330693863	0.07134935889999999	0.0351812722	0.042255119	-0.0334825302	0.10636979839999999	0.0700462892	-0.1044285367	0.08411647859999999	0.1306401995	-0.1063264322	-0.0222345588	0.0405828665	0.06389563570000001	0.0272964704	0.09758043150000001	-0.0505522125	-0.062667918	0.0506921436	0.0871632144	0.0853297975	0.09231866720000001	0.0611062096	-0.0785455418	-0.033414398399999996	-0.0557773158	0.0697596924	0.0011505991	-0.08801186970000001	-0.1321014301	0.018760121299999998	-0.0009712903999999999	0.038314168100000004	-0.0713712278	-0.0668958972	0.1071829923	-0.0140984405	-0.1399663158	0.0037064207	-0.1512791696	-0.0658797757	0.0839831424	0.0369629011	0.0763132165	0.0079021871	-0.0624060335	-0.1095217331	0.0067761612	-0.08194769980000001	0.0264416613	-0.0164649106	-0.0283792845	-0.17096639739999994	-0.0379125169	0.0804911576	-0.1209056811	-0.0042743297	0.1833820454	0.0487073274	-0.0292990752	0.0867562909	-0.08525154439999999	0.017616080200000002	0.0016422555	-0.02991382	0.0250590261	0.0016217778	-0.0040626182	0.1296520771	-0.0035144514	-0.014476141599999999	0.07340341809999999	0.0076941515	0.0290359475	0.0908360867	-0.09968286109999999	-0.0206658409	0.0739749614	0.1030730377	-0.037020142	0.0402674851	0.13986265539999998	0.0662490459	0.0689865709	0.0885138909	-0.0280217156	-0.0461938795	-0.16403669640000001	0.025860169500000002	-0.0994553821	-0.07201185780000001	0.06603870070000001	0.0	0.0	0.0	0.0	0.0	0.0	0.0	0.0481279	-0.0007089000000000054	5.025392100000075e-07	0.0023162947584099997	-0.0396637	0.0150565	0.00022669819225	0.0015732090976899994	-0.202511	-0.001031000000000004	0.041010705121	1.0629610000000085e-06	-0.00274671	-0.00024953	7.544415824099998e-06	6.22652209e-08	0.000583205	0.0001246030000000001	3.401280720250001e-07	1.5525907609000023e-08	0.00108506	0.000103929	1.1773552036000002e-06	1.0801237041e-08	0.0	0.0	0.0
495.8844893478727	-0.4768052902394402	0.2273432848003168	245901.4267758005	636.5556504265036	0.5199916647069358	0.27039133136469035	405203.09608990897	436.80338294201624	-0.37374697735623386	0.1396868030829212	190797.1953495897	436.7507121546674	587.373851527128	0.967084	27.769096	0.0358421	0.0203082	0.0623376704	-0.1092165695	-0.1022352444	0.0186002553	-0.1150555256	0.06559159099999999	-0.005292004	-0.0749906283	-0.0606333093	-0.0147129336	0.055018255999999995	0.0164217045	-0.0820418849	-0.06541571269999999	-0.0012840551	-0.058677444400000014	-0.1077295935	-0.025129074300000002	-0.0466300329	-0.09434209589999999	-0.11075901960000001	-0.0502943516	0.0394361678	0.062691732	-0.06072542490000001	-0.0651477216	0.047435001100000006	0.0003947282	-0.0465200662	-0.0481510086	0.0698425406	-0.17927664	-0.0146657441	-0.1404603922	0.0140215438	-0.0194513713	0.1263545425	0.11924942640000001	-0.107865073	-0.0152180341	-0.1646780279	-0.0646253889	-0.0639403968	0.19384357440000002	-0.09426453369999999	-0.0206325553	0.0564218539	0.0089769408	-0.0864753202	-0.0625757759	0.115037646	0.0040424722	-0.11952208689999999	-0.038107675	-0.11509856759999999	0.044216890700000004	-0.0208894095	-0.0727299796	-0.0752554512	-0.08216191889999999	0.0887352983	-0.0627098106	0.0532542721	-0.0584731183	0.1153780299	-0.0077613039000000005	0.046936930300000006	0.0378319855	-0.0474695819	-0.11815136109999999	0.0148311095	0.12002255210000001	-0.0534656642	-0.023318410600000002	-0.019877743700000002	0.0050387412	0.009408853100000001	-0.013268246599999999	0.11283181880000001	-0.1332826932	-0.0044332873	0.0840799949	-0.09673706779999999	-0.0066036072	-0.1269271522	0.0659452616	0.184605618	0.1126046778	0.049974769800000006	0.109057561	0.1481325185	0.005558116899999999	-0.08329814049999999	-0.0732126545	-0.0461868862	-0.0401553599	0.09517865939999999	-0.030615820800000002	0.0146890364	-0.1619156767	0.051773581900000004	-0.0319764679	0.0076324745	0.0469263399	0.0304841288	0.0881549972	-0.04196845	0.0079423926	0.0604111013	0.0634213428	0.0028340391999999996	0.023739897000000003	-0.1013425123	-0.0669115258	0.0728383882	0.0	0.0	0.0	0.0	0.0	0.0	0.0	0.0518791	0.003751199999999996	1.4071501439999972e-05	0.00269144101681	-0.0384952	0.0011684999999999961	1.3653922499999904e-06	0.00148188042304	-0.217996	-0.015485	0.047522256016	0.00023978522499999995	-0.0025618000000000004	0.0001849099999999995	6.562819240000002e-06	3.419170809999981e-08	0.000583205	0.0	3.401280720250001e-07	0.0	0.000961222	-0.00012383800000000014	9.23947733284e-07	1.5335850244000034e-08	0.0	0.0	0.0
496.291632344581	0.4071429967082736	0.16576541976859327	246305.3843352488	635.6930244198404	-0.862626006663163	0.7441236273716354	404105.62129604386	437.0894992827669	0.2861163407506524	0.08186256044454343	191047.23038325988	437.1363538643192	589.1076465325698	0.968691	27.815256	0.06474535	0.029338	0.0714148064	-0.1100785356	-0.1005689957	-0.0279003878	-0.1006781692	0.0670110701	0.0104060661	-0.0088530954	0.0372281035	-0.06988914	-0.0381919886	0.0829443312	-0.0975821066	-0.0179585773	-0.0028689459000000002	-0.0655353033	-0.08955352009999999	-0.0262320477	-0.0747959262	-0.0943790114	-0.060949702	-0.1411412878	-0.040205425	-0.11844775560000001	0.1153996971	0.0247285617	0.0790734789	-0.06772666299999999	0.059029643	0.031073242	0.1082664184	0.0289916463	0.0328618317	-0.055234011	0.0347329342	-0.015677588	0.1142745131	0.0622920591	0.1041068942	0.073763759	0.1794963139	0.11584792279999999	-0.0483581903	0.06854078450000001	-0.0190916655	0.045261473499999996	0.005395272	0.006536821999999999	-0.036640100099999996	0.053432423	0.098440969	-0.0666334527	0.0854891268	0.1162827963	-0.1296892221	0.0322218816	-0.1434263809	0.0365928698	0.0090773973	-0.0391134238	-0.0034283340000000003	-0.0706595714	0.046359229	-0.0658035206	0.0994129136	-0.005783874699999999	0.050564954599999996	0.0313822345	-0.0149758229	-0.1746405373	-0.0348049867	-0.0700409929	0.08440365970000001	-0.030228559900000007	-0.0829380746	-0.11544047939999999	0.0267220773	0.10579832939999999	0.0848065605	0.075372039	0.0346671364	-0.037868868199999996	0.0638727903	-0.0064203873	-0.0909146651	0.027920212200000002	0.0294089913	-0.0899244592	0.15305358800000002	-0.16397618619999998	-0.0073264611	0.0467219896	0.0074669165	0.0552896146	0.0322830556	0.0262747654	0.1654137529	-0.0355142114	0.036906488599999995	-0.0019071354999999999	-0.130625729	0.0043856555	-0.1250163217	-0.0006133973	0.031478075099999996	-0.0140546104	0.05171722	0.0012309775999999998	-0.046330618399999995	0.0035985669	-0.0031116008000000002	0.021610585699999997	-0.10307531460000001	-0.0615819658	0.0791945613	0.0	0.0	0.0	0.0	0.0	0.0	0.0	0.0406614	-0.011217699999999995	0.00012583679328999993	0.00165334944996	-0.0206722	0.017823	0.000317659329	0.0004273398528400001	-0.211452	0.006543999999999993	0.044711948304	4.282393599999993e-05	-0.00290367	-0.00034186999999999976	8.4312994689e-06	1.1687509689999983e-07	0.00063905	5.58449999999999e-05	4.083849025e-07	3.1186640249999885e-09	0.00114672	0.000185498	1.3149667584e-06	3.4409508003999984e-08	0.0	0.0	0.0
496.3616027058163	0.06997036123533462	0.004895851451403218	246374.84064068663	636.8629671931268	1.1699427732863796	1.3687660927650251	405594.4389820337	436.5993959245185	-0.4901033582484047	0.2402013017663641	190619.03252165444	436.55450601815187	585.2896693451064	1.011853	29.054632	0.08438115	0.0411587	0.0782380507	-0.0376756128	-0.1322485871	-0.0209997123	-0.0722914444	0.0821980374	-0.0144651214	-0.0075210721999999985	-0.0395460845	0.0669788143	0.092599585	0.0086338808	-0.1116536717	0.0026220224	-0.08856493539999999	-0.056061857400000005	-0.0987613191	-0.0640056129	-0.0322267494	-0.0265439463	-0.057673546299999996	-0.0206782382	0.0638712387	0.0814867442	0.0322336959	-0.1019436592	0.041057394	-0.2130040742	-0.042394496600000005	-0.0209553484	-0.0786857363	0.1221756447	-0.0677713492	0.061579444800000015	-0.035097043700000004	0.08739096019999999	0.0958693072	-0.013260933899999999	0.0810970147	-0.0013962205999999999	0.0362546598	-0.1108787954	0.04629154940000002	-0.095576887	-0.0321974429	0.0838716143	0.1592967284	0.0247170332	0.0851204873	0.036818847200000004	-0.0625336559	-0.0721395823	0.1155357932	-0.0401472655	0.117230436	0.0391143985	0.1144250404	0.0230306025	0.05777316940000001	-0.002326809	-0.032869618999999996	-0.07600101849999999	0.0239304195	-0.0559978557	0.1082257777	-0.054809374	0.0052960077	-0.0116385058	0.0032033268	-0.0651963695	0.0628970554	0.1499278249	-0.0222326552	-0.059213361	0.0450306119	-0.1284906915	0.0862273149	-0.0134932478	-0.0653057013	0.1596173252	-0.0296372475	-0.09968263460000001	-0.0833020206	0.0104192525	-0.1050535701	-0.0114504338	-0.0240814958	-0.0053357252	-0.0880691359	-0.0175767095	-0.1346163885	-0.0614879556	-0.040286031800000004	0.09478643369999999	0.0356434362	-0.10400535289999999	-0.0033736375	-0.0991845248	0.0237563085	0.20163997879999998	-0.0017198752	0.0292950002	0.1556013283	0.0029044216999999997	0.0035105871000000004	-0.0879195667	0.058422694800000015	0.0087594661	-0.0178390987	0.0776000534	0.0384295941	0.019473046299999998	-0.1046511502	-0.0560414362	0.085068517	0.0	0.0	0.0	0.0	0.0	0.0	0.0	0.0505756	0.009914199999999998	9.829136163999997e-05	0.00255789131536	-0.023605900000000003	-0.0029337000000000013	8.606595690000003e-06	0.0005572385148100001	-0.220365	-0.008913000000000004	0.048560733225	7.944156900000007e-05	-0.00233199	0.0005716800000000003	5.4381773601e-06	3.2681802240000023e-07	0.000212832	-0.00042621799999999986	4.5297460224000007e-08	1.8166178352399992e-07	0.000892213	-0.00025450699999999995	7.96044037369e-07	6.477381304899996e-08	0.0	0.0	0.0
496.92477065641725	0.5631679506009277	0.3171581405840489	246934.2276919329	637.3124006517761	0.4494334586493096	0.2019904337534807	406167.09602453	436.4177624968669	-0.1816334276516045	0.03299070204047065	190460.4634227717	436.425836105302	589.9258526481184	0.931255	26.740307	0.05253439999999999	0.0280613	0.10386620640000001	-0.0391199244	-0.1124875763	-0.047825947800000004	-0.032858007200000004	0.07947816769999999	-0.0457942326	0.011816910600000001	0.0587364439	-0.0629169257	0.02184689	0.1685715271	-0.0181314918	0.0244231977	0.0195989515	-0.0525749511	-0.09331802800000001	-0.1136129553	-0.040050177799999996	-0.085972385	0.036093343300000004	-0.1018637926	0.081192835	-0.0009104741	0.0612239165	-0.054401357000000004	0.0890536502	-0.075477154	0.0732827496	0.0155550055	-0.12219359490000001	0.05771738110000001	-0.0700316638	-0.0281271323	0.0827411723	0.031125965499999998	0.08737871259999999	-0.0244498112	0.066954823	0.0892174215	-0.0981511548	-0.0616449582	0.0447361274	-0.0148132786	0.0681731647	0.040562399900000004	-0.0630839134	-0.0058665565	-0.0216763918	0.0507701636	0.0150038104	0.0194567047	-0.0552237517	0.030847304199999998	0.0869080274	-0.10504781710000001	0.1381830211	0.0076778478	0.11513823699999999	-0.1405740751	-0.04681808639999999	-0.1108899856	0.0778378485	-0.051877071799999994	0.08966943320000001	-0.0771794145	-0.0072548306000000005	0.0027865776	0.1104302536	-0.148534812	0.0925393994	0.0461145054	0.0317739258	-0.0414008425	-0.0322544424	-0.11311391609999999	-0.0509758869	0.023604176	-0.1058874329	0.0707552694	-0.0513630108	-0.0466945608	-0.006693124399999999	0.0723296241	-0.0975790192	-0.0478070755	0.09485541289999999	-0.0995044299	-0.030097265	0.12267875789999999	-0.0260599518	0.0381920028	0.0168397778	0.029348617	0.0910621442	-0.012538866000000001	-0.0417896394	0.0416754123	-0.0579702067	0.0073947465	-0.0439757218	0.0764778913	0.1329920678	0.0732747084	-0.0687666059	0.1369299792	0.0426573617	-0.0194735253	-0.0701763705	0.0314481998	0.0775082799	0.0173280926	-0.1060676193	-0.0503089179	0.09042448859999999	0.0	0.0	0.0	0.0	0.0	0.0	0.0	0.0470474	-0.003528200000000002	1.2448195240000015e-05	0.00221345784676	-0.0328897	-0.009283799999999998	8.618894243999996e-05	0.0010817323660899999	-0.200914	0.019451	0.040366435395999996	0.00037834140099999984	-0.00236411	-3.2120000000000065e-05	5.5890160921e-06	1.0316944000000043e-09	0.0005692340000000001	0.00035640199999999997	3.240273467560001e-07	1.27022385604e-07	0.000909119	1.6905999999999912e-05	8.264973561609999e-07	2.8581283599999687e-10	0.0	0.0	0.0
496.42039856095994	-0.5043720954572564	0.2543912106759437	246433.21210742238	635.6027683939894	-1.7096322577866658	2.9228424568647324	403990.87919010344	436.28750268757767	-0.130259809289214	0.0169676179160624	190346.78500136308	436.27554595512083	587.7821871926012	0.949603	27.267143	0.052388549999999985	0.0291579	0.09898378449999999	-0.031903346	-0.1170596143	-0.0336566146	0.0066357472	0.09063196970000001	-0.0148761239	-0.049248868	0.018345146399999998	0.0464458779	0.1901309062	0.0915021016	-0.0857226423	0.0695880599	-0.0512353055	-0.0481491118	-0.0753703585	-0.059603920899999996	-0.0552348221	-0.0741595426	-0.0006871132000000001	-0.0598661789	0.0766844907	0.0238864505	0.0427136445	-0.0285416549	0.0961785468	-0.051848947	0.09281535310000001	-0.052393318099999996	0.0580474562	-0.0042920875	-0.0937670278	0.0226678934	-0.034085198500000004	0.007043563100000001	-0.0049620838	3.86371e-05	-0.0640769108	0.11748879039999999	0.009893086700000001	-0.09425272189999999	-0.032672264900000005	-0.1504235297	-0.1082676733	-0.0991410385	-0.1631533735	0.0688183955	-0.1217148997	-0.0048804396000000005	-0.1332111552	0.0993933884	-0.055772300700000006	0.1097381861	-0.051848258200000004	-0.08772465539999999	0.0449449921	-0.079780531	-0.007547412	0.0903235389	0.0627107088	-0.1171237558	0.0135210902	-0.047959992699999995	0.0837659738	-0.0655597742	0.0296609165	0.014973688899999999	0.0524538142	-0.0900968886	0.0793057066	0.06608675650000001	0.0132408127	-0.032691910299999995	-0.0319751684	-0.0854844914	-0.03450474	0.013380083000000001	0.09658580259999999	0.062457761699999996	-0.09954390880000001	-0.0572156386	-0.005334851999999999	-0.0183190053	0.027769526099999997	-0.0663968303	0.0017907701000000004	-0.030165831	0.0231772787	0.0579666454	-0.0100010251	-0.18080603039999998	-0.036212962599999995	-0.1037545765	-0.10521294810000001	-0.0024199168	-0.11521971630000001	0.1675397855	-0.0188657562	-0.032153831800000005	-0.1347719294	-0.0060709042	-0.0395779759	0.10844730080000001	-0.0477387096	0.0410748548	0.0692005483	0.0761977687	0.0670713549	0.1268544281	0.1221430376	0.015176541399999997	-0.107322565	-0.044404049400000006	0.09522986369999999	0.0	0.0	0.0	0.0	0.0	0.0	0.0	0.0496598	0.0026124000000000078	6.824633760000041e-06	0.0024660957360400004	-0.0194892	0.013400500000000004	0.00017957340025000004	0.0003798289166399999	-0.222727	-0.021813	0.049607316529	0.00047580696900000004	-0.00216218	0.0002019299999999999	4.6750223524e-06	4.077572489999996e-08	0.000518776	-5.045800000000008e-05	2.69128538176e-07	2.5460097640000078e-09	0.000947984	3.8865000000000015e-05	8.986736642559998e-07	1.5104882250000013e-09	0.0	0.0	0.0
496.91389066747536	0.4934921065153617	0.2435344591929691	246923.41473828765	636.7680944907615	1.1653260967721053	1.3579849118181102	405473.6061613953	436.5687843588425	0.2812816712648214	0.07911937858953105	190592.3034765575	436.63095087784296	585.5268143064544	0.975038	27.997494	0.03393995	0.0198202	0.08702525800000001	-0.0388174407	-0.1129865076	-0.0476352558	0.0086523257	0.0838753609	-0.0241618025	-0.0097718979	0.0744237661	-0.0743180718	0.0183187648	0.1793151553	0.013609899699999999	0.0746322206	0.0180443859	-0.0530086699	-0.0731427807	-0.0939337842	0.026390568	-0.045707089299999996	0.1133208658	0.0055973462	-0.0174477426	0.0175164173	-0.0180099926	-0.0307462136	0.0300865782	0.0211869838	0.08576277800000001	-0.0353209476	-0.1621035495	0.05672844110000001	0.0275463227	0.06934422	-0.0779580334	-0.1432030124	0.06991508860000001	0.0777845732	0.0354109112	-0.1179730816	0.044965598600000004	-0.0017756254999999996	-0.0036878965	-0.0461385849	-0.0920493652	-0.0287660283	-0.13491817039999998	-0.0340648929	-0.0517390125	-0.1085399271	0.0856420802	0.11022056029999999	-0.0761820453	0.050345099000000004	0.0436549671	-0.0805643907	-0.028243930299999997	-0.0339290679	0.0065222966000000005	-0.0381983637	-0.0084379657	-0.0731402826	-0.22489999089999999	-0.0528872317	0.0681075343	-0.0717964343	-0.051805892	0.0304589437	0.1393781895	-0.0098842911	-0.0007701833999999999	0.009814604499999999	-0.0038740958	-0.0175581888	-0.0231581763	-0.045371973499999996	-0.1431959085	-0.0678029699	-0.1684328909	-0.0067665486	0.035832083199999996	-0.0529593215	-0.0294454046	-0.1207059141	0.0181814754	0.0544496095	0.0241582409	0.0429357553	0.0175642245	-0.0685016166	-0.10317176759999999	-0.0555754553	-0.025546957999999998	-0.019534251000000002	-0.053317616500000005	0.0870602779	-0.0928191359	0.0379837431	-0.0239118906	-0.23272531230000001	-0.040638000699999996	0.0873325722	-0.06443214929999999	0.0439980299	-0.1020875374	0.012500533700000002	0.0234923685	0.0346887508	0.0222834467	0.0202771008	-0.1686332639	0.0130192117	-0.108414076	-0.0383470601	0.0994553821	0.0	0.0	0.0	0.0	0.0	0.0	0.0	0.0512227	0.001562899999999992	2.4426564099999754e-06	0.0026237649952899995	-0.0264919	-0.007002700000000004	4.903780729000006e-05	0.0007018207656100001	-0.206661	0.016065999999999997	0.042708768921000013	0.0002581163559999999	-0.00216554	-3.359999999999995e-06	4.6895634916000015e-06	1.1289599999999967e-11	0.000360936	-0.00015784000000000002	1.3027479609599998e-07	2.491346560000001e-08	0.000923017	-2.496699999999998e-05	8.519603822889998e-07	6.233510889999988e-10	0.0	0.0	0.0
497.40112048210676	0.4872298146314051	0.2373928922657534	247407.8746568553	638.4805736990653	1.712479208303762	2.932585038872679	407657.44299108756	437.3111733830418	0.7423890241993263	0.5511414632516278	191241.06236565288	437.3504123232568	588.185531351396	1.118688	32.122314	0.147828	0.0943273	0.09855164050000001	-0.0035025658000000003	-0.1341260432	0.0726124531	0.04729342809999999	0.09020626429999999	-0.03009774	-0.12406353640000001	-0.0505669968	0.0678039547	0.1858077195	0.2024815063	-0.0005451383999999999	0.0423048554	0.12499141960000001	-0.0645867052	-0.14570077210000001	-0.06862656389999999	-0.014788056899999999	0.060211085	-0.0307738563	-0.06379419019999999	0.0677648988	0.0887088156	0.1006864368	-0.1628232267	-0.0456959886	0.1417497314	0.037177146200000004	-0.25154450920000004	0.0926659493	-0.0044837081	-0.039330135	0.111901568	-0.253455837	-0.023327751	-0.08496322279999999	-0.0712839465	-0.0825825863	0.0388105615	-0.0370833957	-0.0059889176	0.0919450619	-0.100117886	0.0551093117	0.0062849724	0.0305423218	-0.0621656756	0.0023230792	0.0103575955	0.0343529144	0.0391071689	0.1386965473	-0.1336744927	0.0321938138	0.0534632459	-0.0712300025	0.0814765276	-0.0915664224	-0.0027325619	-0.020551601699999998	0.011271274099999999	0.0299064331	-0.0645384229	0.1391191625	-0.06856000599999999	-0.0615139476	-0.0867343101	-0.0169949094	-0.0736448492	0.0696446531	0.1065235117	0.1264046357	-0.062783894	0.042417628	0.0777227471	-0.17159706309999995	-0.18038992480000002	0.22708061079999997	0.046576493600000005	-0.0094209126	-0.0813245435	-0.1733265754	-0.0864018849	0.1608032166	-0.0808285802	-0.0742740432	0.0518213857	-0.0947313043	0.0102121414	-0.0555516786	0.0080261818	0.0083431203	-0.0185486357	0.018569781599999998	-0.003340405	-0.024912707599999997	0.0505941438	0.0920018337	0.0766972299	0.034577420899999996	-0.0968956247	0.0048363845	-0.2227748879	-0.0251549134	-0.0677844705	-0.0353970484	-0.0068163265	-0.0381207834	0.0127748874	0.036576584100000004	0.010856925	-0.10934049039999999	-0.0321587	0.10307531460000001	0.0	0.0	0.0	0.0	0.0	0.0	0.0	0.0629794	0.011756700000000007	0.00013821999489000022	0.003966404824360001	-0.0287643	-0.0022723999999999943	5.163801759999972e-06	0.0008273849544899998	-0.28522600000000004	-0.07856500000000002	0.08135387107600002	0.006172459225000004	-0.00136317	0.0008023700000000003	1.8582324489e-06	6.437976169000003e-07	0.000363088	2.1520000000000566e-06	1.3183289574400002e-07	4.631104000000244e-12	0.0006228609999999999	-0.000300156	3.87955825321e-07	9.0093624336e-08	0.0	0.0	0.0
499.5874451755722	2.186324693465451	4.7800156652568	249587.61537705536	638.8211305365903	0.3405568375250141	0.11597895958503884	408092.43682004744	440.3035695395347	2.9923961564928727	8.95443475739332	193867.23334925587	440.3363943419394	589.6185362286137	1.3593309999999998	39.032204	0.24103315	0.148061	0.0917370318	-0.037409097999999995	-0.0672104704	-0.1047573728	0.0350503134	0.07022974230000001	-0.078540923	-0.08393041	0.0715526503	-0.0213430268	-0.032134074500000005	0.18767803019999998	0.17912549449999998	-0.0539773437	-0.016226081599999997	-0.11544066439999999	-0.0353541322	-0.10130773529999999	0.0644752691	0.09728427519999999	0.1218769356	0.1055695978	-0.10262400949999999	0.015359165800000001	0.24818473100000002	-0.0068087751	-0.1650017322	0.13849068220000002	0.0584324777	-0.0578249988	-0.1100863864	0.1317451582	-0.0301482385	0.05907525	-0.0707033685	0.0915687763	0.0105528025	0.031314394100000004	-0.1160786713	0.0484957695	-0.1605278921	0.0226846034	0.08020221450000001	-0.0729884148	0.14537332320000002	-0.09180718189999999	0.1498199042	0.043071059	-0.1107106935	0.007020945400000001	-0.0765645385	-0.0171643528	0.011928306000000001	0.0536502313	-0.17435356170000002	-0.1489007363	-0.0860827138	0.0001819975	-0.1406952537	-0.0621049834	0.0760408829	0.046246358099999996	0.07087434769999999	-0.1147113535	0.0223786684	-0.0912628708	-0.0936102977	-0.0420470837	0.0360801443	0.1463889923	0.0066963876	-0.0964012952	0.30039492289999997	0.0598866605	0.0777553079	0.0551063324	-0.1668545051	-0.0825894479	-0.10691753220000001	0.1088358243	0.050836958099999996	-0.0518709366	-0.06704627519999999	0.029060599500000006	0.013257059	-0.0726378978	-0.0109549672	0.0876681697	-0.07103014719999999	0.09576399349999999	0.045127985	0.0340180876	0.1620093836	-0.143725543	-0.10210010550000001	-0.1960128489	0.0423260586	0.029878952099999998	0.017734470800000002	0.057086715499999996	0.0393032238	-0.0516188727	-0.204198453	0.0075859941	-0.0975108133	0.0708502808	-0.13455519970000002	-0.0596881095	0.0586744686	-0.0847507381	0.0345747885	0.008690504699999999	-0.1101003972	-0.025860169500000002	0.1060676193	0.0	0.0	0.0	0.0	0.0	0.0	0.0	0.0902215	0.0272421	0.0007421320124100003	0.008139919062250001	-0.08733830000000001	-0.058574000000000015	0.003430913476000002	0.007627978646890001	-0.150396	0.13483000000000006	0.022618956816	0.018179128900000008	-0.00100165	0.00036152	1.0033027225e-06	1.3069671039999996e-07	0.000409309	4.622099999999999e-05	1.67533857481e-07	2.136380840999999e-09	0.0006228609999999999	0.0	3.87955825321e-07	0.0	0.0	0.0	0.0
498.5511986137083	-1.0362465618638907	1.0738069369747345	248553.29763916525	644.5458863587063	5.7247558221159816	32.77282922285082	415439.3996219303	439.6959747040801	-0.6075948354545629	0.3691714840710576	193332.55017097108	439.86379266122253	588.1327264649527	1.575572	45.241398	0.13709459999999998	0.07535269999999998	0.0656792278	-0.013872789699999999	0.0368659704	-0.1366323348	0.0586443171	0.0253814775	-0.1503470859	-0.1700147027	-0.0460424441	0.0470047933	0.1513605991	-0.0965548868	0.1278097424	0.129575264	0.0375460362	-0.1028257255	0.0327417053	-0.0533082673	0.1470237155	0.1177800329	-0.047144994100000004	0.0166379791	0.0065540296	-0.07672633200000001	0.1915828773	-0.1187866033	-0.2340764238	-0.042477069900000004	-0.13413890039999998	-8.247110000000001e-05	0.2086981041	-0.0726989198	0.0629497451	-0.0621405224	0.1305465106	-0.1422647778	0.045684865199999994	0.0019435804999999998	-0.08235943309999999	-0.0940916551	0.0056654832	0.1678974577	0.014616895100000001	-0.1234590526	0.055846442	0.08195431019999999	-0.099512486	-0.0611244192	0.10221277210000004	0.063986315	0.1054208425	-0.0104428217	-0.0131738269	-0.0816522309	0.0818139469	-0.0022755194	-0.0729329522	0.0504983595	0.1150743723	-0.0413218995	0.0235026298	-0.0377581427	-0.0052325395	-0.10346841849999999	-0.047892547800000004	-0.050101598399999996	-0.1542206593	-0.00422845	-0.1183870959	0.045821489900000005	0.0149907654	-0.0479387564	0.2166161254	-0.0815150992	0.1665890819	0.1227432233	0.15245714400000002	-0.020920448600000002	0.1875313337	-0.0665648339	0.0906525682	0.0142938674	0.0828530824	-0.0461396358	-0.0356793049	-0.002092278	0.13978927060000002	0.014720651999999999	-0.11679354	-0.178487913	0.0152221089	-0.0389127325	0.0895745469	0.1477602805	0.1069355441	0.13466513289999998	-0.0242866667	0.0153294282	-0.0985437299	-0.0603834279	0.1116075799	0.058293343	-0.0040304786	-0.11950153179999999	0.014295519599999999	0.0001464517	0.1374052056	-0.09744796039999999	-0.0676390916	0.0430450041	0.0207098608	0.0065207754000000005	-0.1106926392	-0.019473046299999998	0.108414076	0.0	0.0	0.0	0.0	0.0	0.0	0.0	0.0777154	-0.012506100000000006	0.00015640253721000018	0.006039683397160001	-0.07272189999999999	0.014616400000000015	0.00021363914896000043	0.00528847473961	-0.158867	-0.008471000000000006	0.025238723689000004	7.175784100000009e-05	-0.00234628	-0.00134463	5.5050298384e-06	1.8080298369e-06	0.000539502	0.00013019299999999996	2.91062408004e-07	1.6950217248999992e-08	0.00117806	0.0005551990000000001	1.3878253636000003e-06	3.0824592960100024e-07	0.0	1.0	0.0
495.3568385062817	-3.194360107426633	10.203936495918688	245378.39745493844	641.6476907323594	-2.8981956263469333	8.399537888576491	411711.7590221695	438.3479487354229	-1.3480259686572251	1.8171740121742508	192148.92416055294	438.3984709991168	570.5819805994965	1.451758	41.686169	0.2379037	0.13826500000000005	-0.0106826304	-0.0032736324	0.118576215	-0.0019885532	0.0617462895	-0.055714159299999996	-0.0910989551	0.1186382876	0.0254567197	0.0758426831	-0.0236685829	0.0638222638	-0.0541975825	0.0362570606	-0.1231219374	-0.0733291093	0.007768662	0.1162225572	0.1519646915	0.0662845734	0.0173677605	0.024665582999999998	-0.0379871274	0.15551025029999999	0.054987427199999994	0.0246554313	0.0162274282	-0.1746044414	0.026670222	0.0016754256	0.1702474807	-0.0376595359	-0.0844062418	0.0401363439	-0.0695132903	-0.0148745312	0.0790133257	0.0569845834	-0.10130320949999999	-0.1756006582	0.08514414	0.07893756019999999	0.12796514650000002	0.0708733759	-0.074938381	0.0399258471	0.0833341253	-0.042344648	0.0114962221	-0.0388099083	0.10558192029999999	-0.16231900800000001	-0.041497562599999996	0.0640314121	0.0523342104	0.0009526697	0.0405570946	0.020006700500000002	0.21782153899999998	0.124446374	0.043106057999999996	0.16288209550000002	-0.0419617551	-0.0735008846	-0.0393466069	0.1195039975	-0.1424855922	-0.03198374	0.0102011891	0.0788064758	-0.021489493999999998	0.11874108720000001	0.0138720026	0.1100323409	0.05880918230000001	-0.09858576599999999	0.095803931	0.08439523880000001	0.1578320873	0.0672769282	-0.0642433139	-0.018089439	-0.0250241273	-0.0793382247	-0.032409055	0.06614402429999999	0.0205120813	0.1903199188	-0.0729703116	-0.1983713104	-0.06946697980000001	0.0568908651	-0.0377018766	-0.0374128061	-0.0022293281	0.0400142344	0.12847462169999999	-0.0792782938	0.0149289027	-0.0736783599	0.0872868583	0.11624326300000001	0.0345322463	0.09143456970000001	0.05295025019999999	-0.0255903648	0.1121743506	-0.0360176856	0.014681631499999999	-0.165368824	-0.0496668681	0.0043485634	-0.11111631460000004	-0.0130192117	0.1101003972	0.0	0.0	0.0	0.0	0.0	0.0	0.0	0.0705068	-0.0072086000000000094	5.196391396000013e-05	0.00497120884624	0.0370949	0.1098168	0.01205972956224	0.0013760316060100002	-0.0963554	0.06251160000000001	0.00928436310916	0.003907700134560002	-0.00128714	0.00105914	1.6567293796e-06	1.1217775396000002e-06	0.000614616	7.511400000000004e-05	3.77752827456e-07	5.642112996000006e-09	0.0012111400000000005	3.3080000000000435e-05	1.4668600996000014e-06	1.0942864000000286e-09	0.0	0.0	0.0
496.59910935510015	1.2422708488184642	1.5432368618241472	246610.6754122787	638.5922203260984	-3.055470406260952	9.335899403536466	407800.02386101615	438.0182543054934	-0.3296944299295319	0.10869841712655902	191859.99110483183	438.1534630623676	577.1622382253182	1.220252	35.038651	0.0793023	0.0390926	0.0042761893	-0.0893788327	0.1683120674	-0.0322887338	-0.0640404335	-0.17648248530000002	-0.0527949717	0.0336772376	-0.0948122994	-0.1994291845	0.11096615789999999	0.0812723366	0.06392732570000001	0.032551029	-0.0214853344	-0.0658110158	0.0201355206	0.17598923100000002	0.1307765809	-0.0976056426	0.0160821521	0.011888318	0.0347478472	-0.0166368096	0.10069992550000001	-0.0193202422	-0.0991574262	-0.0611977804	-0.0212208246	0.0888314402	-0.2292106618	0.053918429299999994	-0.17687000079999998	-0.0687182929	-0.0177796221	0.0005835314	-0.12948658400000002	-0.0690248855	0.048940582999999996	0.026738288199999998	-0.0211515723	-0.0127901877	0.1504476758	0.0138139218	0.0653341464	-0.0448684104	0.0034760934	0.0467964395	0.1012122477	-0.1042356197	0.013943853400000001	-0.062012333600000004	-0.1918709166	-0.044086266	0.1207016133	0.0808882942	0.1386988231	-0.1533373575	-0.0729698695	0.0086039311	-0.012354236999999999	0.039557984500000004	-0.0009804842	-0.0662703461	-0.0396369291	0.1802055639	-0.0534058903	0.11601199820000001	0.028369125699999997	-0.0084168955	0.0328355604	-0.0039540169	0.1246381923	-0.0262826733	0.1291780191	-0.0155469889	0.0275266725	0.014181600800000001	-0.2289402855	0.074262754	-0.1004862131	0.0870795727	-0.09221637699999999	0.1226214167	0.1077597754	-0.1001610857	0.0362255761	-0.0827279439	-0.076176955	0.0281212856	-0.1042321517	0.0669258475	0.0137437376	-0.0550671799	-0.0072650454000000005	0.0366292337	-0.06918419740000001	-0.0763930567	-0.057004661799999995	-0.057014345599999995	0.1493825932	0.0613138587	0.1658401531	0.06733109309999999	0.13306789970000002	0.0187606732	-0.0981780976	0.12145870460000001	0.0905016827	-0.0007268239	-0.0058822763	0.0021746957	-0.1113707782	-0.0065207754000000005	0.11111631460000004	0.0	0.0	0.0	0.0	0.0	0.0	0.0	0.0713732	0.0008664000000000032	7.506489600000056e-07	0.00509413367824	0.0108159	-0.026279000000000004	0.000690585841	0.00011698369281	-0.117373	-0.021017600000000008	0.013776421129	0.0004417395097600005	-0.0010520999999999998	0.00023504000000000013	1.1069144099999997e-06	5.5243801600000084e-08	0.0008884219999999998	0.0002738059999999999	7.892936500839998e-07	7.496972563599995e-08	0.00132508	0.00011393999999999944	1.7558370063999996e-06	1.2982323599999872e-08	0.0	0.0	0.0
496.2069026642848	-0.3922066908153283	0.15382608832031056	246221.29025168304	640.8567001562737	2.2644798301753326	5.127868901270904	410697.3101351881	437.63866968995063	-0.3795846155427967	0.14408448035677274	191527.6052079897	437.7813800046602	583.6189249503433	1.0930959999999998	31.387447	0.107037	0.0561849	0.026663993799999997	-0.1063893498	0.0948712776	0.0389086325	-0.1016318024	-0.1340311853	0.014108483799999997	-0.024599522999999998	0.09638956800000001	0.013770809399999999	0.0082464705	-0.08627236640000001	-0.012826327	0.1843663924	-0.0090188236	-0.055709488099999996	0.035063721	0.1838473725	0.0634460221	-0.11069013890000001	-0.050607155	0.1208265385	0.059504832699999996	-0.0260030936	0.0095070098	-0.0280421808	-0.0293413289	-0.0218634396	-0.0797364609	-0.0276000131	0.0669386696	-0.053083816500000006	-0.0033381407	0.1118314676	-0.013410066799999999	0.0315046048	0.044440477699999995	-0.06615338379999999	0.0105637257	-0.10340570810000001	0.0315313937	-0.1654597763	-0.07432946480000001	0.0051689573	0.07140365950000001	0.020157919399999998	0.023353070299999997	-0.09448261359999999	-0.0277203689	-0.09103519	-0.0811821691	-0.12974223769999998	0.10588255199999999	-0.0130856284	-0.0830695821	-0.10372962570000001	0.02032293	0.07916532650000001	-0.0298451908	0.0115499596	0.0183273245	0.0237518376	0.1251482102	-0.0568195509	-0.0376860105	0.17546359649999999	0.029396189500000006	0.1458494018	-0.0435036137	0.093579132	0.0197265363	0.0167605395	0.016060488600000002	-0.0707600995	0.043319812	0.0146053562	0.0987579823	-0.033496339	0.04317057	0.0081147274	-0.0435962689	-0.022479820499999997	-0.012825198700000002	-0.07176518330000001	-0.023020225499999998	0.1388382267	-0.1217505584	0.056639298899999996	-0.0257432675	0.09506632359999999	-0.040663509	-0.0497478679	-0.0183612421	0.042046564800000005	0.0829098108	0.0004367493	0.035635536	0.0502344745	0.184861451	0.11938074359999999	0.0922226202	0.042674395899999995	-0.0659549536	0.0306897369	-0.08936518269999999	-0.0132237993	-0.0012508234	-0.0578575569	-0.0016099732	0.034679317	0.1524719429	0.0	-0.1114556425	-0.0	0.1114556425	0.0	0.0	0.0	0.0	0.0	0.0	0.0	0.05926	-0.012113199999999998	0.00014672961423999994	0.0035117476	-0.0278959	-0.038711800000000005	0.0014986034592400007	0.0007781812368100001	-0.0966424	0.0207306	0.00933975347776	0.0004297577763600001	-0.00159469	-0.0005425900000000001	2.5430361961e-06	2.9440390810000016e-07	0.00100893	0.00012050799999999995	1.0179397448999998e-06	1.4522178063999993e-08	0.00137161	4.653000000000014e-05	1.8813139921000003e-06	2.165040900000013e-09	0.0	0.0	0.0
496.24715610683813	0.040253442553250814	0.0016203396373878631	246261.23994412448	636.6572942544227	-4.199405901851037	17.635009928501326	405332.5103273626	437.2256808114511	-0.41298887849944776	0.17055981376423165	191166.2959610369	437.2746743127192	582.5444374600299	1.014275	29.124155	0.07809462	0.0452973	0.0207606603	-0.1223862399	0.0490910537	0.0331068116	-0.15521889449999998	-0.09181040380000001	0.0360320037	0.0815391071	-0.0133090114	-0.1297542389	0.0552209125	-0.09252646310000001	-0.0179496869	-0.061920449	0.0778786854	-0.0428557688	-0.0190911997	0.1550067587	0.049709316600000004	-0.1105505282	0.1241971917	0.1361830744	0.0204891343	-0.1511621753	-0.0101584435	0.08473747029999999	-0.0793994434	-0.1645956348	0.0753112524	0.056130426799999994	0.0183631523	0.018389302	0.056024152599999995	0.034807317000000004	0.0178541834	0.0368608041	-0.0920668742	-0.0858344348	-0.0658217101	0.0972621548	0.0224188729	0.054691299299999996	0.06556575490000001	0.0589359807	0.0262451444	0.011166087199999999	-0.1124299415	0.0181769898	-0.0920960535	-0.022020651800000002	0.0087382122	0.0888692968	0.20337765489999998	-0.1134358351	0.055327328099999996	0.1520540785	-0.0306133477	0.0139124521	-0.087008364	-0.006638125999999999	-0.0346107639	0.08605648800000001	-0.0046111931	-0.0434831105	0.0272168118	0.1356942707	0.0470713116	0.11894495640000001	0.1228182017	0.1302453468	0.0217962914	-0.124324035	-0.008690690400000001	-0.045242760800000004	0.1531777223	-0.1015491183	0.10958297689999999	0.0786898987	-0.0145758334	-0.015093606899999999	0.0339070826	-0.0173019856	0.1038378498	0.0241896293	0.025266348799999998	-0.0893358816	-0.0702033861	-0.0306648368	-0.014940828	0.0040271043	0.0195630602	0.0965432245	-0.0332832155	-0.0753524666	-0.0746547695	0.1086068424	0.0111366221	0.1502177951	0.0710838005	0.043247118	-0.0863782075	-0.0664151843	0.0881884114	-0.2319367209	-0.0171571794	-0.0410499421	-0.11372241779999999	-0.0384008379	0.0017634153	-0.0288788423	-0.1150806893	-0.0021746957	-0.1113707782	0.0065207754000000005	0.11111631460000004	0.0	0.0	0.0	0.0	0.0	0.0	0.0	0.05926040000000001	4.0000000000456337e-07	1.600000000036507e-13	0.003511795008160001	0.00503922	0.03293512	0.0010847221294144	2.53937382084e-05	-0.127873	-0.03123060000000001	0.016351504129000004	0.0009753503763600008	-0.00171774	-0.00012304999999999998	2.9506307076e-06	1.51413025e-08	0.00107705	6.812000000000007e-05	1.1600367025e-06	4.64033440000001e-09	0.00128421	-8.740000000000006e-05	1.6491953241e-06	7.638760000000011e-09	0.0	0.0	0.0
496.8199632027649	0.5728070959268052	0.32810796914410023	246830.07583679663	638.7183325395424	2.0610382851197078	4.247878812729184	407961.1083220935	437.6619181440867	0.43623733263558506	0.1903030103850101	191547.9545935613	437.72397918001366	585.506281377319	1.043575	29.965494	0.08580121999999997	0.0444773	0.0513199118	-0.054161915	-0.0313561529	0.028252813199999997	-0.126490045	0.0110429527	0.042147921500000005	0.0190756701	0.0585003569	-0.0405304297	-0.077844432	-0.023036572400000004	-0.11358998640000001	0.0177787399	-0.0034015076	-0.042588614500000004	-0.0519758878	-0.017025568	0.0245491844	-0.0670601719	0.019343139	0.07897724269999999	-0.0158894313	-0.0162939132	-0.1388499512	0.0169138552	-0.1328678463	-0.041815499900000004	0.0255078158	-0.0080052167	0.0522641999	-0.0382141948	-0.0110825827	-0.0721232196	-0.0097848955	-0.030933271000000002	0.08455357960000001	-0.0329142491	0.0279445594	-0.010224223499999999	0.0972607554	-0.0162924824	-0.07996880440000001	-0.0161142859	0.1138096021	0.0600480741	0.036428561	0.1312929559	5.74124e-05	0.1177375398	-0.0401079163	0.1224802574	0.0505143875	-0.1268208675	-0.0957287716	0.021015921099999998	0.0100433511	-0.0628642706	0.0471620892	0.0681250646	-0.0683067002	-0.0517167922	0.0767321742	-0.043201490599999996	0.0602039704	0.0034774578999999996	0.0132879873	0.0850448748	0.026578817799999998	0.0673658031	-0.0398120712	-0.0070188641	-0.1065865047	-0.0248840517	0.1283805014	0.0193842965	-0.0147242824	0.034343623399999995	0.0241796599	-0.0149716673	-0.0152848638	0.0560235128	-0.0416522935	-0.1174332934	-0.0684040328	0.06458950570000001	0.0061207188	-0.0508665517	0.0920218057	0.0112249028	-0.0033487158	0.0020973531	0.0824078444	0.122348471	0.0061041792000000004	-0.0402528886	0.04899131	0.0082193424	-0.09787302949999999	0.0881074505	-0.025711919500000003	-0.1894775964	0.08578326189999999	-0.09656453460000004	-0.0187524308	0.0850650083	0.0840576314	0.033240286099999995	-0.07791552269999999	0.1255072598	0.066677877	-0.0043485634	-0.11111631460000004	0.0130192117	0.1101003972	0.0	0.0	0.0	0.0	0.0	0.0	0.0	0.0504199	-0.008840500000000001	7.815444025000001e-05	0.0025421663160100005	-0.022046	-0.02708522	0.0007336091424484001	0.00048602611599999994	-0.130787	-0.0029139999999999717	0.017105239369	8.491395999999838e-06	-0.00107631	0.0006414299999999999	1.1584432161e-06	4.114324448999999e-07	0.00133955	0.00026249999999999993	1.7943942024999996e-06	6.890624999999996e-08	0.00131951	3.5300000000000045e-05	1.7411066401000004e-06	1.2460900000000029e-09	0.0	0.0	0.0
497.2431998333206	0.4232366305557207	0.17912924544415962	247250.7997804796	633.4787124744519	-5.2396200650905485	27.45361842649948	401295.2791582893	437.83824244400483	0.1763242999181216	0.031090258741615695	191702.32654645515	437.7994251041242	581.7344030354705	1.086244	31.190712	0.06603245999999999	0.034383	0.0661653829	0.028591880299999997	-0.0773008551	0.0129771301	-0.0417096396	0.0499124716	0.0351127009	0.061893487000000004	-0.0969887039	-0.06043969730000001	0.0177897575	-0.028611355800000002	-0.1171803014	0.060588871399999994	-0.0711184643	-0.038980947	-0.0231326648	-0.0708703456	0.0191032062	-0.0501552283	0.06345385	0.1519872373	0.0581000779	0.0005324762	-0.1818385702	0.10634950789999999	0.0034360346999999995	-0.09766564650000001	0.1167817146	-0.045619504500000005	-0.028106416800000002	0.0622525975	0.0124549817	0.051926082400000004	0.068451924	0.1592367381	0.0164374089	-0.0272165196	-0.0316515547	-0.0591582557	0.1002515974	-0.0310453797	-0.12982114949999998	-0.0874810756	0.0840103919	0.1465212273	-0.025635851400000003	-0.015928127900000002	-0.21253223710000002	0.0563847998	0.19918296670000002	-0.0016309082999999998	-0.004075913400000001	-0.17239065969999998	0.0630188671	0.0092926286	0.0584334404	0.1019843134	-0.0337127199	0.0201014255	0.0383032229	0.042977423499999994	-0.0723762679	-0.0391961327	0.032107909	-0.06488945	0.010199899	0.0742611128	0.09409410019999999	0.1355792179	0.0508687753	-0.011496778000000001	-0.2282372207	0.014581038400000001	0.0984277819	-0.1141581934	-0.042185885199999995	-0.020167354	-0.028331642400000006	0.05687793190000001	-0.06360969150000001	-0.032358339900000005	0.0695357684	0.0046452002000000004	-0.0974615967	-0.0148365715	-0.1529944767	0.0692181534	0.0277341492	0.007279733199999998	0.0390103998	-0.0974339668	0.05907606980000001	0.1947882272	0.1016454059	0.0075051806	0.1262629595	0.1805057871	-0.0586003092	-0.08325226620000001	0.0646735378	-0.0556809412	0.09576487289999999	-0.1038361382	-0.09680831470000001	-0.030967984599999998	-0.0885042156	0.0211517687	0.0145137493	-0.14289257730000002	-0.06669786030000001	-0.0065207754000000005	-0.1106926392	0.019473046299999998	0.108414076	0.0	0.0	0.0	0.0	0.0	0.0	0.0	0.0592401	0.008820199999999993	7.779592803999988e-05	0.00350938944801	0.00340216	0.02544816	0.0006476088473856001	1.15746926656e-05	-0.128072	0.0027149999999999948	0.016402437183999998	7.3712249999999745e-06	-0.000946751	0.00012955899999999998	8.963374560010002e-07	1.6785534481000003e-08	0.000967107	-0.000372443	9.35295949449e-07	1.3871378824899998e-07	0.00124053	-7.897999999999998e-05	1.5389146809000003e-06	6.237840399999997e-09	0.0	0.0	0.0
498.04408488161005	0.8008850482894445	0.6414168605735858	248047.9104855604	637.827237027709	4.348524553257107	18.909665790279924	406823.58429440117	438.7709733067308	0.9327308627259754	0.8699868622815423	192519.96701653587	438.8658501745179	591.695804966482	1.136723	32.640163	0.12719371	0.0691064	0.1158576652	0.043764966100000004	0.0076858366	-0.059882421799999995	0.0296788598	0.005368650799999999	-0.011129921200000002	0.0629766989	0.1524925661	-0.0940544142	0.0225520341	-0.037940117	0.042649033499999996	0.0934464668	0.0678298456	-0.050256336799999995	0.1023630059	-0.0639668146	0.027339218300000002	-0.0455465791	0.057132856600000004	0.0511655982	0.0335200097	-0.0024489907	0.0627840001	0.0397505918	-0.07532317919999999	0.0845768227	-0.2033373712	-0.1233181092	0.0633197029	0.0414994106	-0.0161752274	-0.0342014971	0.109525052	-0.07568759580000001	0.0152532595	-0.0129873123	0.0230041865	0.0154861403	-0.07210178	0.0631597563	-0.036690447	0.16008593210000002	0.08734921970000001	-0.2357978052	0.0660669902	-0.0618846385	0.0228628583	0.0767341953	-0.19588707079999998	-0.0823493924	-0.040864220699999995	-0.1518623892	-0.0532738061	-0.0929664055	0.016844166100000002	0.052506193099999994	-0.0699631027	-0.0578320769	-0.0951279584	0.05023995059999999	-0.11135514789999999	-0.0497091528	-0.0919948939	-0.0675350992	0.0077703259	0.07821497570000001	0.0278224814	0.05516526150000002	0.0393683498	-0.054635119100000004	0.0870183311	0.0299326994	-0.0367067042	0.1441562956	0.1024213269	-0.182458013	0.0394399797	0.038574038399999996	0.0250510377	0.0814242149	0.0662497944	-0.0482048933	-0.0119593352	0.0731182472	0.0789127645	-0.0615508644	0.09242952869999999	0.042490104800000005	0.15204320699999999	0.1418538675	0.0380612342	-0.1899915843	0.1129381352	-0.1230802424	-0.0375231533	0.0077396064000000014	-0.0374763012	0.1683295872	0.17362227530000002	-0.0187475883	-0.014478913500000001	0.045953015199999996	-0.0195719093	0.050441139	-0.049519344800000004	-0.0225358406	-0.1242425734	0.1062235944	-0.044475154	-0.008690504699999999	-0.1101003972	0.025860169500000002	0.1060676193	0.0	0.0	0.0	0.0	0.0	0.0	0.0	0.0564953	-0.0027447999999999986	7.533927039999992e-06	0.00319171892209	-0.038102300000000006	-0.041504460000000014	0.0017226201998916007	0.0014517852652900006	-0.0824861	0.04558589999999999	0.006803956693210002	0.0020780742788099986	-0.00126991	-0.00032315899999999995	1.6126714081e-06	1.0443173928099996e-07	0.000604765	-0.000362342	3.657407052249999e-07	1.3129172496399998e-07	0.0013022	6.167e-05	1.6957248400000005e-06	3.8031889e-09	0.0	0.0	0.0
496.62426969248946	-1.4198151891205841	2.01587517125752	246635.66524759852	638.2768243755755	0.4495873478665544	0.20212878336168225	407397.30453496927	438.68197334758764	-0.08899995914316605	0.007920992727485227	192441.8737401336	438.83664737353996	587.6349999665766	1.1367060000000002	32.639687	0.13808075	0.0928256	0.0754293424	0.0286121725	0.030268667200000002	-0.1844159944	0.0502057516	-0.00465193	-0.0127479499	-0.11106416300000001	0.0787333864	-0.1644048552	-0.0718582942	-0.1272968109	0.1745786234	0.035515779	-0.035052818	-0.043182512199999995	0.2510610565	-0.0786428587	0.0025400716	-0.0114229821	-0.1523004016	0.0381079909	0.0600811079	0.0037297185999999997	-0.0122560107	0.0634329148	0.0799523772	0.2127085788	-0.13153003300000002	-0.0569312897	0.1093610601	0.23343346239999999	-0.011451571399999999	0.053233672	0.0681822594	0.0070674840000000015	0.0197936747	0.0320458084	-0.0363789433	0.1852839463	-0.0386977134	-0.07328218780000001	0.033826026099999996	-0.0638516773	0.0411079434	-0.0462715204	0.0229495703	0.10596589890000001	0.0646551486	0.0027810232	0.0043145487	0.07205111759999999	0.055323565	0.0893821343	0.0026899067	0.0710334442	-0.0485584985	-0.1397861737	0.059884966399999996	0.0739227942	0.18738888199999998	0.0594604647	-0.0796494482	-0.0432498639	-0.22410589120000002	-0.09069481380000001	0.0812730917	0.11988010880000001	-0.17267257789999998	-0.002388248	0.07403840490000001	-0.0271344177	-0.014374703700000001	0.0304829497	-0.1554602044	0.1380794796	-0.0355789211	-0.1444692578	0.0672693554	0.1929384512	0.050572937199999994	-0.1007276255	0.0949653583	0.0253652225	0.0149962277	-0.1295359441	0.0817664343	-0.0178120906	0.0449575313	0.1789627941	-0.0450796449	-0.0397020489	0.0498431804	-0.0177873929	-0.057523164	-0.0315389257	-0.0051990552	-0.1103380174	-0.0389775057	-0.0397546697	-0.0902705384	-0.07937021080000001	-0.0536424483	-0.0331008647	0.0548974053	-0.0582461339	0.062084204299999994	-0.0202108076	0.17126931690000002	-0.0386443961	-0.0313712458	-0.010856925	-0.10934049039999999	0.0321587	0.10307531460000001	0.0	0.0	0.0	0.0	0.0	0.0	0.0	0.0552634	-0.001231899999999994	1.5175776099999858e-06	0.0030540433795600004	0.0237744	0.061876700000000014	0.003828726002890001	0.00056522209536	-0.0134006	0.06908550000000001	0.00017957608036000002	0.004772806310250001	-0.00132596	-5.604999999999997e-05	1.7581699215999996e-06	3.1416024999999983e-09	0.000663818	5.90530000000001e-05	4.40654337124e-07	3.487256809000012e-09	0.0013048300000000005	2.6300000000004267e-06	1.7025813289000013e-06	6.916900000002247e-12	0.0	0.0	0.0
494.585420659316	-2.0388490331734492	4.156905380072306	244614.73832875254	644.1893250425991	5.912500667023551	34.95766413755393	414979.88649883936	438.0835914102588	-0.5983819373288384	0.3580609429214139	191917.23306291056	438.2896045460218	575.2370376050472	1.099366	31.567486	0.04023666	0.0199388	-0.012345628300000001	0.0410837593	0.072524952	-0.1674222017	0.0422810037	-0.0148307741	-0.0527332811	-0.1046878668	0.1795074554	-0.0621820592	-0.146100655	-0.15934804019999999	0.1647266107	-0.05020452	-0.1889628313	-0.0254033329	0.2008848043	-0.0448158459	-0.021287553799999998	0.0684184775	-0.1444739035	-0.0323415381	-0.020660386399999998	-0.049342429800000004	-0.1378343177	0.0604689851	0.0777996678	0.0681564778	-0.0720121866	0.0909828881	0.041171062	-0.0523106181	-0.0789922467	-0.10641868060000001	-0.13394129300000002	0.0098798854	-0.0025599468	-0.0798301133	-0.048997317400000004	0.0344669233	0.09219710689999999	-0.20811564989999998	0.1094094825	0.056912031900000014	-0.017103268799999998	-0.0408245232	0.024219641299999997	-0.021803910099999997	-0.0545693943	-0.0028741991999999997	-0.06925344580000001	-0.050473233099999994	0.0096441013	0.1648879479	0.0986968082	-0.1079553876	-0.1347722932	-0.035454904700000005	-0.0478991388	-0.06619328599999999	0.014119983999999999	0.035625415	0.0800520612	-0.0254913631	-0.1891959696	-0.0668874478	0.0454791674	0.0072871693	-0.1843827632	-0.0326155373	-0.0293622124	-0.0730312087	-0.12362010130000001	0.0208757118	-0.0932239366	0.1062912656	0.0641350721	0.1034431876	0.009678354	0.020912908799999998	-0.0878112945	0.069501252	-0.14174427539999998	-0.0108621613	0.0288276472	-0.1061061825	-0.0445326671	0.0396092006	0.10956900609999999	0.126508848	-0.1671020041	0.0006376146	-0.1236658898	-0.0983883957	-0.0083232579	-0.0729679371	0.0271722269	0.0232786548	0.027205078599999998	0.0187757222	-0.07397399639999999	0.1721890171	-0.1009809925	-0.015793169699999998	-0.004229767299999999	0.0578569155	-0.02574431	-0.0293802853	0.0087444748	-0.10596683650000001	0.0424411313	-0.0130192117	-0.108414076	0.0383470601	0.0994553821	0.0	0.0	0.0	0.0	0.0	0.0	0.0	0.0592886	0.004025199999999993	1.620223503999994e-05	0.00351513808996	0.0237876	1.3199999999997936e-05	1.742399999999455e-10	0.00056584991376	0.00198151	0.01538211	3.9263818801e-06	0.00023660930805210006	-0.00121189	0.00011406999999999996	1.4686773721e-06	1.3011964899999993e-08	0.0008992909999999998	0.00023547299999999966	8.087243026809996e-07	5.544753372899988e-08	0.00137161	6.677999999999957e-05	1.8813139921000003e-06	4.4595683999999426e-09	0.0	0.0	0.0
493.5843753955841	-1.0010452637318965	1.0020916200400618	243625.5356346489	639.0886669405834	-5.1006581020157	26.016713073658405	408434.32421189186	436.8044940151279	-1.2790973951309184	1.6360901462307007	190798.16599181193	436.7840625829096	558.9200235025327	1.076999	30.92523	0.08205651000000001	0.0575465	-0.09324240539999999	0.05882947650000001	0.048260568600000005	-0.1534104767	0.0661341835	-0.0081840252	-0.0157869402	-0.0508748357	-0.0587991921	0.008711953	-0.0293371389	-0.077042053	-0.0219645392	-0.0024268046	-0.1930107539	0.0047008518	0.22499373670000009	-0.0034602645	-0.0938056793	0.022935106299999997	-0.000253985	-0.0668645953	0.0037469629	-0.0022513111	0.1017935782	0.14143814429999998	0.1305397811	-0.0738424122	0.0040513938	0.0041502244	0.0404419175	-0.2084064411	0.0460001265	-0.10368411550000001	-0.061388987699999994	0.0369581607	-0.12016821849999999	0.075257615	0.21793623760000005	0.1319903166	-0.0512852309	-0.1122751816	-0.08470196	-0.082166424	0.0518209712	-0.0639652808	0.082858953	-0.1587746185	-0.0341522589	0.0477077278	0.006940758000000001	-0.0437312278	0.0449105449	0.1417743875	0.0010978892	-0.0604276762	0.11592324949999999	0.1191883771	-0.0149472489	0.11255592140000001	-0.0283821543	-0.010517618400000001	0.049177565	0.0050541049	-0.2018882802	-0.0596988017	0.123431358	-0.053262072800000004	0.0103969725	-0.0473513995	0.028644624900000002	-0.0449380653	0.0282238385	0.1157912816	-0.0748839655	-0.1588701628	0.0782947674	0.0350038594	0.1275040525	-0.12337100960000001	-0.015720301699999998	0.044501010099999995	-0.0838232605	0.19180987019999998	0.1115090386	0.0148269282	0.0520786528	-0.1383569956	0.0747545206	0.0191543501	-0.0195142304	-0.1216899889	-0.0323844379	0.0398243792	0.1609701387	-0.1216426659	-0.0075089399	-0.0076055228	0.1967524102	0.046907156299999996	-0.0693125322	0.0631881098	-0.0502096734	0.1278387104	-0.08248575	-0.11237074009999999	-0.0538909013	0.0617761035	-0.025893573	-0.1026006956	0.0516008552	-0.015176541399999997	-0.107322565	0.044404049400000006	0.09522986369999999	0.0	0.0	0.0	0.0	0.0	0.0	0.0	0.0592886	0.0	0.0	0.00351513808996	0.0731886	0.049401000000000014	0.002440458801000001	0.005356571169960001	-0.0260175	-0.02799901	0.0006769103062500003	0.0007839445609801001	-0.00111876	9.313000000000008e-05	1.2516239375999995e-06	8.673196900000014e-09	0.0008992909999999998	0.0	8.087243026809996e-07	0.0	0.00137161	0.0	1.8813139921000003e-06	0.0	0.0	0.0	0.0
494.31524832480767	0.7308729292235512	0.5341752386718139	244347.56472641628	641.5690533424023	2.480386401818919	6.152316702328203	411610.85020666616	436.7494208235938	-0.05507319153406343	0.003033056425747636	190750.05658974464	436.93208614241684	567.5892059330654	1.0165	29.188051	0.11233679	0.07717939999999998	-0.06164227200000001	0.0202882932	0.0870725267	-0.1243858375	0.0676491206	-0.023955786099999998	-0.0331985412	0.024592229900000002	0.0794729115	0.06159701190000001	-0.0814402112	-0.07964260769999999	0.0613025191	0.0110095707	-0.0781972639	0.016898039	0.180781067	0.0124850374	0.0218440292	-0.0248748517	-0.057558734199999996	0.026076459	-0.0609288086	0.0475983905	0.0144759351	-0.0217540403	0.010276465600000001	-0.025326250699999997	-0.0073426391	0.017909461499999998	-0.0877254866	-0.0952405491	0.0021403214000000003	0.22776677609999998	-0.0539417127	0.1308859498	-0.0493741963	-0.1176868133	-0.0510978534	-0.1131004417	0.1547371213	-0.013935332199999999	-0.0749187527	-0.0032312696000000004	0.0896300442	-0.0982011589	0.0169660071	0.0727990773	0.0075397660999999986	0.05933820400000001	0.010509394699999999	0.090602664	0.0288646281	0.0026257246999999997	-0.016125628200000002	-0.005926324100000001	0.1346795522	0.10772878529999999	0.060027888499999994	6.288439999999999e-05	0.028807729900000002	-0.0684863633	0.1995476975	0.0168785667	-0.1719900034	-0.0012811409	0.0192321601	0.06293793889999999	-0.0607042081	0.033529357999999995	-0.0499308608	0.049583839000000005	0.0201308916	0.0156305658	-0.0093041177	0.0035779486	0.026435444199999998	0.0231880016	-0.0687094011	-0.0694943528	-0.1304224309	-0.1280791839	0.0088233661	-0.0558554224	0.0730659983	0.0665652616	-0.2988069025	0.0824486906	-0.007299155799999998	-0.0379830602	0.0005613289	0.00017795419999999998	0.1105306368	-0.052114994299999995	0.1031119724	-0.029294008599999997	0.0101967719	-0.0231668869	0.0133612996	0.0137802503	-0.07655848400000001	-0.107273536	0.1443706914	0.0400764483	-0.0656896865	-0.0055692156999999996	-0.0049958476000000005	-0.0497924766	-0.033142962799999995	0.020494339	0.1654661434	-0.0173280926	-0.1060676193	0.0503089179	0.09042448859999999	0.0	0.0	0.0	0.0	0.0	0.0	0.0	0.056727	-0.0025615999999999968	6.561794559999987e-06	0.003217952529	0.00686591	-0.06632269	0.0043986992088361	4.71407201281e-05	-0.0134035	0.012614000000000002	0.00017965381225	0.00015911299600000005	-0.00173553	-0.0006167700000000003	3.0120643809000008e-06	3.804052329000002e-07	0.0008992909999999998	0.0	8.087243026809996e-07	0.0	0.00137161	0.0	1.8813139921000003e-06	0.0	0.0	0.0	0.0
494.04117149486495	-0.2740768299427145	0.07511810871144768	244076.67913201856	637.6747328135258	-3.8943205288765057	15.165732381628985	406629.0648688015	436.15463035502603	-0.5947904685677939	0.353775701499096	190230.86158012942	436.23717748206184	563.4886762830547	0.991883	28.481186	0.13647729	0.08075949999999997	-0.0635222751	0.0403215705	0.0738860975	-0.08014245589999999	0.08043764070000001	-0.0412573987	0.0019290775	0.0867099859	-0.0822173381	0.0252996577	-0.0056423642000000005	-0.0734481416	-0.0830801293	-0.0340730417	-0.055341787999999996	0.0358457983	0.1539445382	0.0089931228	-0.0772390714	0.0069550272	0.1319288884	0.0002267634	-0.1041999864	0.0241505151	0.044593231399999995	-0.0159863422	0.1155074343	-0.134031762	0.109000204	-0.0809323735	0.015351048700000001	-0.034212598999999996	-0.0352172911	0.1342628608	0.03239492	0.020407800900000002	-0.047039268499999995	-0.0067491931	0.0337752289	-0.0653250559	0.053737619699999996	0.0410444373	0.0042711091	0.08204429690000001	-0.1562090019	0.0117902727	-0.0568054456	-0.055037883600000004	-0.013454875	0.0670528908	-0.1704009902	0.0243782489	0.0260610497	0.08859281150000001	0.0735283517	0.1255970116	-0.0005247819	-0.051505628600000006	-0.0749176549	-0.0087644661	0.0296342214	-0.0304774885	-0.1732948726	0.0357915202	-0.1507873275	-0.003479085	0.058684161799999995	-0.0688358953	0.13435589539999998	0.0479805277	-0.0792639466	0.036815169	0.0342660737	-0.0072250018	-0.04496849940000002	-0.152275876	-0.027299251899999998	0.0316837817	0.061163722999999996	0.0026885121999999997	-0.09951443970000001	-0.0421278537	0.1084341741	-0.044201128799999996	0.0102098809	0.0761447222	-0.0806731083	0.0365328885	-0.0279255101	-0.0802132888	0.0315861361	0.05892467780000001	-0.09467669960000001	-0.0444957102	-0.0520317229	-0.0399459418	-0.1003368906	0.0517327416	-0.0130445923	0.0702296125	-0.16840673879999998	0.073477006	0.0250818364	0.0527632479	0.1131803363	-0.0943875352	0.009063455699999999	0.019779551	0.0616130575	0.088108304	-0.10244148210000001	-0.019473046299999998	-0.1046511502	0.0560414362	0.085068517	0.0	0.0	0.0	0.0	0.0	0.0	0.0	0.055997800000000014	-0.0007291999999999924	5.317326399999888e-07	0.0031357536048400012	0.064252	0.05738609	0.0032931633254881	0.004128319504000001	-0.0579085	-0.044505	0.0033533943722500003	0.001980695025	-0.00124193	0.0004936000000000001	1.5423901249e-06	2.4364096000000007e-07	0.0008992909999999998	0.0	8.087243026809996e-07	0.0	0.00155515	0.00018353999999999983	2.4184915225e-06	3.3686931599999934e-08	0.0	0.0	0.0
494.945218572355	0.90404707749002	0.8173011183182463	244970.76938763625	641.204489787004	3.5297569734782432	12.459184291818286	411143.1977230122	437.13523345436244	0.980603099336406	0.9615824384281656	191087.2123272	437.2287992184847	573.002252955589	1.0056600000000002	28.876785	0.12766475000000002	0.0690419	-0.0291887794	0.0285949777	0.054216548200000006	-0.1291199152	0.0743687559	-0.0396357607	-0.0327129425	0.0199462979	-0.029238139	-0.055196382599999996	-0.0320684264	-0.043428253099999994	0.05759559	-0.0932436175	-0.0285141448	0.0269429603	0.19218430420000002	-0.0301662961	-0.1020310691	-0.039065676	0.09670558550000001	-0.0356235507	-0.0058838389000000005	0.1185786319	-0.0236978319	-0.056307842999999996	0.0188597769	0.0354533923	0.005455932199999999	0.113632014	-0.015345747	-0.09461903	0.1401039189	0.0644946885	-0.020381581699999998	0.008519770999999999	0.0173711464	0.0109578808	0.0362844396	-0.053404871799999996	0.0687031582	0.0826435123	0.0791142551	-0.1487336521	-0.0151711775	0.01206593	-0.0527945071	-0.0825750992	0.0419098739	-0.0594399751	0.030005163799999998	0.1051575346	-0.061672957300000004	-0.073143279	-0.1335214099	0.11325916009999999	-0.0100009949	-0.050706599299999995	0.06489169110000001	-0.036684094300000004	0.1210721028	-0.031950756000000004	-0.11347588759999999	0.0274817522	-0.1815026446	-0.06204318	0.09455590789999999	-0.0227379292	0.1120087311	-0.029286681000000002	-0.0128453921	0.0922750747	-0.0013324785	0.044484034699999994	-0.049174399900000006	0.0817001787	-0.0053278668999999996	0.0721364117	-0.0283184015	-0.1506817668	0.0608055882	-0.1040160663	0.005675563000000001	0.0103329314	0.0084487127	0.0414868317	-0.059606005199999985	-0.0465581467	-0.0408743665	-0.1192880988	-0.096293683	-0.017440604199999998	0.0658101309	0.0477462209	-0.0437042003	0.031183388399999998	-0.1196815679	0.052074620300000006	0.0597154275	-0.11632423730000001	0.0452463732	-0.1532565819	-0.0154270658	-0.013258813400000001	0.0851585415	0.0016235582	0.0893677367	-0.0689603574	0.101584269	0.0178397525	-0.09772828619999999	-0.021610585699999997	-0.10307531460000001	0.0615819658	0.0791945613	0.0	0.0	0.0	0.0	0.0	0.0	0.0	0.0570809	0.0010830999999999896	1.1731056099999776e-06	0.00325822914481	0.0151567	-0.0490953	0.0024103484820900004	0.00022972555488999998	-0.0140791	0.0438294	0.00019822105681	0.0019210163043600003	-0.00141824	-0.00017631000000000005	2.0114046976000004e-06	3.108521610000002e-08	0.00110095	0.00020165900000000033	1.2120909025000002e-06	4.066635228100012e-08	0.00185032	0.00029517	3.423684102399999e-06	8.712532889999999e-08	0.0	0.0	0.0
494.54176243258627	-0.4034561397687071	0.16277685671706651	244571.5547899286	640.5871631924578	-0.6173265945462845	0.3810921243341127	410351.91364696046	437.5821070598668	0.4468736055043792	0.19969601929648348	191478.10041895273	437.52616656814934	563.2386170080283	0.966789	27.760637	0.05619185	0.0308983	-0.0695646295	0.07072907519999999	0.0693295787	-0.0946071497	0.0686176102	-0.023812111	-0.0118260154	0.0030131897999999997	-0.1218279502	0.036462731	-0.0514930984	-0.09193474210000001	-0.0065051282999999994	0.049294028600000005	-0.0736701904	0.027239562000000002	0.2186714739	-0.0518809391	-0.1025424292	-0.0035182645000000003	0.043024819000000006	-0.0525032076	-0.0466316714	0.0953924967	0.0569350595	-0.0029332989000000003	-0.0293547004	-0.0164500579	0.028211485699999997	0.0869586941	0.0401553172	0.0095852075	0.065246998	-0.1646401111	-0.1630199793	-0.008597828	-0.076146465	0.081224992	-0.059259834500000004	-0.055583587999999996	-0.0311538829	0.11652617929999999	-0.1159215112	0.0084973048	-0.005465214	0.0407883121	-0.0755439039	-0.1172468048	0.0139068218	-0.0654546399	0.0726885952	-0.1210839133	0.0336995296	0.09121326169999999	0.024203646800000003	0.129421247	0.0214427789	0.09105805210000001	-0.1171205525	-0.1059245224	0.0832783949	0.0293352557	-0.0119407399	0.0280469149	-0.1992617477	-0.0799373032	0.11088617279999999	-0.06851107	0.0748691237	-0.0326779866	-0.0343608835	0.0603858986	0.033326763100000004	0.094297684	0.0044382645000000005	-0.0180559393	0.0037725879	0.07792141820000001	0.018430557	-0.0394466314	0.13450289199999999	0.09302336039999999	-0.1192292348	0.0155116131	0.0659096069	-0.0648357291	0.0355290718	0.0724968313	-0.007305666999999998	-0.1480870314	0.138652794	-0.0282118758	0.0671443379	0.071381975	0.0562675803	0.1402990175	0.0192571665	0.0040584683000000005	0.13094706550000001	-0.030622474900000002	-0.0213790317	0.0693168701	-0.019032238	0.0269826026	0.0852500945	-0.1054392407	-0.10873361320000001	-0.14136915490000002	0.0303353518	0.06358614809999999	0.0291615152	-0.023739897000000003	-0.1013425123	0.0669115258	0.0728383882	0.0	0.0	0.0	0.0	0.0	0.0	0.0	0.0554791	-0.0016018000000000007	2.565763240000001e-06	0.00307793053681	0.040856800000000006	0.025700100000000003	0.0006604951400100003	0.0016692781062400007	-0.0279576	-0.013878499999999995	0.0007816273977599998	0.0001926127622499999	-0.00141824	0.0	2.0114046976000004e-06	0.0	0.0008992909999999998	-0.00020165900000000033	8.087243026809996e-07	4.066635228100012e-08	0.00175175	-9.856999999999986e-05	3.0686280625e-06	9.716044899999975e-09	0.0	0.0	0.0
494.9972128788617	0.4554504462754494	0.207435109012506	245022.24075784112	642.317570494558	1.7304073021002748	2.9943094311619527	412571.86136603146	437.99531214718803	0.4132050873212165	0.17073844418813414	191839.89346291265	438.0958227268509	568.9477806705281	1.040412	29.874662	0.1079454	0.06833099999999999	-0.0574501396	0.060050242300000015	0.0686614293	-0.145756576	0.0625008096	-0.0269844523	-0.023558613	-0.0300388194	-0.008325360799999999	-0.0656137335	-0.0747696501	-0.031121732200000002	0.1377617648	-0.09464142869999999	-0.047680923300000004	0.029551005499999998	0.1821321561	-0.0603828964	-0.060290341399999996	0.0526458337	-0.0669815545	-0.12316722349999999	0.0127844532	0.050153479	0.0197147489	0.1122625675	-0.0958495403	0.0777708225	-0.0213651493	0.0207644186	-0.0835962116	0.0630775629	0.0770585139	-0.05905104570000001	0.0419858778	0.053452457800000006	-0.11287510029999999	-0.0721160192	0.0082623809	-0.0615785133	-0.003618246	0.1896635279	0.0296325069	-0.0291485961	-0.170720675	0.0942197423	0.06704994110000001	0.0501915957	-0.0804705478	0.0387559611	-0.1649190022	-0.0641252586	-0.0415921527	-0.1569246618	-0.0364601291	-0.1238291278	-0.0229267106	0.0538034512	0.0613421006	-0.2072353334	0.07756335290000001	-0.069378309	0.036639905099999995	0.0304132881	-0.17741120829999998	-0.0730557302	0.0520835629	-0.058971686900000014	-0.080171117	-0.107953323	0.0152109413	-0.032070068199999996	0.012570404399999999	0.1243599098	-0.007782969499999999	0.079929729	-0.0190455596	-0.0389090366	-0.0715169535	-0.0123218587	0.08920278699999999	0.11813520960000001	0.0569584333	0.0673710806	0.021523369	-0.0039885263	-0.0980255168	-0.049773915999999994	-0.0833959676	-0.1443002407	0.0721112486	0.0505266547	-0.0205382533	0.0430160742	-0.17183023309999998	-0.056284222599999996	0.0139258834	0.09671393369999999	-0.1473097172	0.1592961461	0.1102555735	-0.0475440097	-0.0041796676	0.070824568	-0.0717475232	0.1168232881	0.1111129315	-0.09158483740000001	0.0019488708	0.07070969740000001	-0.0205383729	-0.025860169500000002	-0.0994553821	0.07201185780000001	0.06603870070000001	0.0	0.0	0.0	0.0	0.0	0.0	0.0	0.0553409	-0.00013819999999999805	1.909923999999946e-08	0.00306261521281	0.0240347	-0.016822100000000006	0.00028298304841000024	0.00057766680409	0.0342431	0.0622007	0.00117258989761	0.00386892708049	-0.00164381	-0.00022557	2.7021113161e-06	5.088182490000001e-08	0.0007510029999999997	-0.0001482880000000001	5.640055060089995e-07	2.1989330944000037e-08	0.00195358	0.00020182999999999982	3.8164748163999985e-06	4.0735348899999935e-08	0.0	0.0	0.0
494.34112850082687	-0.6560843780348478	0.430446711101373	244373.15132747105	640.0245442146037	-2.2930262799543466	5.257969520561272	409631.4171971112	438.0208428055535	0.02553065836548285	0.0006518145165749995	191862.25873208747	437.97038328988435	559.436374819458	1.048699	30.112625	0.1075721	0.0791797	-0.0958526958	0.09074701140000001	0.0497136338	-0.0991239175	0.0645900263	-0.0060891947999999994	0.012946853700000002	-0.0028058615999999995	-0.1258432517	-0.019969866200000002	-0.0470365016	-0.10122401140000001	-0.017776780500000002	0.0725464257	-0.0465312075	0.0394272227	0.1433325	-0.0167232916	-0.022859398599999997	0.021738423399999998	-0.0684350255	0.0246774729	0.0257452333	0.0377965177	0.0341335223	0.0079020382	-0.070845363	0.0818850043	-0.0886045135	0.0236164708	0.018246191999999998	0.053350112699999994	0.11076061539999996	0.013553003899999999	-0.0796600088	-0.0150216569	0.0032821659999999996	0.1692594017	0.1704547744	0.0536979215	0.0245660352	-0.0697318306	-0.045750949900000004	-0.0361012039	-0.1402727699	0.0256520542	0.0086684738	-0.012382130600000001	0.1292958374	0.0548296435	0.1130001097	0.0674498982	-0.0206634017	-0.053060797199999996	-0.009029694	0.0578729722	0.0237067433	-0.1348427612	-0.054756998700000004	0.0707999101	-0.133727647	0.0466470179	-0.056736885199999997	0.0397927198	-0.13139089439999999	-0.0494058967	0.054976118399999996	-0.0193142374	-0.061731624299999996	0.0186314746	0.029812145499999998	0.0198847154	0.0177471744	0.0373881145	-0.0024566614000000003	0.044174632199999994	0.0104640692	-0.0666146059	-0.0208142348	0.0182443231	0.16314587	-0.0667393866	-0.0657560703	0.0896910347	0.0382406043	0.0942675565	0.042179043	-0.0182488212	0.078881297	-0.0742946825	-0.0005423623	-0.1392956876	-0.1774273954	0.094918343	0.0626754223	0.055210953099999995	-0.045651718099999995	-0.1395325846	-0.0361176652	-0.0198328927	-0.0149330527	-0.0828045832	-0.0023490604	-0.0329052815	0.0569613617	0.0140855827	-0.08897191609999999	0.12827002810000002	0.0073838765	-0.0925365932	-0.0989417865	-0.0279705958	-0.0974167978	0.0768654892	0.0588369021	0.0	0.0	0.0	0.0	0.0	0.0	0.0	0.0452347	-0.010106200000000004	0.00010213527844000006	0.00204617808409	0.0295203	0.005485599999999997	3.0091807359999964e-05	0.0008714481120899998	-0.0407077	-0.0749508	0.0016571168392899998	0.00561762242064	-0.00134122	0.0003025900000000001	1.7988710884e-06	9.15607081000001e-08	0.000764233	1.323000000000036e-05	5.840520782890001e-07	1.7503290000000952e-10	0.00192881	-2.4769999999999914e-05	3.7203080161e-06	6.135528999999957e-10	0.0	0.0	0.0
494.7445373519265	0.4034088510996412	0.1627387011455325	244772.1572395718	641.6650802138959	1.6405359992921833	2.6913583649736017	411734.0751659054	437.8395396969351	-0.18130310861840826	0.032870817194698344	191703.462522024	437.96070938741997	563.2259515783393	1.100811	31.608995	0.044138550000000006	0.0240528	-0.0831718557	0.0947908634	0.0549144891	-0.0165938173	0.0733099036	-0.0194651354	-0.0123710736	0.007076863	-0.0073811813	-0.024262199300000002	-0.0340125717	0.0133549351	0.0815754177	-0.0571409508	0.0163546853	0.0541559706	0.0685343078	0.061882458200000004	0.0288088422	0.1617835037	-0.0183797947	-0.0057667304	-0.0022517929	0.1326736766	-0.0542131746	-0.0417921962	0.0054533593	-0.0473292117	-0.0716144084	0.130464226	0.1227952308	0.0519862187	0.0492133348	-0.1478503168	0.0962144445	-0.005797175999999999	0.09640371730000001	0.085055356	-0.010748401299999998	0.1320945818	0.0509666559	-0.0121151565	0.1418873443	-0.0263354656	0.0237419228	0.05011466690000002	-0.0294451891	0.08190672980000001	-0.0102150833	-0.040965899	0.066853629	0.051367892400000004	-0.039883092200000005	0.1226483036	0.017272938300000002	0.042938783499999994	0.0693574275	0.0429609068	0.008344546	0.08334861360000001	-0.0953504723	-0.1404389827	0.0277324467	0.0546517803	-0.0795495368	0.030393077999999997	-0.0425010901	-0.12058875919999999	-0.0788206489	0.049392942800000006	0.0084204482	0.1129639733	-0.046548864800000006	0.0789697464	0.006683683199999999	0.091725486	0.09655671939999999	0.1123138329	0.0571215648	0.053549412000000005	0.078580836	-0.0342087212	0.0163820098	0.069164134	-0.1384433352	-0.0963301007	0.14754930460000001	-0.057230670199999986	0.0779133197	0.0074079709	-0.1875770479	0.028909551000000002	0.033940348599999996	0.058644998899999995	-0.0707819232	0.0210486259	0.0452878905	0.00031935709999999996	-0.0231502087	-0.12193804289999999	-0.0866355969	-0.0544683605	0.08781971390000001	0.0554019521	0.0449086655	-0.05041557730000002	-0.0033618673	0.1019078788	-0.0813008892	0.0042416836	0.1541349709	-0.0300703725	-0.09522986369999999	0.081455792	0.05127684440000002	0.0	0.0	0.0	0.0	0.0	0.0	0.0	0.0453676	0.00013290000000000524	1.766241000000139e-08	0.00205821912976	0.0240521	-0.005468199999999996	2.9901211239999956e-05	0.00057850351441	-0.0588863	-0.018178600000000003	0.0034675963276900004	0.00033046149796000016	-0.00145338	-0.00011216000000000005	2.1123134244e-06	1.2579865600000008e-08	0.00102612	0.00026188699999999993	1.0529222543999998e-06	6.858480076899996e-08	0.00196194	3.313000000000014e-05	3.8492085636e-06	1.0975969000000094e-09	0.0	0.0	0.0
494.4185184819008	-0.3260188700257345	0.10628830361285677	244449.6714178377	639.797788453152	-1.8672917607439103	3.486778519742093	409341.21010954416	437.4817140969789	-0.3578255999561861	0.12803915998400456	191390.25016923077	437.4992829334024	561.8393912189437	1.181179	33.916678999999995	0.08459605	0.039487	-0.09189395380000001	0.0826000138	0.08672035730000001	0.0022348615	0.0479308207	-0.0270025958	0.0321641671	-0.0120546199	-0.1308324606	0.0348595668	-0.08013348370000001	-0.0239547508	-0.0546639841	-0.012960195800000001	-0.0412561709	0.0704510552	0.0943547993	0.0481922531	0.023764484199999998	0.039057235	0.0447428752	-0.025909720299999998	-0.011958966100000001	-0.0864459332	0.050882352199999994	-0.010109434799999999	0.0074504664	0.072891998	0.1678921187	-0.1022993144	-0.0586067874	-0.1767588494	-0.0401001903	0.0686548798	0.15099612839999998	-0.0408046952	0.1361098574	0.1459592393	-0.1551507449	-0.0048810893	-0.07492799900000001	0.0722102954	0.05165727639999999	0.027042120099999997	-0.1052313059	-0.10618075210000001	0.1066547251	0.0297272234	0.0294347877	0.17729236980000002	0.1650550161	0.16820554370000002	-0.0050864755	0.057789519000000004	-0.0753317083	-0.0233798759	0.0348110715	0.055489609100000004	-0.0475888846	-0.17493571579999995	-0.18505415309999998	0.0180150393	-0.0405074555	0.0706029898	-0.0943862156	0.0547831245	-0.0061292828	-0.0350391598	0.0295903473	-0.0150798135	0.0179103696	-0.0941246738	0.054661558	-0.020561495200000002	0.02074966	-0.0579165164	-0.19163062449999999	-0.0285657205	0.07616345599999999	-0.210049077	-0.1019067618	-0.1133019879	0.0902397515	0.0092514206	-0.1211849247	0.0141446541	0.1728485329	0.1182876781	-0.0903721069	-0.120882024	0.0913487615	-0.0062863754	-0.079730599	-0.1046754561	0.0662146392	-0.10037213019999999	0.0335455439	-0.1446511423	-0.1086132124	-0.0739725401	-0.112381276	-0.09584006390000001	0.0050522548	-0.0037884986999999998	-0.043818608700000004	0.1556607999	-0.1119295286	-0.0370819487	-0.1567995322	0.1125930082	-0.0727161166	-0.0321587	-0.0928979103	0.0857670407	0.0434045609	0.0	0.0	0.0	0.0	0.0	0.0	0.0	0.0319165	-0.013451099999999999	0.00018093209121	0.00101866297225	0.053358900000000015	0.029306800000000008	0.0008588885262400005	0.002847172209210001	-0.0427656	0.016120699999999998	0.0018288965433599998	0.00025987696849000003	-0.00173042	-0.0002770400000000001	2.9943533764e-06	7.675116160000005e-08	0.0008992909999999998	-0.00012682900000000018	8.087243026809996e-07	1.6085595241000047e-08	0.00185146	-0.00011048000000000005	3.4279041316e-06	1.2205830400000007e-08	0.0	0.0	0.0
495.37390141957496	0.9553829376741874	0.91275655759896	245395.3022076508	642.823635185114	3.0258467319620195	9.155748445325234	413222.22595260455	437.55398189564073	0.07226779866181232	0.005222634723424243	191453.4870727307	437.6392040154228	566.7972847321877	1.029495	29.561203000000006	0.1835308	0.0876689	-0.0758771385	0.0730434979	0.1169201374	0.0472634791	0.044414847400000006	-0.0832437499	0.012599600700000001	0.07929941089999999	0.0221337716	0.0733753941	0.0892748366	-0.0114305675	-0.1310259159	-0.11436680449999999	-0.021122320299999997	0.0801935031	0.0627965219	0.10322041800000001	-0.0036180548999999998	0.0127550106	0.1247216528	0.0571332608	0.0143319673	-0.0096893703	0.0536625612	0.029575494900000002	0.1367362149	-0.0416515321	0.0354513281	-0.0230846822	-0.0981522619	0.0099351971	-0.0348628481	0.1075952437	0.0703521299	-0.25451329100000003	0.06474909820000001	-0.0944564408	-0.0256051739	-0.0730491185	-0.0281716513	-0.0251275161	-0.1389446633	0.038451031600000005	-0.0112027632	-0.11899322710000006	0.030361294599999998	0.0251189644	0.1557661701	0.0549575288	-0.0535403342	-0.0428920213	0.0794913575	-0.0471209664	-0.0336362459	-0.0144890473	-0.1316230864	-0.09888535710000004	-0.012431161699999999	0.0674927843	-0.1033839043	0.0735040849	0.0445861357	0.0800431601	-0.0708567648	0.11017455109999999	0.012241873899999998	-0.030064853	0.0970232089	0.0700687753	0.0492604247	-0.0163203478	0.0444542484	-0.014108456100000001	-0.1107229621	-0.0828759678	0.028197076499999998	-0.0173726633	-0.10542062810000001	-0.0561703728	-0.1025169815	0.0235527658	0.1228184209	-0.29249247510000004	0.019579193600000003	0.0521986271	0.0255062896	-0.0317869771	-0.0243817336	0.041233377	0.0333573238	-0.0394400083	-0.0191635156	-0.1340248549	0.045996892000000004	0.0372982065	-0.0154918895	-0.1266459036	-0.0338654922	0.1068664307	0.0150044971	-0.0316145491	-0.1467233997	-0.0693153208	0.0296373773	0.0099924969	0.0531558385	0.1395128803	-0.0284142393	-0.0451551507	-0.0559355907	-0.0342347832	-0.09042448859999999	0.0897844656	0.035267986099999996	0.0	0.0	0.0	0.0	0.0	0.0	0.0	0.017473599999999995	-0.014442900000000003	0.0002085973604100001	0.00030532669695999983	0.0114663	-0.041892600000000016	0.0017549899347600007	0.00013147603569	-0.0960387	-0.05327309999999999	0.009223431897689998	0.002838023183609999	-0.000943935	0.0007864850000000001	8.91013284225e-07	6.185586552250002e-07	0.00146236	0.0005630690000000002	2.1384967696e-06	3.170466987610003e-07	0.00198035	0.00012889	3.9217861225000016e-06	1.6612632099999998e-08	0.0	0.0	0.0
494.61761013934637	-0.756291280228595	0.5719765005498073	244646.58025995843	639.7958648379378	-3.027770347176215	9.16739327523958	409338.7486637247	437.12481939611604	-0.42916249952469343	0.18418045099828248	191078.10773208702	437.10269966619285	565.2850103043074	1.005509	28.872458	0.11446877	0.055559	-0.0803930443	0.1046904607	0.055125952699999994	0.1254387607	0.049507246100000006	-0.08470857720000001	0.0683033546	0.0888475633	-0.0422160566	0.0509513184	-0.0299290062	0.040551684500000004	-0.1432520002	-0.0151481068	0.0074150103	0.1007666694	-0.026391181	0.027584935	-0.0315006181	0.1118594167	0.1587972957	0.0043461516	0.024104764	0.0111449504	0.0869077738	0.0235452672	0.0302800464	0.0656924171	-0.0358893059	-0.0954422547	-0.1477288705	0.0144703529	0.0349705089	-0.023723540699999997	0.10623854220000001	0.0129344187	0.024126646499999998	-0.1118438234	-0.0056606538	0.0095210813	-0.0716567236	-0.022705797799999997	0.0569270509	-0.0382731348	-0.043160713600000004	0.0179553693	0.0560966924	0.0374092839	0.0695853512	-0.0840701477	-0.08933073	0.0751990361	-0.1393331507	0.0823419947	0.0794196578	0.13224075429999999	0.07472681099999999	-0.0474727509	-0.011873838999999999	0.08240505349999999	0.0365885127	0.0731871208	-0.0011569176	0.1014501068	0.0174278355	0.0270732368	-0.0164594489	-0.12566742460000002	0.1167321111	0.040978166	0.0473174558	-0.053372971100000006	0.0789485391	0.04306089230000002	-0.054859865300000005	-0.0042592376	-0.0358263708	-0.1327501207	-0.08512039689999999	-0.0736279497	-0.0097294825	0.052359178	0.056666976699999996	0.0174654039	-0.1015909159	-0.0514586225	-0.0175069117	-0.0825360465	-0.10813956970000001	0.08549270390000001	-0.037090093	0.0093095639	0.0009465645	-0.0018114541000000001	-0.0969479134	-0.0637014821	-0.11292287289999994	-0.08549402130000001	-0.0311449888	-0.0468672408	0.00043916690000000004	0.0246042281	0.08359353280000001	0.0657711252	0.1382833326	-0.10888682300000001	-0.030580988599999998	-0.0055883611	0.0726913887	0.04581447860000002	-0.0550659976	-0.0362978318	-0.0878133654	0.09349430369999999	0.026916663700000003	0.0	0.0	0.0	0.0	0.0	0.0	0.0	0.007278729999999998	-0.010194869999999998	0.00010393537431689996	5.297991041289997e-05	0.0352318	0.0237655	0.0005647989902500001	0.00124127973124	-0.133751	-0.03771230000000002	0.017889330001000004	0.0014222175712900011	-0.000559723	0.000384212	3.1328983672900003e-07	1.47618860944e-07	0.00160195	0.00013958999999999998	2.5662438025e-06	1.94853681e-08	0.00164823	-0.00033212	2.7166621329000005e-06	1.103036944e-07	0.0	0.0	0.0
494.1258605234983	-0.4917496158480503	0.24181768468670506	244160.3660380877	642.6578195536486	2.8619547157107945	8.190784794779255	413009.07303344994	437.36589223234034	0.2410728362243049	0.058116112365230524	191288.92368819113	437.5017306176612	563.5601751224888	0.975636	28.014673	0.08662818	0.047487199999999986	-0.1048278346	0.1024163687	0.023468412	0.0707300223	0.06044603320000001	-0.0295348268	0.012127685	-0.0069580192	0.0240195391	0.04232261	0.0179757763	0.0281673437	-0.012989211399999999	-0.0820998164	0.029229951400000002	0.1077963076	0.0143128856	0.0201865726	0.0013083044999999999	-0.014415798200000001	0.097893707	0.0534811632	-0.0731749733	0.016031743	-0.10554228140000001	0.0668865648	0.0080840252	0.0229046283	-0.060803614299999996	-0.0323460704	-0.0324101564	-0.098369775	-0.0323902322	-0.0937459238	0.0362527007	-0.0537237529	0.024425172999999998	-0.0051587798999999995	-0.0590660683	-0.022667347999999997	0.0389756802	-0.0052782021	-0.1766875093	0.032575133	0.1439462357	0.0793791851	-0.0811242822	-0.0047163042	0.0960566332	0.0747550567	0.0226117675	0.0256131108	-0.0277143358	0.0483895945	-0.0121105925	-0.0345504067	-0.0096404673	0.0030788546999999996	0.0340871019	0.0268558033	-0.024009814900000002	-0.002748233	0.11667874380000001	0.1078804434	-0.0215279324	0.0027513969	-0.0072520823	0.016424328000000002	0.0708941941	0.0788280061	-0.0802880136	-0.0292118464	-0.0560424958	0.0460367969	-0.0027772952	0.043506392000000005	0.0338714709	-0.0330951206	-0.011825753	-0.1088433008	-0.1127513265	0.0899465581	-0.0188542624	-0.0773057042	-0.0177138661	-0.0382046182	0.0223052302	0.0024164219	0.1259240518	0.0746794177	0.0590169218	0.0021113418	0.1312146093	0.1277770277	0.0779989526	0.0596723886	-0.0430494645	-0.0329889007	-0.0533086428	-0.0001689853	-0.08352948339999999	0.0275424238	-0.0286589492	-0.0164343154	0.0010129730000000001	0.0249411976	0.0429583053	0.019899435	-0.058760633099999994	-0.0793186662	0.1608347158	-0.0383470601	-0.085068517	0.0968838458	0.0184014453	0.0	0.0	0.0	0.0	0.0	0.0	0.0	-0.0040439	-0.011322629999999995	0.00012820195011689994	1.6353127209999998e-05	0.0132833	-0.021948500000000003	0.0004817366522500001	0.00017644605889	-0.0971887	0.03656230000000002	0.009445643407689998	0.0013368017812900015	-0.000806508	-0.000246785	6.50455154064e-07	6.090283622500001e-08	0.00168113	7.918000000000008e-05	2.826198076900001e-06	6.269472400000015e-09	0.00165816	9.930000000000008e-06	2.7494945856000003e-06	9.860490000000015e-11	0.0	0.0	0.0
493.1542418094273	-0.9716187140709848	0.9440429255329544	243201.1062146311	635.9894150520469	-6.668404501601684	44.46761859698162	404482.53605824476	436.79441628171526	-0.5714759506250857	0.32658476214284543	190789.36209488442	436.76819644819153	552.6865165816662	0.9860040000000002	28.312389000000003	0.06586823000000001	0.0307505	-0.14029053660000002	0.1238487914	-0.0297393234	0.1339189103	0.056058178	0.0385886765	0.0975024367	0.0791893176	-0.0967932957	0.0532382972	-0.0456129771	-0.0090197308	0.037311574900000005	0.0637771069	-0.0029197495000000003	0.1264385147	-0.0339387508	-0.0373967779	-0.021915169100000003	0.0434476555	0.1380932529	0.0701004223	0.0908172717	0.0044978341	-0.09707153869999999	0.0962305503	-0.0212902479	-0.0102287118	0.0804446369	0.1645091927	0.0336619166	-0.09974630699999999	0.0002098504	0.0385058664	-0.042590922999999996	0.0248103637	-0.052481735300000006	0.0503331237	0.1089133939	0.0438789221	-0.12933064589999999	0.0729312965	-0.019791514099999998	0.1330499212	-0.0999163399	-0.0415206988	0.009852782099999999	0.1175285401	0.0173136779	-0.1473624955	-0.0517693974	-0.0482869196	0.022643838599999997	-0.046755328799999996	0.0824031268	-0.078218985	-0.0092471427	-0.048142800599999994	0.0991442426	-0.1023404253	0.0629456005	-0.1632868794	0.10381915369999999	0.1263499538	0.044825120999999996	-0.0380431191	0.024039642599999998	-0.0485776901	0.1089597568	0.1206549787	0.0792553209	-0.0484599046	-0.1187257034	0.0584376136	0.0183770894	0.0209900567	-0.0197009761	0.1598691592	-0.0112944926	-0.0350441022	0.0283973134	-0.0035844621	-0.0306668452	0.12307308980000001	0.0874756112	0.163529429	0.0508600037	-0.0622146518	-0.027108555899999998	0.0306968932	0.1121019174	0.0356919518	-0.0626720133	-0.08945364759999999	-0.1760828189	0.0666499569	0.0231226694	-0.0845080274	0.026623687400000002	0.0261955621	0.0764591112	0.1148837341	0.113761129	-0.029513896600000002	-0.0785836405	0.0355795635	0.1121503512	-0.060339824699999996	0.0043947585	0.16832604620000002	0.0835590641	-0.0403816879	-0.0821941232	0.0999414797	0.00977418	0.0	0.0	0.0	0.0	0.0	0.0	0.0	0.00451023	0.00855413	7.31731400569e-05	2.03421746529e-05	0.030334500000000007	0.017051200000000002	0.00029074342144000013	0.0009201818902500002	-0.11171	-0.0145213	0.012479124099999996	0.00021086815369000006	-0.000587346	0.00021916200000000007	3.44975323716e-07	4.803198224400003e-08	0.0014210300000000006	-0.00026009999999999944	2.019326260900002e-06	6.765200999999971e-08	0.00169373	3.556999999999996e-05	2.8687213129e-06	1.2652248999999971e-09	0.0	0.0	0.0
494.8379037130718	1.683661903644463	2.834717405783697	244864.5509511473	640.462974594228	4.473559542181079	20.012734977439386	410192.8218260866	437.53873917370896	0.7443228919937042	0.5540165675458714	191440.14827771886	437.6747801422392	563.6051678170387	0.9697460000000002	27.84556	0.07689392	0.044817800000000005	-0.0975120242	0.0972181174	-0.026547457400000002	0.0648281171	0.06444465320000001	0.0494602402	0.039526371	0.0483812031	-0.043810236100000004	-0.006653162099999999	-0.0369992838	-0.0504514504	0.12106476470000001	0.0428832025	0.090266	0.12328337519999999	-0.0019650316	-0.0356946158	-0.0082738694	0.006275163100000001	0.060272888899999995	0.11588679439999999	-0.0034089034999999998	-0.10783652869999999	-0.0166347937	3.73339e-05	0.0165535333	0.0296513042	-0.04853303269999999	0.0044614596	-0.043055051	-0.05857079990000001	0.0245072949	-0.0616671476	-0.0889606935	-0.05704961030000001	0.0082012198	-0.061797053	-0.052139033099999996	-0.0639807609	0.0171979401	-0.058291530700000004	-0.0428072305	0.037086591099999996	-0.0305136157	0.0518060354	0.12694129210000002	0.1282474776	-0.099240775	-0.19976772920000002	0.0212324719	0.0013551126	-0.12874462779999998	-0.07914341	0.0365717208	-0.0853822668	-0.19862161829999997	-0.0233660283	0.1591523992	-0.0026393344	0.0002584172	0.1071253777	-0.0742101922	0.1231927131	0.0003812622	-0.0405865367	-0.0029836989	0.0079235817	0.0196199357	0.10028275119999999	-0.007468494399999998	-0.0834310444	-0.0019941125	-0.0942168157	-0.0481222283	0.0144645015	0.023844265400000002	-0.0055208969	-0.0376833242	-0.044195944	0.0010015822	0.1089587487	-0.1112094536	-0.0895244227	0.0151494851	0.021244139300000003	-0.045236058600000004	0.034431687200000005	0.0562093339	0.0942521043	-0.0343488978	-0.045725592	-0.0155293806	0.0196011168	-0.2428052719	-0.0660320009	0.10002451960000001	-0.037774625	-0.0335679739	-0.12085077890000001	0.1601047295	0.0953267572	-0.0146145167	-0.0440734941	-0.042543233	0.0713643982	0.1340721167	-0.0306810134	-0.011757463000000001	-0.0946418402	-0.1321899738	-0.0424009407	-0.0791945613	0.10265673060000001	0.0010873996000000002	0.0	0.0	0.0	0.0	0.0	0.0	0.0	0.00392869	-0.0005815399999999992	3.3818877159999926e-07	1.5434605116100007e-05	-0.00407863	-0.03441313	0.0011842635163969	1.66352226769e-05	-0.08514349999999997	0.026566500000000017	0.007249415592249995	0.0007057789222500012	-0.000639601	-5.2254999999999966e-05	4.09089439201e-07	2.7305850249999965e-09	0.00163244	0.0002114099999999993	2.6648603536e-06	4.4694188099999714e-08	0.00173672	4.2989999999999905e-05	3.0161963584e-06	1.8481400999999926e-09	0.0	0.0	0.0
495.0205773529924	0.1826736399206084	0.03336965872184408	245045.37200288996	636.9095186813107	-3.5534559129172294	12.62704892504642	405653.7349868589	437.6373844486214	0.09864527491242824	0.009730890262548546	191526.48026703048	437.66364580763945	563.2313717185556	0.994953	28.569338	0.08864371999999998	0.052107900000000006	-0.0738497513	0.121732134	-0.0546276803	0.1645500389	0.0535089639	0.0741215287	0.11887221460000001	0.0761654382	-0.046363029800000004	0.029103045499999997	-0.0038040435999999998	0.0483655282	0.0301474448	0.0722154226	0.0379214955	0.1326473531	-0.0678708442	-0.0325067842	-0.0114087715	0.0139627758	0.09206556769999999	0.0350541248	0.023911265499999997	0.06885224059999999	-0.1480635404	0.016243885700000002	-0.0644926441	0.073989591	-0.1194020199	-0.0162945106	-0.053802710499999996	0.0222307802	0.09700545039999996	-0.0026141043	-0.0121576764	0.0131387651	0.0374265295	-0.007297356600000002	0.0554334316	-0.10549742449999999	-0.1288341774	-0.1561258475	0.028210235	-0.06133094190000001	-0.15427134650000002	0.1470592507	0.0185218496	0.0451356487	-0.0009722552000000001	0.011403073799999998	0.0393292408	-0.0938955475	0.0494879925	-0.0275470307	0.0167330355	0.0098239651	0.1062300406	0.0060240606000000006	0.1365766972	0.018077165	-0.061958120199999994	0.100948618	0.0113297332	0.1329953684	0.0629269871	-0.0190724437	-0.0164913348	-0.0312727608	0.08255316780000001	0.05726712320000001	-0.008409085	0.009922926	-0.1288090291	0.0411627722	0.0194356158	0.1237855995	-0.0068119140000000005	-0.1045390928	-0.0731468651	-0.0295943972	0.1054791875	0.0267924861	-0.0688711762	0.0398814708	-0.0474913597	0.08768028679999999	0.016397311100000003	0.0653005555	-0.1325808774	0.1001878018	-0.0889772439	-0.1103130337	-0.12275774199999999	0.10298873289999999	-0.0029293183000000003	0.05452375	0.0742265846	-0.0202966016	-0.0341331143	0.10037239810000001	0.010849371699999999	0.0193136047	0.0750224555	0.1349712788	-0.045319366900000005	0.049480457699999994	0.0196849351	-0.024200887799999998	-0.0378987062	-0.2022265402	-0.0331552163	-0.044404049400000006	-0.0760743991	0.1050202965	-0.007606002	0.0	0.0	0.0	0.0	0.0	0.0	0.0	0.00690858	0.00297989	8.879744412099999e-06	4.77284776164e-05	0.0122323	0.01631093	0.0002660464374649001	0.00014962916328999998	-0.13304100000000002	-0.04789750000000005	0.017699907681000004	0.002294170506250005	-0.000701039	-6.143800000000003e-05	4.914556795209999e-07	3.7746278440000044e-09	0.00132076	-0.00031167999999999994	1.7444069776e-06	9.714442239999996e-08	0.00168073	-5.59899999999999e-05	2.824853332900001e-06	3.1348800999999887e-09	0.0	0.0	0.0
497.5483143461775	2.5277369931851013	6.389454306716456	247554.3251087227	640.3634082707401	3.4538895894294233	11.929353295968944	410065.2946521185	438.55700464862997	0.9196202000085804	0.8457013122638215	192332.2463263785	438.6176292870708	580.7168823249806	1.018498	29.245420000000006	0.09038005	0.0416906	0.0066851354	0.0820591621	-0.041857562200000004	0.0991244617	0.054140506399999996	0.054473335899999996	0.0676134893	0.0253651173	-0.035283297799999995	-0.0768421298	0.0108108615	-1.54203e-05	0.1273561889	0.0855033721	0.1334954943	0.1267017705	-0.0260118168	-0.0572586178	0.050267459400000006	-0.0039530072	0.0146161411	0.0530079193	0.016281187	-0.0745616041	-0.0499295591	-0.0386523931	-0.1065285642	0.09884397869999999	0.0183617383	-0.0841913276	0.06780340309999999	0.021060795499999996	-0.0612144961	0.0513927764	0.0350264247	0.0017268253	-0.041526882200000004	-0.0399950673	-0.0854012594	0.11281458	0.0871868657	-0.019177900600000002	0.0047317454	-0.0025653152	-0.1182304346	0.0933855778	-0.09891943480000001	-0.1028386092	-0.1444412332	-0.0366246079	0.035024007	-0.1089451432	0.0472398979	0.10161423630000001	-0.0481863429	0.0638652802	-0.23070128269999998	0.0272278369	0.1416695486	0.0773005995	-0.09483685509999999	-0.1174427697	0.0111960835	0.1265650488	0.030179570899999997	-0.0535347724	-0.0338032958	0.0459994313	-0.0128032605	0.0562685664	0.0009456521000000001	-0.060056898	-0.0033833062	-0.0826133505	0.0875942282	0.10049436939999999	-0.0728826803	-0.058445102	0.0727529968	0.0757679034	-0.055925278200000005	-0.0386555038	0.060527667800000004	0.006658261600000001	0.008352988399999999	-0.080157227	-0.028913559300000002	-0.0076932983	0.0104891259	-0.0334712356	0.0349416424	-0.022007275299999997	-0.1522881344	0.0340420567	-0.1045949234	0.07261904870000001	0.14725455269999999	0.1661698248	0.09686292619999999	-0.0698161264	-0.0392625433	0.0757841031	-0.159093816	-0.045769897000000004	0.10744516949999999	-0.0289934221	0.1949456287	0.0269121725	-0.16904647	-0.0291726652	0.015944658100000002	-0.0463902516	-0.0728383882	0.1070240801	-0.0162530906	0.0	0.0	0.0	0.0	0.0	0.0	0.0	0.00599073	-0.0009178500000000004	8.424486225000008e-07	3.5888845932899995e-05	-0.0194983	-0.0317306	0.0010068309763599998	0.00038018370289	-0.113649	0.01939200000000002	0.012916095201	0.0003760496640000008	-0.000468717	0.00023232200000000006	2.1969562608899993e-07	5.397351168400001e-08	0.00165487	0.0003341099999999999	2.7385947169e-06	1.1162949209999993e-07	0.00188109	0.0002003599999999999	3.5384995881e-06	4.014412959999996e-08	0.0	0.0	0.0
496.89388839006483	-0.6544259561126751	0.4282733320339889	246903.5363193982	640.0660943032309	-0.2973139675092398	0.08839559527608529	409684.6050765925	438.0950805068133	-0.4619241418166666	0.21337391279306395	191927.29956427126	438.2207948255342	581.1930665313749	1.018106	29.234171000000003	0.06292956999999999	0.0357318	0.023706746400000003	0.10241673609999999	0.0018162604	0.1642217847	0.0580364506	0.0153377047	0.0804233028	-0.0178228193	-0.053485665099999996	-0.0178590193	-0.0248046183	-0.0257962106	-0.0650355721	0.0889152479	0.08773956470000001	0.1454354961	-0.0471421234	-0.0239230625	0.0870651499	-0.0079047307	-0.0073053149	0.0863820342	0.051901711100000004	-0.0280255248	-0.19462611850000008	0.0137428831	0.0080603736	0.0397348333	0.08404576890000001	-0.1292677122	-0.097762831	0.0217516458	-0.0973889308	-0.0651804467	0.09099424449999999	0.016121150900000002	-0.0103067603	0.0819578896	0.0917070592	0.1496573427	-0.0854990184	-0.0002814583	0.055341553099999996	-0.0135447854	-0.032786179900000004	0.0553597511	-0.0318839974	-0.1614768235	-0.0560353506	0.0758664367	-0.1243155105	-0.0423087021	0.07378328990000001	-0.07017488849999999	0.07046822230000001	0.06689217780000001	0.007793415699999999	0.06874415980000001	-0.0004098629	-0.0072636225	-0.0345193229	0.0333942265	0.1338061545	0.1451204396	0.0401581883	0.016778476599999998	-0.07354918349999999	0.051429864400000004	-0.0098555342	0.0670740066	0.0332068144	-0.0177586088	-0.19287862030000005	-0.0498999639	0.02063799	-0.015493118	-0.1426516074	-0.1128184258	-0.0451396438	0.0080817432	-0.0708932287	0.0291348226	0.027290905	0.0995886124	-0.046571492199999995	-0.0440603817	0.1626993197	-0.09995450789999999	-0.0132579177	-0.0374654487	0.053954825	0.0480872149	-0.1231320242	0.0090961006	0.064735265	-0.0457077839	-0.0963296979	0.1447600177	0.0869349086	0.1702203473	-0.0287615729	0.000292432	0.0270414763	-0.0441388264	0.026980599900000003	-0.0571432947	0.008126601800000001	0.0234106935	-0.0454089996	-0.0407215613	0.0221060766	-0.0483587909	-0.0694914565	0.1086612169	-0.0248012137	0.0	0.0	0.0	0.0	0.0	0.0	0.0	0.0142594	0.00826867	6.837090356890001e-05	0.00020333048836000003	0.0142041	0.0337024	0.00113585176576	0.00020175645681	-0.12071099999999997	-0.007061999999999984	0.014571145520999997	4.987184399999979e-05	-0.000598797	-0.00013008000000000006	3.585578472089999e-07	1.6920806400000008e-08	0.00155141	-0.00010345999999999988	2.4068729881e-06	1.0703971599999975e-08	0.0018367	-4.4389999999999844e-05	3.3734668900000008e-06	1.970472099999985e-09	0.0	0.0	0.0
498.71760163294965	1.8237132428848213	3.3259299922734717	248719.24617852145	640.1834348312981	0.11734052806718866	0.013768799527086685	409834.83023239893	439.1871452595501	1.0920647527368033	1.1926054241700952	192885.3485612332	439.3099150113108	593.1623953553967	1.002328	28.781128	0.12437275	0.06738989999999999	0.067461075	0.0664548645	0.0313587337	0.11394011710000004	0.0644168685	-0.0511927642	0.0774089192	-0.025907877200000002	-0.0264471764	-0.1131549151	0.0183702465	-0.0165389422	-0.0034569583	-0.0905996832	0.11546813410000001	0.13618932960000002	-0.021035486800000003	-0.0076001487	0.11844116240000001	0.0114284071	-0.1446289292	0.0908602068	-0.011149509299999999	-0.0320197408	-0.07530049559999999	-0.0913099741	0.046263020499999995	-0.0249805559	0.1008497998	0.1074536113	-0.10000535460000001	0.011948724099999999	-0.0519355635	-0.0692238419	0.1011526118	0.0407417414	0.063478292	-0.0857526035	0.0088673842	-0.0601802201	0.096345751	0.020712693	-0.0244279033	0.0466823833	0.0782602537	-0.1048430824	0.0442332094	-0.0078354073	-0.10122063140000001	-0.1518021364	-0.023279175099999997	-0.027631718	0.0775196209	0.016072420900000002	0.0479161392	0.0933584569	-0.0201338967	0.0052888079	-0.1085634339	-0.0392689281	0.0528344126	0.0031899894	-0.064736404	0.135878344	0.0118654313	0.0114274019	-0.0905698427	0.0723816815	-0.1480006213	0.06397330700000001	-0.0135225858	0.0541940032	-0.0760141958	-0.1058864739	-0.0193869461	-0.0217070821	-0.0466761312	0.1171513924	-0.1476763516	0.0133915454	-0.0259623563	0.09183901119999999	0.0582505561	-0.0313021724	-0.1148989697	0.006521046	-0.0697992452	-0.0576847462	0.017082303899999998	-0.030461595299999998	-0.0311969533	0.0130140013	0.0665989013	-0.0925881269	-0.0242385025	-0.0342569521	0.0425204705	0.036200924599999997	0.1543978241	-0.0452948403	4.3112e-06	0.0556566447	0.0680817602	-0.0813019636	0.0469169425	-0.042399505700000006	-0.09709010289999999	-0.07764744700000001	0.0714852395	0.0233667481	0.0430970529	-0.0503089179	-0.06603870070000001	0.1099260982	-0.0331983217	0.0	0.0	0.0	0.0	0.0	0.0	0.0	0.017774099999999998	0.003514699999999997	1.235311608999998e-05	0.00031591863080999993	-0.013168	-0.0273721	0.00074923185841	0.00017339622400000006	-0.0861802	0.034530799999999987	0.00742702687204	0.0011923761486399992	-0.00145687	-0.0008580730000000001	2.1224701969000003e-06	7.362892733290002e-07	0.0018336	0.0002821899999999999	3.36208896e-06	7.963119609999992e-08	0.00179786	-3.8840000000000055e-05	3.232300579600001e-06	1.5085456000000045e-09	0.0	0.0	0.0
497.3214031241949	-1.3961985087547646	1.9493702758490288	247328.57800541798	641.3296017205366	1.1461668892385433	1.3136985379867592	411303.6580430222	437.7780222813535	-1.4091229781965922	1.9856275676816333	191649.59679257325	437.81869696658174	586.490576075208	1.003852	28.824888	0.1143682	0.0657252	0.0428280444	0.0878387787	0.050365067300000003	0.1971001387	0.042084309400000006	-0.045942605899999996	0.09682716300000001	-0.0357554329	-0.0110312028	-0.0116216235	-0.0196102741	0.0627662149	-0.1162103805	-0.005255103299999999	0.0189607891	0.1684024522	-0.081714265	0.0397335169	0.0872567991	0.013593817099999999	-0.07243327620000001	-0.0134984867	0.1242832435	-0.0744030122	-0.0660990996	-0.0594212208	0.0847157217	0.0044418164000000005	0.0496163853	-0.0026458142	-0.017228170600000002	0.0841284868	0.0046744834	-0.0382007979	0.0689293406	-0.1068900613	-0.0724807858	0.0907773382	0.0204108559	0.0257663264	-0.1569293324	-0.0061548466000000005	-0.1585999578	-0.055786132800000006	0.10136366320000001	0.045242833600000004	0.019684935900000002	0.0587194285	0.0307171683	-0.10679882	0.043143617	-0.0656122722	0.11141847490000001	-0.0425788899	-0.007355053100000002	-0.0020191474	0.0135953274	0.0604303194	-0.124798794	0.0932151017	-0.09476349220000001	0.0435929711	-0.0834435935	0.16850900629999999	0.0543605833	0.0992296024	-0.09864224869999999	-0.0103862828	-0.0512790404	-0.0561424774	0.08939736529999999	-0.0081422471	-0.1148400366	-0.1206478083	-0.046140071500000004	-0.0534457183	-0.0585851143	-0.0176900236	-0.0775330414	0.029869026	0.0699288566	0.07815994679999999	0.0741015329	-0.0211178488	0.061092019299999994	0.0276024994	0.15341971880000002	0.021354188599999997	0.006743379599999999	0.08713298130000001	0.0782962324	-0.11065475400000001	0.1098914901	0.0419161018	-0.0062236997999999995	0.0824881544	0.075021762	-0.013723588200000001	0.10178895589999999	0.0865235548	0.0748754421	-0.0097467684	-0.0273116956	-0.0574503748	-0.0655448458	-0.102848177	-0.1496607383	0.1122228821	-0.0437129681	-0.0650384869	-0.0593824289	-0.0522398899	-0.0624853789	0.1108143908	-0.0413932844	0.0	0.0	0.0	0.0	0.0	0.0	0.0	0.0212172	0.003443100000000001	1.1854937610000005e-05	0.0004501695758399999	0.0160078	0.029175799999999998	0.0008512273056400003	0.00025624966084	-0.13941099999999998	-0.05323079999999998	0.019435426920999997	0.002833518068639998	-0.0011116600000000002	0.0003452099999999999	1.2357879556000004e-06	1.1916994409999993e-07	0.0016634	-0.0001701999999999999	2.76689956e-06	2.896803999999997e-08	0.0017429	-5.495999999999995e-05	3.0377004100000006e-06	3.0206015999999944e-09	0.0	0.0	0.0
499.7534817767632	2.4320786525682934	5.915006572278405	249753.5425479976	639.8277199058851	-1.5018818146514832	2.2556489851808323	409379.51115996385	438.5595511080859	0.7815288267323695	0.6107873070136739	192334.47986812575	438.6678564690689	596.846569744716	1.014069	29.118240000000004	0.07196580000000001	0.0449766	0.0952626744	0.069142156	0.006970685999999999	0.1538518066	0.052101290999999994	-0.058024723499999986	0.07695315309999999	0.0670372394	-0.011724398300000001	-0.0744938753	0.1195956734	0.0882972041	-0.0532317796	-0.0780543068	0.1210652516	0.165545825	-0.0733216234	-0.0076865291000000014	0.0809322558	-0.0094725735	-0.055751804800000006	-0.0432805091	-0.0422894024	-0.09633022529999999	0.0050197527	-0.11071512119999999	0.0414024884	-0.0641071584	0.026970258900000002	-0.0140521655	-0.0209685228	0.0741381758	0.1263554865	0.0015447716000000001	-0.0512597822	0.07268403820000001	0.0965488283	-0.18590845420000002	0.011798260500000001	-0.0977853015	0.0083143064	-0.0034142595	-0.0051417861	-0.0587978412	0.0323492685	-0.0659201445	0.15421644269999998	-0.0781208434	0.0865823543	0.0763127495	0.0452186704	-0.0262310174	-0.0074010415	0.11418475310000001	-0.1167499603	0.055373615300000005	-0.0902935643	0.0032309071000000003	-0.0104760018	-0.011333390300000001	-0.055045219400000005	0.0776083573	-0.001612481	0.1654169125	0.0564761393	0.016473813700000003	-0.0889420523	0.0373395329	-0.0340417546	-0.0460657448	-0.0311473278	0.005318489399999999	0.0113382476	-0.1249404569	0.0017814980999999999	-0.08334716910000001	0.0044286373	0.0262112798	-0.0016199488	0.0006627111999999999	0.1094231655	-0.0227546826	-0.012520894599999999	-0.0839399941	-0.1193829187	-0.04740443019999999	-0.18353030739999998	-0.0480697467	-0.1034900546	0.0112892872	-0.0410710293	0.0050707085999999995	0.08403209519999999	-0.0394912877	0.1259693528	-0.10714555	0.0237621271	-0.143797066	0.0202780805	-0.016949838999999998	-0.034556736	-0.055211138	-0.16271511119999998	0.040395636	0.09397052269999999	0.0264224505	-0.0230570986	-0.0235122846	-0.0381861933	-0.09906173480000001	-0.06722039519999999	-0.054150971900000004	-0.0588369021	0.1113230515	-0.0493362025	0.0	0.0	0.0	0.0	0.0	0.0	0.0	0.0175086	-0.0037086	1.3753713959999994e-05	0.00030655107396	-0.020168400000000003	-0.036176200000000006	0.0013087174464400007	0.00040676435856000016	-0.139654	-0.00024300000000002095	0.019503239716	5.904900000001018e-08	-0.00156111	-0.0004494499999999999	2.4370644321000004e-06	2.0200530249999987e-07	0.00151813	-0.00014527000000000008	2.3047186969e-06	2.1103372900000025e-08	0.00178494	4.203999999999992e-05	3.1860108036e-06	1.7673615999999928e-09	0.0	0.0	0.0
498.7108258027117	-1.0426559740514565	1.087131480225191	248712.4877728227	641.6985511186233	1.8708312127381528	3.500009426555309	411777.0305077404	437.4557269977674	-1.1038241103184987	1.2184276665204252	191367.5130831452	437.5351978804741	599.0043386263059	0.949006	27.250006	0.048398959999999984	0.0245164	0.1112052874	0.0841191956	0.012354378899999999	0.20748430760000008	0.06430468610000001	-0.0365209087	0.12517612820000001	-0.0254437257	0.0287524919	0.0549019125	0.0832171021	-0.0193353206	-0.1558117987	-0.0200388402	0.0704898078	0.1938682542	-0.1303512124	-0.007968414200000001	0.015051318999999999	-0.051918155300000005	-0.0464862635	-0.12228717789999999	-0.0192601028	-0.0332928531	-0.027999603199999997	-0.0338336173	-0.00011724600000000001	-0.11092988109999999	-0.0030469582000000003	-0.0538837734	0.08898578509999999	-0.07930482009999999	-0.0662263203	0.049914359400000004	-0.1155677574	0.007380291800000002	-0.032048301800000005	0.0293554865	-0.06708023980000001	0.0423147526	-0.0875771142	0.0868899867	0.048262140700000004	-0.0107265501	0.09350634960000001	0.15408167849999999	0.10830178830000001	0.0291033315	0.1479701547	0.0180373172	0.057213744800000015	-0.0766330566	0.08901974859999999	0.009740864	-0.0173221053	-0.1049052875	0.0115498982	-0.056195045	-0.1394115603	-0.0622236455	-0.0329070754	-0.0748239115	-0.0322208816	0.1932842019	0.1190538322	0.022772465699999998	-0.0614054283	0.0122241428	-0.007168281600000001	-0.1369811874	-0.0634234815	0.018081266699999998	-0.0224508888	-0.0591126104	0.0647536186	-0.06749976469999999	0.050507727599999996	0.029303589900000006	0.1382222784	0.0095118678	-0.0763290794	-0.0429770587	-0.0838249394	0.0022190434	0.07710592150000001	-0.0019161566	0.0572124922	0.044574079100000004	-0.08241229230000001	-0.0042602274	0.0200318617	0.0943421959	0.0868922897	0.09002042800000001	-0.0561980766	0.0178207291	0.046248387599999996	-0.1385248086	0.0309491417	0.15244439810000002	0.0351314806	0.023285519900000003	-0.10941435050000001	-0.0845885941	-0.0457774421	0.0413516481	-0.1248901102	0.0605968746	0.06581895019999999	0.0599726537	-0.0123895968	-0.0560414362	-0.0550988265	0.11145033789999999	-0.0569787115	0.0	0.0	0.0	0.0	0.0	0.0	0.0	0.00832178	-0.009186819999999998	8.439766171239997e-05	6.925202236840001e-05	-0.00520976	0.014958640000000004	0.0002237609106496001	2.71415992576e-05	-0.15557200000000002	-0.015918000000000015	0.024202647184000003	0.0002533827240000005	-0.00161701	-5.59e-05	2.6147213401000003e-06	3.1248100000000005e-09	0.00162754	0.00010941000000000009	2.6488864516e-06	1.1970548100000023e-08	0.00178634	1.3999999999999256e-06	3.1910105956e-06	1.9599999999997917e-12	0.0	0.0	0.0
499.8404724638355	1.1296466611237859	1.2761015789881178	249840.4979128703	638.286211617821	-3.4123395008023185	11.644060868735814	407409.28794142976	438.32483841470076	0.8691114169333787	0.7553546550439452	192128.66397127355	438.38992455026084	600.4086665371756	1.006962	28.914165	0.028967039999999975	0.0143975	0.11163630460000001	0.089921322	-0.0361571662	0.1593493048	0.0753684422	-0.02673501	0.1105682543	-0.010850813899999999	-0.0156476001	0.0127137558	0.043408120099999996	0.060816927800000004	0.057531165	-0.0849926145	0.19046958260000002	0.1852588936	-0.0907926865	-0.0811965171	0.0038369090000000003	-0.0624319395	-0.061376335899999995	-0.0857896866	0.0739129801	-0.09558401720000001	0.0772283916	-0.0693714519	0.0118997538	-0.0494789937	-0.1204329796	-0.0253317821	-0.010546070900000001	0.0995151783	-0.0010697828	-0.0052921065	-0.09919161300000001	0.045761015599999996	-0.0391600715	0.0229929007	0.0495764812	0.092216139	0.058038348899999995	0.0846594599	0.0109117274	-0.0007079757	0.0353088855	-0.10476891460000001	-0.0351612794	0.1610014498	0.0257600534	-0.0791578874	0.1354174202	-0.0068937726000000005	-0.0494263743	0.1187063892	-0.1229169021	0.1092410763	0.0065390526	-0.026213527	0.036668552	0.0768868851	0.12889858810000002	0.0054993398	0.1762262623	0.1854692093	0.0892216052	-0.0378227	-0.0281782224	0.036285689100000004	-0.0220621688	-0.1429213531	0.0443043671	-0.0035752101	0.0536891276	-0.1132909572	-0.0171020166	-0.0214855125	0.0862470791	-0.08475258699999999	-0.0255944887	0.1310226707	0.0577237145	-0.06147383150000001	-0.06479030179999999	0.0917979785	0.0709981045	-0.0379108606	-0.0248327517	-0.08597261839999999	0.0541998934	-0.0361215422	-0.013161197900000001	0.0046349737	0.1163411927	-0.07147641980000001	-0.057320693	0.0875008622	0.1296988855	-0.10257900130000001	1.7136000000000004e-06	-0.1569787547	-0.0596258916	-0.1035779341	0.005719597	0.0291595397	0.084811725	-0.0347118873	0.0383453561	-0.0345377443	0.0458435536	0.1162759867	0.1740863669	-0.057910563	-0.05127684440000002	0.11119581369999999	-0.0642742758	0.0	0.0	0.0	0.0	0.0	0.0	0.0	0.0146375	0.0063157199999999995	3.988831911839998e-05	0.00021425640625	0.00266956	0.00787932	6.20836836624e-05	7.1265505936e-06	-0.146795	0.008777000000000007	0.021548772025000003	7.703572900000012e-05	-0.00162658	-9.569999999999978e-06	2.6457624964000003e-06	9.158489999999958e-11	0.00157253	-5.5010000000000085e-05	2.4728506009e-06	3.026100100000009e-09	0.00184166	5.531999999999998e-05	3.3917115556e-06	3.0603023999999973e-09	0.0	0.0	0.0
497.07898481378726	-2.7614876500482524	7.6258140413690185	247087.5171435053	641.5113448859757	3.225133268154764	10.401484597358627	411536.8056174133	437.2104741243231	-1.1143642903776367	1.2418077716688538	191152.99868401547	437.30120160202523	592.0194371141886	0.967368	27.777277	0.038794800000000004	0.0184502	0.0621986634	0.1001061568	-0.035581809900000004	0.1620567856	0.0778893632	-0.0008590188000000001	0.1111968391	-0.0786321638	0.0831760217	0.0722980371	-0.017451779299999998	-0.056051729	0.0033271771	-0.0091976817	0.0342276392	0.21382630449999998	-0.0952541093	-0.0284428277	-0.0318786514	-0.0293319555	-0.1220578562	-0.0896958691	-0.1181973196	0.0071420614	0.10185732900000001	-0.0244301448	0.0508788272	-0.0008150697	-0.0050031887	-0.07485453980000001	0.0807221618	0.021228207000000002	-0.11742067369999999	-0.1393504135	-0.0148085823	0.027730048900000002	-0.1361308865	-0.0951370507	0.028434637000000002	-0.11614520730000001	0.1296579328	0.0281622123	0.11119401710000001	-0.0242277002	0.10826339199999999	-0.0523967854	-0.025209678399999998	-0.0946445758	-0.0642508089	-0.0087140874	-0.0667268766	-0.0001684794	-0.0321596254	-0.0264146999	-0.0384733803	-0.0664719062	0.0104931218	-0.0656684717	0.0108469599	0.045468695499999996	0.0646964808	-0.1030363881	-0.0490171127	0.2136704842	0.0969258335	-0.0190155475	0.0029831809	0.014734619	-0.0876323894	-0.1097974931	-0.1253593299	0.0377989818	0.10184087650000001	-0.0158107695	-0.0627885332	-0.0544133444	0.0053507811	-0.0048654144	0.1123550457	0.0949124264	-0.0760282513	0.1846384493	-0.0153168467	0.0198899849	0.0762960192	-0.0733464045	-0.0861491308	-0.0011677613000000001	0.014247055900000001	-0.06864643349999999	-0.1080550422	0.09102791660000001	0.0810654306	-0.00437169	0.10137365570000001	-0.0723016232	-0.0498929401	0.12204499070000001	0.0192607285	-0.038427039700000006	0.0783363396	0.0283446064	-0.0051922455	0.0335109237	-0.0109294622	0.012439622	0.10282456359999999	0.0331451636	0.054481706399999996	0.1504197111	-0.03671721	-0.059757640599999995	-0.047376776100000004	0.110560351	-0.0711784728	0.0	0.0	0.0	0.0	0.0	0.0	0.0	0.017071	0.0024335	5.921922249999998e-06	0.00029141904099999995	-0.00218124	-0.004850800000000001	2.353026064000001e-05	4.757807937600002e-06	-0.13837	0.008425000000000016	0.0191462569	7.098062500000027e-05	-0.00179553	-0.00016894999999999996	3.2239279809e-06	2.8544102499999982e-08	0.00136689	-0.00020564	1.8683882721e-06	4.2287809599999993e-08	0.00175454	-8.711999999999999e-05	3.0784106116e-06	7.589894399999998e-09	0.0	0.0	0.0
498.4874178138308	1.4084330000435443	1.9836835156116583	248489.70571870072	640.6907306355911	-0.820614250384665	0.6734077479343856	410484.61232236755	438.7357913267955	1.5253172024723654	2.326592568158123	192489.09459114945	438.8043484564355	587.5487201835427	0.972919	27.936672	0.07475223999999997	0.0478854	0.0293020305	0.0892044437	-0.0824284242	0.1750455366	0.0607864654	0.0454313756	0.091457673	0.0066595633	-0.0278681731	0.0635676329	-0.0087663138	0.0549890676	0.0549901636	-0.0800463593	0.0747695592	0.1913270977	-0.1159031009	-0.0483652177	-0.0056766733	0.0016156213000000001	0.09444414460000004	-0.04823157	0.061739530599999995	-0.0584763231	0.0644227506	-0.08209780280000001	0.0370421089	0.1106323048	-0.0818015103	0.0052496819999999994	-0.0140209338	0.1220467365	0.0638380791	0.0926189406	0.0605227662	-0.060773120199999996	0.0946850254	0.0253485623	0.0332799119	0.0170543259	0.0932676885	0.0884422866	0.0531053418	-0.0027076937	-0.0125443505	-0.033536766600000004	-0.12139682269999999	0.028315936099999998	-0.0135333765	0.0227655098	-0.0798981488	0.133097891	-0.0593812841	-0.0631569384	0.0828153615	-0.1621775127	0.1298573889	0.0931961748	0.1252368871	0.04254470849999999	0.1962299572	0.1095723543	-0.1170197054	0.1908508784	0.11311827460000001	-0.032555306299999996	-0.0376962116	-0.009687449300000001	0.0867777433	-0.0429892104	0.0443138399	-0.0490199944	0.0683542981	-0.0759903426	-0.10498180359999999	0.1230269313	0.004092662899999999	-0.0830148156	-0.0352095235	0.0468275057	0.064455093	-0.13966343890000002	0.07888837530000001	-0.028460684	-0.0281487544	-0.0072667428	-0.0104405404	-0.0340145091	0.06713444019999999	-0.0410392889	-0.041244315	0.0517414206	0.0303999366	-0.0007705587	-0.0002405823	0.048456993399999995	-0.14613049050000002	0.0677380478	-0.1399972374	-0.09453284390000001	-0.0119070568	0.026208947799999997	0.0732992882	0.0859059794	-0.2229274583	-0.0451113368	0.0900804847	-0.1342720802	0.1303345054	-0.1454824121	-0.0541703142	-0.0615819658	-0.0434045609	0.1095461267	-0.0776492625	0.0	0.0	0.0	0.0	0.0	0.0	0.0	0.0189073	0.0018362999999999988	3.371997689999997e-06	0.00035748599328999994	0.0217182	0.02389944	0.0005711832323136001	0.00047168021124	-0.140751	-0.0023809999999999947	0.019810844001	5.669160999999973e-06	-0.00103016	0.00076537	1.0612296256e-06	5.857912369000001e-07	0.00130725	-5.963999999999992e-05	1.7089025625e-06	3.5569295999999887e-09	0.0016468399999999995	-0.0001077000000000005	2.7120819855999984e-06	1.1599290000000108e-08	0.0	0.0	0.0
495.3265552297378	-3.1608625840930245	9.991052275519232	245348.39631575852	638.5787550195988	-2.1119756159922645	4.460441002545905	407782.82636238076	436.83581426527513	-1.89997706152036	3.6099128343035423	190825.52862480594	436.929726084086	580.0330873906612	1.064515	30.566778000000006	0.07444496	0.0371896	-0.009237590300000001	0.0831187377	-0.0545099595	0.1644009068	0.080717892	0.0389995372	0.1480133113	0.005006108400000001	0.0921486069	0.1285987853	-0.0004876178	-0.0358733661	-0.0074397656	0.0143011304	0.0545415236	0.23336263969999999	-0.06089921230000001	0.0315589993	-0.0022637616	-0.07407186660000001	-0.1664225757	0.08102352269999999	-0.0491627043	0.1121019223	0.0491818026	-0.13048185810000001	0.012474775700000001	-0.0027543069	0.027247418399999997	0.0997408028	0.11168182980000001	0.0291726216	-0.1279336153	0.0710253772	-0.042600809	0.1130877144	-0.059181834	0.0462737377	-0.0159184528	-0.0235017331	-0.026775272200000002	-0.0086972278	0.08858017859999999	0.1299010167	-0.0009749963	0.013646486599999999	-0.1287774817	-0.1809956426	0.09950562789999999	0.0731994827	0.0268636107	0.1048618656	-0.115219738	-0.0532835232	-0.059419475199999995	-0.1263553587	0.0560838251	0.0376469544	-0.0803739962	-0.08512754980000001	-0.0777377401	0.058164423	-0.0229303858	0.2330935841	0.0640576489	0.035020784	0.023560435	0.0654019739	-0.12342043400000001	0.0236004733	-0.033645965800000004	0.1947977559	0.057644571900000004	-0.0392905734	-0.011595198400000001	0.0078659219	-0.0047643489	0.11967713099999999	0.061103582999999996	0.109559056	-0.037989881499999996	-0.057702488600000004	-0.041720936800000004	0.0905468514	0.0737056926	0.0010061037	-0.0171311553	0.1306897466	-0.0233469103	-0.028308241	0.1072457364	0.15173986050000002	-0.1135985924	0.0264881781	0.1545094535	0.0437752039	-0.1766273193	0.0232569175	-0.0734593624	-0.0680808735	0.051876075099999995	-0.027290472799999996	-0.050136313700000004	0.0459882737	-0.0373631675	0.1648526933	-0.1450566822	-0.0047069697	-0.0969270566	0.025307053599999997	0.0011528838	-0.06338284400000001	-0.0393662476	0.10815661539999999	-0.0836472442	0.0	0.0	0.0	0.0	0.0	0.0	0.0	0.015397999999999997	-0.0035093000000000004	1.231518649e-05	0.00023709840399999994	-0.00150596	-0.02322416	0.0005393616077056001	2.2679155216e-06	-0.116191	0.024559999999999985	0.013500348481	0.0006031935999999993	-0.00107405	-4.388999999999999e-05	1.1535834025e-06	1.926332099999999e-09	0.00159402	0.00028677	2.5408997604e-06	8.22370329e-08	0.00177921	0.00013237000000000058	3.1655882241e-06	1.7521816900000148e-08	0.0	0.0	0.0
517.9736522301208	22.647097000383038	512.8910025447585	268296.7044046101	667.3963575991628	28.81760257956398	830.4542184336926	445417.8981366296	456.0539738078237	19.218159542548566	369.3376562028503	207985.22702590714	456.1019695449096	607.9384580636831	2.196821	63.080124	0.13032776	0.0823865	0.0984494265	-0.009511288	0.005086999	-0.0023950272	-0.0142582404	0.0257861094	-0.41855607640000003	0.09996293449999999	-0.0465624949	0.0791616036	-0.08889454890000001	-0.0502496017	-0.0893575834	-0.0767167572	-0.016249076499999997	-0.09356082	-0.0672027285	-0.0667084674	0.2631020604	-0.0616448137	0.21422402699999998	-0.20994203190000002	-0.1311087869	-0.1383671398	0.0201142942	0.07884262610000001	0.036648341800000005	0.2159964049	0.08860904550000001	0.0697020352	0.281562298	-0.0067119716	0.073929671	-0.1207149	0.0388828193	0.15130301640000002	0.048248065599999994	0.041032707599999996	-0.0707889763	-0.0445262918	-0.0241712813	-0.19929534399999999	-0.08898840429999999	0.10114341660000001	-0.0229631475	0.0635334025	0.1102681763	-0.0854829962	0.013132238000000001	0.0102817095	-0.1055588464	0.06980937549999999	0.039981542599999996	-0.0852307414	0.1179646051	-0.0024768235999999997	0.0929966956	-0.13752914019999998	-0.0878107628	0.044760777	0.09180777949999999	-0.0640796403	0.0344153083	-0.0943592875	0.033072436600000005	-0.0208443571	-0.26463744149999996	0.1355417763	0.1763356221	-0.08576236150000001	-0.13471723189999998	-0.2446033871	0.026227234900000004	0.0964400277	-0.1243797936	0.12303730060000001	-0.0992558213	0.1987338327	0.26800468969999997	-0.0157244899	0.1213566117	0.09672529939999999	0.041052859500000004	0.0252350891	-0.1370878574	-0.0064871702000000005	-0.0499055958	0.1341534722	0.0617240046	0.1507919637	0.0775974985	-0.04970662	-0.1170386386	0.1059229163	0.030809605	-0.1184020052	-0.1038819159	-0.050030950899999996	0.0657192582	0.0672489367	-0.0127650939	0.0027155290000000004	0.1165111875	-0.054127765999999994	0.012000560700000001	-0.001776391	2.28233e-05	0.1077269991	0.1572515795	0.0775655419	0.0501918512	-0.0651595895	-0.035267986099999996	0.1063965774	-0.0891358961	0.0	0.0	0.0	0.0	0.0	0.0	0.0	0.0196541	0.004256100000000002	1.8114387210000022e-05	0.0003862836468100001	0.0112428	0.01274876	0.0001625308815376	0.00012640055183999998	-0.0502631	0.06592790000000001	0.0025263792216100004	0.004346487998410003	-0.00187552	-0.0008014700000000001	3.5175752704e-06	6.423541609000002e-07	0.00160162	7.599999999999968e-06	2.5651866244e-06	5.775999999999951e-11	0.00191804	0.00013882999999999994	3.6788774416e-06	1.9273768899999985e-08	0.0	0.0	1.0
526.2682216814444	8.294569451323582	68.79988238283039	276958.24115174985	675.4806198430359	8.084262243873127	65.35529602771257	456274.067783532	462.4122428371383	6.358269029314612	40.42758504914139	213825.08232567253	462.4021335751803	630.6785180719722	1.429212	41.038792	0.15047701	0.0754122	0.1816836704	-0.1634783215	0.09382036029999999	-0.11896548109999999	-0.1106032208	-0.0476608286	-0.5225357018	0.065028127	-0.0611929367	0.046783247	0.0759799939	0.0040244465999999994	0.027363897999999998	-0.008582115500000001	-0.028732462400000002	-0.2043633797	-0.0477194347	0.0319652031	0.228282426	-0.129097959	0.0539341874	-0.1302387865	0.0186606042	0.036865398	-0.0967184838	0.15722057779999998	-0.1296682951	-0.021440513300000002	0.026047485800000002	0.0564568069	0.031370579100000004	-0.1485863562	-0.08863420640000001	0.035952856	-0.0411758682	-0.0642603368	-0.1426022358	-0.1392428908	-0.0340859159	0.11434311400000001	0.0729217645	-0.0085240619	-0.0343990754	-0.0008896566	-0.023083048199999998	0.009995121800000001	-0.0824603575	0.041352522999999995	0.1627528877	-0.0103337448	0.07735613870000001	-0.0346756612	-0.0145881536	0.0482295192	0.0158211327	-0.1782798364	-0.0348359367	-0.0228922144	0.018315787099999998	-0.044629113	-0.08462213869999999	0.1472093446	-0.1784082772	-0.2046723973	0.0198563838	0.0802449278	-0.17943224989999998	0.1842200189	0.0651322919	-0.11543603289999999	0.0065796295	-0.0645554985	-0.06543312309999999	0.1500684972	0.15790719849999998	0.09299378900000001	0.046878416799999996	0.0939613278	0.0231638314	-0.0667889917	-0.1952290625	0.0125378322	0.0101473592	0.0089366899	0.1987620016	-0.0770313536	-0.0602316004	-0.0993908743	0.0373027389	0.0117459576	-0.0045434402	-0.0274135126	-0.0167716476	-0.011670738100000001	-0.0074448656	0.15291182220000002	0.013251973600000001	-0.1090483335	-0.0423051553	0.015911231499999998	-0.0320807304	0.1273660426	-0.11232236539999996	0.0401919233	-0.091978998	0.1213273817	-0.0127135246	0.021930425400000002	-0.014290521899999999	0.0088838957	-0.2049286218	-0.0669115258	-0.031116017200000002	0.1042720423	-0.0940817976	0.0	0.0	0.0	0.0	0.0	0.0	0.0	0.015702	-0.0039521	1.561909441e-05	0.000246552804	0.0363639	0.025121099999999997	0.00063106966521	0.0013223332232100002	-0.00240829	0.04785481	5.7998607241e-06	0.0022900828401361	-0.00267525	-0.00079973	7.156962562500002e-06	6.395680729e-07	0.00111739	-0.00048423	1.2485604121e-06	2.344786929e-07	0.00173102	-0.00018702	2.9964302404e-06	3.49764804e-08	0.0	0.0	0.0
518.8375927088197	-7.430628972624731	55.21424692881007	269192.447607883	645.9113453823653	-29.56927446067061	874.3419921304674	417201.4660936572	456.90658128469846	-5.505661552439847	30.312309130014338	208763.62402127075	456.74654003042434	629.0643671310487	1.32967	38.180511	0.07579355999999997	0.042286	0.2065146688	-0.1799494955	-0.0139361334	-0.0046867351000000005	-0.1820710644	-0.076836976	-0.0484168607	0.0521625383	0.0122125579	-0.18322666629999998	0.0649610893	0.0078280993	0.0876136117	-0.0004065108	0.1214573884	-0.1074162963	-0.0787464648	0.0844678526	0.0686687011	-0.1393887495	-0.1312617357	-0.042421386500000005	0.10925168710000001	0.1440897267	0.06259169740000001	0.1197626176	-0.0430422704	0.1435502535	0.0806077862	-0.0398897875	-0.0019557984	-0.0908488727	0.0347518304	0.0648857402	0.007593808100000002	0.030492529100000002	0.0040582	0.010293675	0.021834574300000003	-0.0092480545	-0.039853067	-0.0508906598	0.0893362025	-0.007107321999999998	0.007557239	0.0498367727	-0.09277697060000001	0.0614746604	-0.0151994826	-0.1351298299	-0.0752817266	0.041606736	-0.1793046761	0.0233325308	0.0998028035	0.0827521278	0.05973974820000001	0.1333139842	-0.0868413701	-0.0110004074	-0.004611002800000001	-0.0491083055	-0.0095572112	-0.1081492101	0.0897210083	0.09914461179999999	0.0255432946	0.17268081440000002	-0.0676495658	-0.0824747374	0.1216036315	0.0879784482	0.0333356379	0.162779949	0.0393886153	0.019729144599999998	-0.1314605824	-0.0529798198	0.038929035699999996	-0.0683751709	-0.010179647	-0.010084128199999999	0.011511833999999999	0.057838313499999995	0.0303224856	0.0891106715	-0.0412259059	-0.00026349999999999995	-0.0126484918	0.1004376515	-0.0835820882	0.0054876376	-0.017032311100000003	0.0269641046	-0.11372343970000001	0.0506368112	-0.0952325655	0.0790525383	-0.023987786400000002	-0.0902554161	0.046975295300000004	0.0658239833	0.11355895210000001	0.061683087699999986	0.058847083499999994	-0.125004699	-0.1338563642	-0.1030759601	-0.042942901299999996	0.0448623888	0.0685701413	-0.0686379858	-0.026916663700000003	0.1017902883	-0.098454833	0.0	0.0	0.0	0.0	0.0	0.0	0.0	0.0209933	0.0052913	2.7997855689999986e-05	0.00044071864489	0.00224315	-0.03412075	0.0011642255805624998	5.031721922500001e-06	-0.0253093	-0.02290101	0.00064056066649	0.0005244562590200999	-0.00275635	-8.109999999999976e-05	7.597465322499998e-06	6.577209999999959e-09	0.00103775	-7.963999999999996e-05	1.0769250625e-06	6.342529599999994e-09	0.00162215	-0.00010887000000000006	2.6313706225e-06	1.1852676900000011e-08	0.0	0.0	0.0
519.8088676812781	0.9712749724584456	0.943375072124154	270201.2589200925	649.8217473344324	3.910401952067105	15.29124342673022	422268.30330877495	458.73811023674085	1.8315289520423903	3.3544983021694965	210440.6537835762	458.65110126154775	630.3507793384388	1.136399	32.630859	0.07850454999999998	0.041133300000000005	0.18622548149999998	-0.171348361	-0.095369095	-0.077589221	-0.19407494460000002	0.0761325328	-0.0829688088	-0.2065306289	0.1294729363	-0.1151051376	0.1674690887	-0.1224317851	-0.1221208974	-0.0407077234	0.042734159	-0.1341858165	-0.0515590221	0.009754824799999999	0.08798130400000001	-0.1079036481	-0.1331311404	0.0211081722	0.1752217813	-0.0099383992	0.0283109935	0.2268553426	-0.022035802599999998	-0.0300320156	-0.0038407611	0.06548977519999999	-0.004130577	-0.0601686908	0.0506448075	0.0994032007	0.042134157900000004	-0.0298019177	-0.0672051603	-0.09223392720000001	-0.0945468284	-0.0460595223	0.07759502929999999	0.09061165210000001	0.0194851664	-0.071571573	-0.0149110209	-0.0305656174	0.028274102599999996	0.049821638200000004	-0.1214685011	-0.0849864533	-0.0222071433	-0.0037036389000000003	0.0252801177	0.0873893124	-0.0355945637	0.0313097896	-0.08732145449999999	0.1318161451	-0.06520129	0.0283570134	0.12691579449999998	-0.0804619773	0.0350910156	-0.1342457877	0.0735928038	-5.2254e-06	0.0109090756	0.1991110213	-0.1188735837	-0.0478356934	0.1994086596	-0.0795680129	-0.0410679124	0.1338347932	0.047000682800000006	-0.0303844592	0.10339748300000001	0.0276612958	-0.0031140833000000002	-0.08231505509999999	-0.0551395354	-8.02053e-05	0.1138686173	-0.06860365410000001	0.0828275881	-0.008714608399999999	-0.1179835065	0.012847309	-0.0728387526	-0.0687647841	-0.0353404412	-0.0261716904	0.0774942659	-0.025122807599999998	-0.1205458532	-0.063244385	0.0716923391	0.097000749	0.015501281200000001	-0.0741986929	-0.0144718765	0.0195233169	-0.0374852734	0.032843347599999996	-0.0337431204	-0.1271391688	-0.0205811671	-0.08118287490000001	0.020773918	0.0466174846	0.05684073980000001	-0.07033831230000001	-0.0226763207	0.0989598175	-0.1022283749	0.0	0.0	0.0	0.0	0.0	0.0	0.0	0.016112	-0.004881299999999997	2.3827089689999985e-05	0.0002595965440000001	0.022734200000000003	0.020491050000000004	0.0004198831301025001	0.0005168438496400002	-0.0393565	-0.014047200000000004	0.0015489340922500002	0.0001973238278400001	-0.00222519	0.0005311599999999997	4.9514705361000005e-06	2.821309455999997e-07	0.00103775	0.0	1.0769250625e-06	0.0	0.00137161	-0.00025053999999999983	1.8813139921000003e-06	6.277029159999991e-08	0.0	0.0	0.0
515.8911361208761	-3.9177315604019896	15.348620579369808	266143.66432808834	641.2358831873	-8.585864147132384	73.7170631530133	411183.45788699674	456.8360611740123	-1.902049062728565	3.617790637026614	208699.18678898585	456.6796230299842	614.8153300974602	1.142266	32.799339	0.07629307999999999	0.0428221	0.1054360768	-0.119726366	-0.12744390349999998	-0.041287249	-0.1372999877	0.1051307875	0.025031188399999998	-0.09082804189999999	0.2239138134	-0.1393915268	-0.0665765447	0.0397757022	0.0804815812	-0.1506562343	-0.0755722499	-0.09788669359999999	-0.1289782455	0.0150512376	-0.0047197435999999995	-0.026699759500000003	-0.16355613019999998	-0.041969311399999994	0.0121092257	0.1029858603	0.0655897941	0.09050049019999999	-0.029917124500000006	0.11557684509999999	-0.0059436298	0.1846860456	-0.0492126246	-0.0467972565	0.0771099048	0.0973717058	0.0377201077	-0.08849246919999999	0.0927890099	0.084266855	0.026140275600000002	-0.0989751542	-0.0896836681	-0.08097882349999999	0.0343773513	0.013973462800000001	0.0584488705	0.030077321299999998	-0.0317387856	-0.0225227014	-0.0105186152	0.2553143232	0.1069795506	0.069974654	0.0806474355	0.0320893675	0.013238641399999999	-0.051802488	-0.0231912698	-0.1276235093	0.059139472	-0.0035028418	-0.0217612188	-0.0543504042	0.0125323599	-0.0980877144	0.1494820516	-0.0023281556	0.0392146816	0.0745635481	-0.148082199	-0.0777491257	0.0723998388	0.031102257999999997	0.073498026	0.18235095140000002	-0.0270119258	0.0811223443	-0.023302869700000003	0.09293242369999999	-0.0963939998	-0.1036127659	0.09083382779999999	-0.130128634	-0.0057080373	0.0049566074	-0.014986205700000001	0.08348957230000001	0.1286646903	0.08778095820000001	-0.0741008317	0.0714768612	-0.0683886186	0.0292777921	-0.04396459	0.028016259300000002	0.21110144579999998	-0.0298931113	0.027699605800000002	-0.013918563500000002	-0.1117992215	0.020542515	-0.1451923712	0.0036147527000000004	-0.047896945	-0.1005571115	-0.027144861699999998	0.09466689130000001	0.0981069588	0.084659176	0.0075120852	-0.1119306226	-0.0147609119	-0.07201185780000001	-0.0184014453	0.0957903267	-0.1053794461	0.0	0.0	0.0	0.0	0.0	0.0	0.0	0.008235539999999998	-0.007876460000000005	6.203862213160005e-05	6.782411909159996e-05	-0.00994462	-0.032678820000000004	0.0010679052765924003	9.88954669444e-05	-0.0429138	-0.0035572999999999994	0.00184159423044	1.2654383289999995e-05	-0.00268811	-0.0004629199999999999	7.2259353721e-06	2.1429492639999992e-07	0.00103775	0.0	1.0769250625e-06	0.0	0.0015523	0.00018068999999999982	2.40963529e-06	3.2648876099999946e-08	0.0	0.0	0.0
516.0859870079071	0.19485088703095246	0.037966868176748984	266344.7459859256	645.7962362479466	4.560353060646547	20.79682003774834	417052.7787520136	457.80552951902985	0.9694683450175604	0.9398688719910874	209585.90285819926	457.6242363768354	600.6189320276554	1.139786	32.728115	0.0956395	0.0559267	0.027787637400000002	-0.0786384025	-0.17906866719999998	-0.0828833332	-0.10008721179999999	0.1654688643	-0.0320443762	-0.2292630443	-0.08836464529999999	0.0015815922	0.031534825499999995	0.1211568816	-0.0664735419	-0.06582468080000001	-0.1513313282	-0.1109955972	-0.094140929	-0.0526506563	0.0187283115	-0.0015960154999999998	-0.046483413499999994	0.0396881038	-0.0872422208	-0.0468125469	0.0351221231	0.1763985285	0.0332173416	-0.0385509273	-0.0212005378	-0.050847679699999995	-0.06406590919999999	0.0340292734	-0.0410659303	-0.1428478655	-0.0750674612	-0.0095606576	0.0265305102	0.09423170939999999	-0.059636034000000004	-0.07353290059999999	-0.0439139216	0.0329653129	0.070884645	-0.1180617103	0.038310610499999995	-0.1112978033	0.046700148	0.0011628495	0.0381376596	0.0682602013	-0.0216870096	0.0192569106	0.0369836779	0.08623636050000001	-0.030181136	0.0947651566	0.0190001951	0.1499522671	0.0233163098	0.1041483841	-0.0214633585	-0.0789682438	-0.0508977071	-0.1114254933	0.1108453513	-0.0732314118	-0.0034232103000000004	0.0579783867	-0.0594147222	0.03331245	-0.037120682099999996	-0.1220540907	-0.005318755600000001	0.1075532778	-0.0029223409999999997	-0.1296185805	0.0196798589	-0.0523408491	-0.027272446800000003	0.0044337566	0.0015240497	0.0909195852	-0.0909878649	0.008696855	-0.0369974742	-0.09018014449999999	0.1097786488	0.08415264859999999	-0.056261131	-0.0938403902	-0.0825807394	-0.051809573399999996	0.108438749	-0.0829615286	0.0448206494	-0.0727700824	-0.0418284467	-0.0328000197	0.011265364	0.0032743053000000005	-0.052864147599999994	-0.0636155642	-0.0352387167	0.0387621887	0.0096460782	-0.20982971539999998	0.030425685299999998	0.0092200294	-0.11106158199999999	0.055347529400000005	-0.022118936800000003	-0.0736579852	-0.0140985475	0.092292674	-0.10788885960000001	0.0	0.0	0.0	0.0	0.0	0.0	0.0	0.00343371	-0.004801829999999997	2.3057571348899984e-05	1.17903643641e-05	0.0372824	0.04722702	0.0022303914180804	0.00138997734976	-0.0501727	-0.007258899999999999	0.00251729982529	5.269162920999998e-05	-0.00222519	0.0004629199999999999	4.9514705361000005e-06	2.1429492639999992e-07	0.000954325	-8.342500000000004e-05	9.10736205625e-07	6.959730625000006e-09	0.00137161	-0.00018068999999999982	1.8813139921000003e-06	3.2648876099999946e-08	0.0	0.0	0.0
514.7155093870232	-1.3704776208838894	1.8782089093435657	264932.05560354283	646.0723135034907	0.27607725554412355	0.0762186510287753	417409.4342757528	456.1474601000178	-1.6580694190120653	2.749194198263009	208070.5053556973	455.9760218775598	591.7554541626371	1.094458	31.426573	0.06200557	0.048461800000000006	-0.0125418035	-0.0317252511	-0.1399372141	-0.06632686230000001	-0.02646213	0.1419170393	0.0067788933	0.0699724357	0.161833104	0.147578682	-0.026898495499999998	0.16554466240000001	0.0786335887	0.1614830793	-0.0259784919	-0.0784329161	-0.0908612459	-0.0629751466	-0.0729185966	0.059176657599999995	0.07932366	-0.0272646121	-0.1053032025	0.08582308699999999	0.0491790141	-0.051188863499999994	-0.009775038199999999	-0.0553175999	-0.0505303379	0.0760666735	0.1083845477	0.0890008615	-0.0980666683	0.1207857368	-0.026054751600000002	0.0269187221	0.0621048362	-0.006074403000000001	0.06577680450000001	0.0758306295	-0.1381382441	0.0839077448	-0.142195905	-0.0561462539	-0.0004763013	-0.0652453122	-0.027692991	0.1476732497	-0.0849905032	0.0257039694	-0.0736892598	-0.16608560220000002	-0.0953641608	-0.0012724611	0.0487090992	-0.0208141009	-0.0467541939	-0.030373057400000007	-0.0795375902	0.126827035	-0.09401927410000001	-0.1460827539	-0.0727175762	-0.0784146948	0.0989296872	-0.0797206781	0.0068536165000000005	-0.0961214136	0.0419119555	0.0386636	-0.10146537929999999	0.0603543491	0.0670090471	0.040446868999999996	-0.0396499763	0.0486686525	0.0408405306	0.0757760398	0.0126984333	0.1759113956	0.0082034391	-0.1242465014	-0.0259298886	-0.02855072	0.0018098505	0.1257216724	0.0593663226	-0.0815289463	-0.042714303099999996	0.0537541992	0.14193502119999998	-0.1023818203	0.1096751239	-0.1051279784	-0.0783407007	0.0076510115	0.0673698288	0.0720275093	-0.09936709960000001	0.09927308130000001	0.0579323264	0.0893908318	-0.00048706089999999997	0.0540678483	0.0359947771	-0.0866818872	-0.0153704479	0.1883175591	-0.044694589800000004	0.0098324839	0.0183050435	-0.07527606769999999	-0.00977418	0.0884788418	-0.10974133550000001	0.0	0.0	0.0	0.0	0.0	0.0	0.0	0.00822991	0.0047962000000000005	2.3003534440000006e-05	6.77314186081e-05	-0.00998682	-0.04726922	0.0022343791594084	9.97365737124e-05	-0.050169300000000014	3.3999999999936863e-06	0.0025169586624900005	1.1559999999957064e-11	-0.0023405	-0.00011530999999999998	5.4779402500000015e-06	1.3296396099999994e-08	0.00103775	8.342500000000004e-05	1.0769250625e-06	6.959730625000006e-09	0.00137161	0.0	1.8813139921000003e-06	0.0	0.0	0.0	0.0
514.583557407672	-0.1319519793512427	0.01741132485471078	264796.2375543348	642.5183189783136	-3.5539945251771314	12.630877084989026	412829.7902227179	456.3492610060958	0.20180090607800594	0.040723605693904166	208254.64802080972	456.0439845474089	591.1300501776369	1.040708	29.88316	0.04769499999999999	0.0345684	-0.016514371599999998	-0.0104871209	-0.0889256943	-0.08514650609999999	0.0317740261	0.1331762167	0.0032885846000000004	-0.0727041946	-0.1508156846	0.0921041959	-0.0982371898	0.0523012254	-0.0793448272	0.007769458000000002	0.12586860519999998	-0.0806986947	-0.0605706929	-0.0741985758	-0.0739187236	0.0110387341	0.1335569983	-0.0196144606	-0.134794983	0.03918538	0.061059263499999995	0.0445275831	0.0082234976	-0.1568010663	-0.1948818823	0.0056294992000000005	0.060097367	0.034552750099999995	0.12399825029999999	-0.06908949190000001	-0.0931488254	-0.013454859599999999	0.0217528969	-0.0611279613	0.0797606387	-0.0522143571	-0.0644095979	0.0669131335	0.08854494759999999	-0.0171859447	-0.0877708252	-0.1062182661	-0.11399718869999999	0.053613201	-0.0999599243	0.0032105516999999997	0.0542648265	0.0233012752	0.09020205070000001	-0.044026145	0.1102434107	0.0279778002	-0.021026909700000002	-0.0042391418	0.0255772632	-0.0923101043	-0.1243923351	0.0713630969	0.1426698013	-0.0803013461	0.0666828995	-0.1162482257	0.0265410316	-0.08472498099999999	0.13364540119999999	0.0417310163	-0.1459786818	0.0008609253999999999	0.046663507800000004	0.0683002766	-0.0327317465	-0.0637970789	0.24781655789999998	-0.0649053746	0.0337408701	0.0143901339	0.1847174207	0.037518926800000005	-0.09981412390000001	0.0101947015	-0.018616774699999998	0.0576151417	-0.0123834564	-0.0793184195	-0.1032975082	-0.0628297928	-0.0494886425	-0.0363643045	-0.0222740872	-0.1357114439	-0.021090611800000002	0.0981943985	0.0298828996	0.0564370143	-0.016528281699999998	-0.0025381111	-0.0659567511	0.0128100974	0.10531284560000001	-0.11260585320000001	-0.0067737781999999995	0.0927122405	-0.0490338008	-0.062020519	-0.1001304401	-0.0029782390999999997	0.0700239127	-0.0768654892	-0.005434928100000001	0.08436189570000001	-0.1109255941	0.0	0.0	0.0	0.0	0.0	0.0	0.0	0.00823249	2.5800000000002904e-06	6.6564000000014974e-12	6.77738916001e-05	0.0189599	0.02894672	0.0008379125987584001	0.00035947780801000014	-0.0501641	5.2000000000107524e-06	0.00251643692881	2.7040000000111816e-11	-0.00201914	0.0003213600000000001	4.0769263396e-06	1.0327224960000008e-07	0.00103775	0.0	1.0769250625e-06	0.0	0.00142506	5.344999999999981e-05	2.0307960036e-06	2.85690249999998e-09	0.0	0.0	0.0
513.1210424861325	-1.462514921539423	2.1389498957254647	263293.20424205536	645.0293293343427	2.5110103560291464	6.30517300808562	416062.83570151206	456.01595108420304	-0.33330992189274866	0.1110955040321502	207950.54764323027	455.8358671263977	585.7226998330955	1.00842	28.956055	0.03732358	0.0344761	-0.055255567199999994	-0.007788687299999999	-0.0431089475	-0.0785647004	0.0761427953	0.054932307199999995	0.0021396129000000002	0.11766619980000001	0.1458748107	0.1710945509	0.026105607200000002	0.030181156400000006	0.1454947037	-0.0572876902	0.0228370626	-0.0729678817	-0.0713896788	-0.0305495703	-0.0633605391	0.1251483724	0.0218052233	-0.08566622300000001	-0.1464831356	0.1144450174	0.0454660136	-0.0877622014	-0.0260805152	-0.1431115408	-0.083539896	0.17408130559999999	0.017831191399999998	0.0294625221	-0.0106281943	0.0211317569	-0.022319242799999996	0.11489654980000001	-0.101365519	0.0515060966	-0.023193295299999996	0.0963004266	-0.02454101	-0.09785197949999999	-0.1113875847	0.0802152834	-0.0101225355	-0.027882228999999998	0.0564734329	-0.0113976719	-0.12109360539999996	0.021957547	-0.0742615672	0.0806451673	0.165348863	-0.048658776200000003	0.0801209227	0.0320396514	-0.1434823486	-0.0688531936	-0.0694530565	-0.050645555	0.0092050569	0.0183762418	-0.024696548	-0.0722296463	0.056198088	-0.06426531070000001	-0.038758781400000004	-0.18238104019999998	-0.0126340861	-0.0059334627	-0.1526791956	0.1245375033	0.0904599855	0.0397116461	0.0179076136	0.0568668802	0.1756647429	0.1659895742	-0.0636815442	0.0738015011	0.0086293476	-0.0340214069	-0.0189386326	0.0741175391	0.0365023159	-0.02001247	-0.056791931	0.0411972101	0.09724271699999999	0.1048173758	0.1057177891	-0.031843456400000004	-0.0519633501	-0.0593768502	-0.0476107706	-0.11401147789999999	0.0041220695000000005	0.0783471929	0.09373042890000001	0.1132758957	-0.1182951085	-0.0104032282	0.01642424	-0.1729005271	-0.0106133039	-0.0045722544	-0.0242119463	0.0104221581	0.07035968599999999	-0.047695220700000006	-0.0730156269	-0.0784256445	-0.0010873996000000002	0.0799559396	-0.1114344244	0.0	0.0	0.0	0.0	0.0	0.0	0.0	0.00822991	-2.5800000000002904e-06	6.6564000000014974e-12	6.77314186081e-05	-0.0152236	-0.0341835	0.00116851167225	0.00023175799696	-0.0501696	-5.499999999998562e-06	0.00251698876416	3.024999999998418e-11	-0.00202833	-9.190000000000066e-06	4.1141225889e-06	8.44561000000012e-11	0.00103775	0.0	1.0769250625e-06	0.0	0.00137161	-5.344999999999981e-05	1.8813139921000003e-06	2.85690249999998e-09	0.0	0.0	0.0
513.0039562944834	-0.11708619164915035	0.013709176274901563	263173.0591737922	644.824348897116	-0.20498043722670897	0.042016979645652784	415798.4409305896	456.8595198311695	0.8435687469664686	0.7116082308585778	208720.6208603668	456.5484645407756	580.158137768507	1.061446	30.47864	0.05546303	0.0281173	-0.08894172550000001	-0.0208361246	-0.001639735	-0.0958687325	0.0652342198	0.0468544523	-0.010803188200000001	-0.0707716202	-0.10854737269999999	0.0969822261	-0.1718286578	-0.0016894898	-0.0665512964	-0.0864939184	0.0823651067	-0.0886146223	-0.0761042247	-0.0235327161	-0.0663876476	0.0943721704	0.10745609019999999	-0.07611921	-0.1278065119	-0.0596274942	0.0769484787	0.0333988899	-0.0016975439000000002	-0.1375789016	-0.1898811791	-0.0399821824	-0.1805274768	-0.095403985	0.0161694017	0.0069669193999999995	-0.029381718900000006	0.0138215482	0.025466961200000002	0.0799644391	-0.0176501391	-0.1261893077	0.0153952924	-0.0393473687	0.09897770939999999	0.0463884096	0.0322555495	-0.0200339698	-0.1252577524	-0.0338203302	-0.0524453292	-0.009691601800000001	0.0229709396	-0.07829797179999999	0.0449950236	-0.0633065612	0.0103045998	0.0473767353	-0.016934114099999998	-0.08834409119999999	-0.0023326576	-0.1301266385	0.1115156414	0.1571016027	0.0704011303	-0.08771458609999999	0.0538584633	-0.0489359787	-0.0406023292	-0.1744436212	0.0934843917	-0.0315695123	-0.1373783586	-0.07565768490000001	0.0738139908	0.029023655	0.0082691163	-0.0846667478	0.1912414699	-0.1244022769	-0.1379805924	-0.11197010619999999	-0.0444432971	-0.0010014194999999999	-0.0889900203	0.028755586899999998	-0.0472269921	0.0784986308	-0.011053130500000001	0.1148718465	-0.00022465200000000002	-0.0297208286	-0.0604599124	0.0398360748	-0.0370208316	-0.0694415425	0.0669045446	0.0770742931	0.0131576678	0.09739140019999999	0.0017440928	-0.045805662999999996	0.0494572992	-0.0264865187	-0.016409212	-0.0805459724	0.0895743491	0.0909295432	-0.0327769375	-0.1382095525	0.1605290339	0.0022284302	0.031300226800000004	-0.0799559396	0.0032617847999999996	0.07527606769999999	-0.11126472820000001	0.0	0.0	0.0	0.0	0.0	0.0	0.0	0.00480316	-0.00342675	1.17426155625e-05	2.30703459856e-05	0.00108098	0.01630458	0.0002658393289764	1.1685177604e-06	-0.0323115	0.0178581	0.00104403303225	0.0003189117356099998	-0.00219609	-0.00016775999999999987	4.8228112881e-06	2.8143417599999957e-08	0.0008480379999999999	-0.0001897120000000002	7.191684494439999e-07	3.5990642944000074e-08	0.00137161	0.0	1.8813139921000003e-06	0.0	0.0	0.0	0.0
512.4283409153117	-0.5756153791717225	0.3313330647390058	262582.8045732189	643.9807282087693	-0.8436206883467321	0.711695865806614	414711.1783042968	456.5315851008168	-0.3279347303526947	0.1075411873714946	208421.08819466433	456.3710921370771	574.5861091842329	1.08895	31.268393	0.06193938	0.0331676	-0.1251032032	-0.0269705975	0.0571528753	-0.0798935207	0.047005017999999996	-0.0425787116	-0.0271036748	0.131424991	0.18343524809999998	0.15001259390000002	0.1503258238	-0.0457983985	-0.0229880157	-0.1467482586	-0.0818481828	-0.0845715369	-0.017241859499999998	0.0569678831	-0.0005171885	0.1066579982	-0.0638449651	0.0378676706	0.006473867800000001	0.054379874800000005	0.0218431552	-0.0295933162	-0.049416351799999994	-0.07273045809999999	-0.082639909	0.031246641000000002	-0.0292101925	-0.0206376234	-0.0699359629	0.13037676269999998	0.1141568092	-0.1039480081	-0.005587889499999999	0.0782791731	-0.0708069214	0.09660400289999999	-0.0610214974	-0.0400461907	-0.0947223489	-0.0289802631	-0.0305839675	-0.056890938700000004	-0.0179827872	0.0174415379	-0.0944513859	-0.0436997324	-0.0344263968	0.0237203626	-0.0602833541	0.035215637599999995	-0.1011368041	0.1580862966	0.0611461295	-0.0359979536	0.0425806596	-0.0960408824	-0.028617823100000002	0.0715331178	-0.0333537848	-0.0842636147	-0.0086822013	0.071685213	-0.047387363499999995	-0.1078720075	-0.0731596893	0.0338140281	0.0227950692	0.08488646050000001	0.0279042596	0.0039376077	0.054964102599999995	0.0250017698	0.0912438676	-0.0231885061	-0.0726536299	-0.013979273300000001	-0.0805389069	-0.1030155211	0.0927099454	-0.0742831805	0.0507364991	0.0410062233	0.1301719298	0.0186130319	0.0297690977	0.06544347959999999	0.1160620179	-0.0830929205	-0.0051179736	-0.0204772743	-0.05605288519999999	-0.0481935412	-0.0025184573	0.0507411191	0.0464646451	-0.0819549406	-0.0287778337	-0.12878079480000001	0.0312546234	0.093756467	0.1517986147	0.053122608499999995	-0.0465032896	-0.0641165879	0.011816166699999998	-0.0399084939	-0.050990680700000006	-0.081455792	0.007606002	0.07033831230000001	-0.11041753859999999	0.0	0.0	0.0	0.0	0.0	0.0	0.0	0.00821528	0.0034121200000000003	1.1642562894400002e-05	6.74908254784e-05	-0.00413578	-0.005216760000000001	2.721458489760001e-05	1.7104676208400002e-05	-0.0056023	0.0267092	3.1385765289999996e-05	0.00071338136464	-0.00177197	0.00042411999999999984	3.1398776809e-06	1.798777743999999e-07	0.0008528439999999997	4.805999999999887e-06	7.273428883359995e-07	2.3097635999998906e-11	0.00126851	-0.00010310000000000008	1.6091176201e-06	1.0629610000000016e-08	0.0	0.0	0.0
513.1677600961749	0.7394191808632513	0.5467407250284816	263341.1500021253	647.6760699798872	3.69534177111791	13.655550805368852	419484.29162459174	457.3008500827169	0.7692649819001076	0.5917686123777729	209124.06748637554	457.1267314073471	578.0609583114773	1.042038	29.921358	0.04344544	0.0221637	-0.1070989542	-0.0503583469	0.0684859872	-0.0806058918	0.0172031737	-0.058460083499999996	-0.0420698496	0.0559779817	0.0046659224	-0.0788693994	-0.1300058	0.120848607	-0.1873908483	-0.0756612891	-0.018225075	-0.0997524786	0.0160557381	0.08143033549999999	-0.0237349198	0.0676039762	-0.0034518501000000003	-0.0264317598	0.0022580182999999998	0.0024640376000000003	-0.073766074	0.1146492581	-0.0461894339	-0.0721742023	-0.019116188500000002	-0.0857944316	-0.079333141	-0.0554814062	0.047623501299999996	0.08668145279999999	-0.0132738845	0.0384744121	0.076686927	0.1363719468	0.0533218704	-0.0190357655	0.027128173	0.0085772885	-0.0648629062	0.11522735140000001	0.0531745831	0.1314468502	0.03776458	-0.0185096831	-0.049862692400000005	0.1136250776	-0.0080533065	-0.0827223661	-0.0768609324	-0.0007489605000000001	0.0457055733	0.015958329099999998	0.1233436641	3.34316e-05	0.0246729423	0.0201314805	0.1524204934	-0.0472865855	0.0830725513	-0.09942435349999999	-0.033684585499999996	0.058158278	-0.0044174216	-0.08276224730000001	0.026064507400000003	-0.0165509496	-0.0001034709	-0.0480162192	-0.0964017513	0.1027139749	0.0894658489	-0.0986798741	0.018437148700000003	-0.0940085576	-0.050097539	-0.061344124000000014	-0.0143186876	-0.0812088225	-0.0400418439	0.012389301699999999	-0.053179563	0.1259269808	-0.0121536763	0.07017940389999999	0.1309634559	0.0239006004	0.0758515129	0.10995189050000001	-0.032984476400000004	0.1423433073	0.0724303529	-0.0362066534	0.08260654490000001	0.0240802541	-0.08931736230000001	0.0194189626	0.0311032475	0.0130092418	0.0544982705	0.0514717908	0.0368843559	-0.069968264	0.0367499047	-0.045724722300000006	0.1588867535	-0.0272525544	0.12644808119999998	-0.0829246304	0.011938636599999998	0.0651595895	-0.10889801439999999	0.0	0.0	0.0	0.0	0.0	0.0	0.0	0.000475042	-0.007740238000000001	5.9911284296643996e-05	2.25664901764e-07	-0.000624158	0.0035116220000000003	1.2331489070884003e-05	3.89573208964e-07	0.00904878	0.01465108	8.188041948839999e-05	0.0002146541451664	-0.00199295	-0.00022097999999999972	3.971849702499998e-06	4.883216039999988e-08	0.0008630639999999998	1.0220000000000019e-05	7.448794680959996e-07	1.0444840000000042e-10	0.00114886	-0.00011965	1.3198792996e-06	1.4316122500000003e-08	0.0	0.0	0.0
512.7578691023613	-0.409890993813633	0.16801062680952775	262920.63232639426	643.0556231799485	-4.620446799938692	21.348528631063687	413520.5345033519	456.6780665775361	-0.6227835051808484	0.3878592943253438	208554.85649299648	456.40277183095634	582.549442793597	1.041534	29.906887	0.054954486	0.0263445	-0.08849041710000001	-0.1136358215	0.07310281219999999	-0.0500491133	-0.0449411278	-0.08632641560000001	0.0233183502	0.0297317629	-0.0201164261	-0.0190817043	0.2184173053	0.0939189639	0.1342680502	0.0511537487	-0.1628574657	-0.09019283859999999	0.0512401759	0.099651108	-0.057609986399999986	0.055570345599999994	-0.021767887799999996	-0.09690381279999999	0.04249499650000002	0.009925330500000001	-0.06596720639999999	-0.0198085963	-0.054510720199999994	0.0065620046999999996	-0.038932829	-0.1041649755	-0.069383004	-0.1701400914	-0.0636776579	-0.1417900001	0.09702197130000001	0.044604049699999995	-0.0216447546	0.0510784654	-0.0699710332	0.04951733	0.0668292644	0.0885411985	-0.1102694028	-0.23422908239999998	-0.010225327	-0.028091292400000002	-0.0661204101	0.0448684004	0.007187943000000001	0.042376282	0.0557367663	-0.0512062983	-0.093582654	-0.0267536292	-0.0188321168	-0.12380762449999999	-0.0555390059	0.1072053353	0.029360535299999997	0.054397970999999996	0.1049647856	0.0494109701	-0.099957578	-0.0898429775	-0.055694834500000005	0.0749595978	0.052728814000000006	-0.0814145783	-0.0219289383	-0.08522072539999999	0.0074610466	0.0105049265	-0.0273615815	-0.0084537256	0.10236643960000001	0.0537539934	-0.0215454904	-0.0822569947	0.0585508334	-0.1467826015	-0.1748603738	0.0397057258	0.0068701939	0.1039359192	-0.0643082157	-0.1076069339	0.046841548600000005	-0.0364221957	0.08908135210000001	-0.07676512440000001	0.0302517863	-0.1923499846	0.17415032719999998	0.028111451800000003	0.0224077325	0.0055727076	0.006326126800000001	0.053632581500000005	-0.153415961	-0.061510927699999995	0.0713165917	0.0276323842	-0.1516994871	0.0679218012	-0.1371577766	-0.0929174183	0.06498936400000001	-0.049891000899999996	0.0099551521	0.036351099	-0.0602507847	-0.08436189570000001	0.0162530906	0.059757640599999995	-0.1067154078	0.0	0.0	0.0	0.0	0.0	0.0	0.0	0.00289062	0.002415578	5.8350170740839985e-06	8.3556839844e-06	0.00972788	0.010352038000000001	0.00010716469075344398	9.46316492944e-05	0.0132703	0.004221520000000001	0.00017610086209000002	1.782123111040001e-05	-0.00165793	0.00033501999999999984	2.7487318849e-06	1.1223840039999992e-07	0.000644987	-0.00021807699999999982	4.1600823016900003e-07	4.755757792899991e-08	0.00135507	0.00020621000000000007	1.8362147049000003e-06	4.252256410000003e-08	0.0	0.0	0.0
513.1319401737575	0.3740710713962017	0.1399291664555022	263304.38802648464	646.8479921024714	3.7923689225228823	14.382062044517369	418412.3248869989	456.6059729470917	-0.07209363044438533	0.005197491550651603	208489.01453096024	456.4026608381141	586.9191266513857	0.979952	28.138603000000003	0.070645692	0.0352232	-0.0658313408	-0.1381421443	0.0519500424	-0.022853872799999998	-0.0794693444	-0.11634363269999999	0.0117873945	-0.0472337151	-0.023166037200000003	-0.0378213163	-0.050225885199999994	0.1561760454	0.0168919978	0.1085893031	-0.0793953709	-0.0912181585	0.0155051454	0.0879280565	-0.052859767300000006	0.1052183092	-0.0420252821	0.0068468189	-0.048783000199999996	0.0501522167	-0.0190062385	-0.073213721	-0.0008729216	-0.09578719460000001	0.1387756262	-0.044319658899999996	-0.0747005384	-0.024112757000000002	-0.0044475810999999995	0.1061024498	-0.0679630787	-0.10217007269999999	0.0982442152	0.12118547539999999	0.071140833	0.0251307087	0.0056733537	-0.0723872161	-0.0192401998	0.0464692121	-0.0383559042	0.016079546	0.0860617434	-0.0419154941	0.0853464075	0.08610113800000001	-0.1497110994	-0.0981653381	-0.1028544524	-0.1381069512	-0.0939101955	0.0568935421	-0.0722934398	-0.0421427324	-0.0032306513	0.102765607	0.19166685309999998	-0.0636835276	0.0262496829	-0.0912749029	-0.0185696303	0.08766886730000001	0.029393382000000006	-0.120527085	-0.0327111516	0.024777994700000004	-0.0252410775	0.0756118219	-0.0087222327	-0.0133016851	0.0555336485	-0.12172304980000001	-0.1097189126	0.0057592951	-0.0359685547	0.005738151800000001	-0.006236951700000001	-0.12250033810000001	-0.057335480099999996	-0.1015557442	0.0076811454000000005	0.09827371289999999	0.0590336166	-0.0008512502000000001	0.1001261644	-0.0062671516000000005	-0.0147995074	0.0387000341	-0.1208862243	0.0223045204	0.012577848400000001	-0.08323061799999999	-0.0740531889	-0.0250892108	-0.0526956078	0.11111809800000001	0.1563328882	-0.07458084849999999	-0.0985515843	0.0584831684	0.0527108661	-0.15120149019999998	0.1346484347	0.0235379242	0.17232383329999998	0.0900168158	0.0587373307	-0.0857670407	0.0205427938	0.054150971900000004	-0.1038830089	0.0	0.0	0.0	0.0	0.0	0.0	0.0	0.000617668	-0.002272952	5.166310794304e-06	3.81513758224e-07	-0.010063	-0.01979088	0.0003916789311743999	0.000101263969	-0.00564251	-0.01891281	3.18379191001e-05	0.00035769438209610013	-0.00128368	0.00037425	1.6478343424e-06	1.4006306250000002e-07	0.0006454280000000001	4.410000000001132e-07	4.1657730318400007e-07	1.9448100000009986e-13	0.00157376	0.0002186899999999999	2.4767205376e-06	4.7825316099999957e-08	0.0	0.0	0.0
512.7235615877298	-0.4083785860276521	0.16677306952594445	262885.45060720656	644.4961031969619	-2.3518889055094405	5.531381423858393	415375.227036069	456.0857504988168	-0.5202224482748647	0.27063139568909433	208014.211808069	455.8285474405355	583.4104846091199	0.983504	28.240606	0.041709232000000006	0.023695	-0.0825525267	-0.1575120118	0.04492356980000002	-0.012876187800000001	-0.08790739439999999	-0.0875266069	0.0132105396	-0.088238161	-0.14269654710000002	-0.0051843394	0.16029581140000002	0.04932344	0.1313390266	0.0782620748	-0.0852261143	-0.085418575	0.0265695042	0.11486244529999999	-0.059459622999999996	0.0523786418	-0.0446637178	0.0188795336	0.013416108400000001	0.082291113	-0.10372721630000001	-0.0454258487	-0.10709518859999999	0.0371079212	0.1600789265	-0.031677920400000004	-0.0337422767	0.020267100700000002	-0.056446420899999995	-0.0503279344	-0.0641749142	-0.1206200819	-0.109846626	-0.0157514315	0.029315039900000006	0.1386569972	0.021308716499999998	0.0147528273	0.19003916070000001	-0.09292166060000001	0.0361942638	-0.0173829343	0.0480191582	-0.012939267800000001	0.0844665064	0.097807004	0.0655590442	-0.0273424635	0.0512971702	-0.05495525019999999	-0.0670955236	-0.0289837064	0.0643898064	-0.1214241433	-0.048205081600000005	-0.0391539329	0.0558068898	0.1056739343	0.06406066269999999	-0.08550869330000001	-0.0235187355	0.09418788759999999	0.0787500312	-0.0788642561	-0.0397068818	0.014986432099999999	0.0039792175	0.07479673860000001	-0.0570814107	0.0119698531	0.169933997	0.026731609500000003	-0.1632018731	-0.0009166459	0.0133609996	-0.0014652354999999998	-0.0193810855	0.013405891699999999	-0.041465033	0.0098619413	0.1630290068	-0.18512150260000002	0.1098990457	-0.1211495378	-0.021519139399999998	-0.06588058769999999	-0.13751602	0.0270207343	-0.0327760307	-0.029660474	0.0677699209	0.0080450448	0.0009884385	-0.0498354321	-0.0332536538	0.0939909163	0.0458498683	-0.0809415656	-0.014540441999999999	-0.0546213025	0.0185640006	0.1397023	-0.0667632472	-0.0169118311	0.1487366514	-0.0893430927	0.067813843	-0.0871395302	0.0248012137	0.0483587909	-0.1004180641	0.0	0.0	0.0	0.0	0.0	0.0	0.0	0.0081951	0.007577431999999999	5.7417475714624014e-05	6.715966401e-05	0.0112606	0.0213236	0.0004546959169599999	0.00012680111236000006	-0.00564126	1.2499999999995156e-06	3.18238143876e-05	1.5624999999987886e-12	-0.00132256	-3.888000000000003e-05	1.7491649536e-06	1.5116544000000027e-09	0.000604799	-4.062900000000003e-05	3.6578183040100007e-07	1.6507156410000027e-09	0.00139713	-0.0001766300000000001	1.9519722369e-06	3.1198156900000044e-08	0.0	0.0	0.0
513.6148468084808	0.8912852207510014	0.7943893447291612	263800.2108620992	647.261723262745	2.7656200657830823	7.6486543482620215	418947.7384010583	456.2008216383798	0.11507113956298555	0.013241367160324095	208119.18966353286	456.0137828108505	586.8829693384638	0.989632	28.416565	0.06700234000000001	0.0407715	-0.063610687	-0.1592531116	0.0217964646	-0.0172144511	-0.1358860556	-0.07661319309999999	0.0031386074	-0.0119368498	0.037207460899999996	-0.0121796926	-0.0411606897	0.0927391061	0.09754534039999999	0.17468776379999998	0.0416920864	-0.0885774652	-0.004183066	0.1115473558	-0.07459507559999999	0.0239313744	0.031524178	0.06541743309999999	-0.025142152999999997	0.0068171586	0.0325057054	0.0221940035	-0.04496603440000002	0.04124461	0.0888116908	-0.08844102529999999	-0.0070733002	0.0654412248	-0.0717030282	-0.0853004034	-0.0305221643	-0.0371847854	-0.0579973934	0.0783221825	0.0853281385	-0.03505735	0.052407109	0.0638118956	-0.0816434043	-0.0295915941	-0.038611920099999995	-0.0293895539	-0.019743963	0.029457275800000002	-0.0566091748	-0.0912940497	-0.041057719300000003	0.1339907409	-0.0129968579	-0.0945089499	-0.1250280632	0.0051755932	0.05557107519999999	-0.0213405122	0.1909533634	-0.0351554399	-0.0985780459	-0.0822626814	0.036531822900000004	-0.088839175	0.006233502199999999	0.1024546499	0.0775590496	-0.0550650284	0.0134432726	0.0806462488	-0.0126152465	-0.011857305700000001	0.0502340252	0.0199146282	0.015886983700000003	-0.0418810916	-0.1233433828	-0.055465469	-0.0222936755	0.0951607658	0.0104123796	0.11566239310000001	-0.0141462324	-0.0044392175	0.06268439	0.0722962496	0.0247430345	-0.0407073476	0.1156229461	-0.0874008931	0.043461376399999994	-0.0524845106	0.037345462	-0.0031461246000000003	-0.0596572028	-0.0225104628	-0.0688041745	0.0678600652	0.0138395139	-0.0497960515	-0.0025599203	-0.1181875691	0.11378133730000001	0.044977637800000005	-0.053545733600000006	0.11549279330000001	0.1439079683	0.050518352	-0.1106179195	0.0067970651	-0.016263603300000002	-0.0884788418	0.0290218654	0.0424009407	-0.0963416715	0.0	0.0	0.0	0.0	0.0	0.0	0.0	-0.00330188	-0.01149698	0.0001321805491204	1.09024115344e-05	-0.0268633	-0.0381239	0.0014534317512100005	0.00072163688689	-0.00806812	-0.0024268599999999994	6.50945603344e-05	5.889649459599998e-06	-0.00125202	7.054000000000001e-05	1.5675540804e-06	4.975891600000002e-09	0.0007704010000000001	0.00016560200000000005	5.935177008010003e-07	2.7424022404000016e-08	0.00146008	6.29500000000002e-05	2.1318336064e-06	3.9627025000000264e-09	0.0	0.0	0.0
513.0480254625132	-0.5668213459675826	0.32128643824450204	263218.2764309836	645.044641311448	-2.2170819512970183	4.915452378766995	416082.5892846146	456.0204674462568	-0.18035419212299075	0.03252763461633666	207954.66672990262	455.78273076358636	588.6019004389756	0.962512	27.637827	0.0902304	0.0478286	-0.061955171600000004	-0.16278482	0.0137593944	0.013447426	-0.1445620108	-0.0454917359	0.045690477	-0.1256379936	-0.1263545439	0.040664418199999997	0.013312415800000001	-0.0189882442	0.0202689567	0.0522009978	0.0015000493	-0.09131094669999999	-0.0143058597	0.0953958083	-0.1335625714	0.0442235583	-0.0227120382	0.0341607996	0.0765716778	0.0530094306	0.014693548999999997	-0.0860179287	0.1355495095	0.0830875759	0.0920662106	-0.10228502269999999	0.0200721	0.0660929137	0.0106268375	-0.0479717722	0.1274423558	0.0655820337	-0.0080420824	-0.0495118787	0.0348092718	0.0800612433	0.0461039938	0.0160215251	0.0355112035	0.0596719254	0.0184050278	0.0531902329	-0.1256048714	0.0288878158	-0.028475631600000002	-0.0094087248	0.0415971085	0.0249911358	-0.025376008	0.0354615766	-0.0274514848	-0.0419938066	0.033015003700000004	0.17349534879999998	0.0042107176	-0.052631614400000006	-0.045197109000000006	0.0532783312	-0.06968573559999999	-0.0917968924	0.030787974300000007	0.09109560650000001	0.1267281008	-0.0931953199	-0.0144299068	0.0123216359	0.0560552313	0.0649159899	0.0001433889	-0.0655238896	-0.0942433946	-0.0178836871	-0.1297141705	-0.0730043908	0.06271077580000001	0.0420775021	-0.0310099539	0.0260652548	0.1347119835	0.0712630935	-0.085940758	-0.1054198633	-0.0443375057	-0.0555116011	0.0341029968	0.0087769088	-0.014590488300000001	0.04889278019999999	-0.0236197002	0.015089421499999997	0.024918295899999998	0.12595561449999998	0.0261426261	0.0711923195	0.004248638	-0.046245024100000004	-0.028654864300000006	-0.0020944149	0.0121846808	0.0454046463	-0.04734208769999999	-0.0271981777	-0.1006709306	-0.12850636669999999	-0.1017733351	-0.052444579000000005	-0.0210667207	-0.0897844656	0.0331983217	0.0362978318	-0.0916786526	0.0	0.0	0.0	0.0	0.0	0.0	0.0	-0.0120759	-0.00877402	7.698342696040001e-05	0.00014582736081000005	0.0110993	0.0379626	0.0014411589987600002	0.00012319446049	-0.0228708	-0.01480268	0.00052307349264	0.0002191193351824	-0.000904784	0.000347236	8.186340866559999e-07	1.2057283969600001e-07	0.000570425	-0.00019997600000000012	3.2538468062499994e-07	3.9990400576000064e-08	0.00148669	2.6609999999999828e-05	2.2102471561e-06	7.080920999999908e-10	0.0	0.0	0.0
512.8574424470055	-0.19058301550774104	0.036321885800023865	263022.75627328356	647.0872128905113	2.0425715790632917	4.172098655597112	418721.86108640995	456.5561968716899	0.5357294254330895	0.28700601727486824	208443.5609019413	456.37439855543147	584.8787480515198	0.936084	26.878965	0.06949611	0.0368066	-0.079553407	-0.1605271468	0.0061837933	-0.012786290700000001	-0.14276511949999998	-0.0490430672	0.0097970214	-0.0170270649	0.09767581060000001	0.119792276	-0.07856493690000001	0.0013070907000000001	0.0439328247	0.10404137390000001	-0.0093308326	-0.104727241	0.0293217621	0.08926232560000001	-0.0923372468	0.1093416039	-0.0044945278	0.1105283086	0.0237432611	-0.0214551082	0.0792531432	0.027447867799999998	-0.032961281	0.085335864	0.09635766929999999	-0.016722428799999998	0.0805396332	0.07761510860000001	-0.0430129721	-0.103078396	-0.0139390728	-0.0112427631	0.0005912321	-0.1406690925	0.0559346096	0.0096214429	-0.0064224525	0.113510847	-0.0411386521	-0.0029174091999999998	-0.0228662466	0.0353295416	0.022536431699999998	-0.1070534103	-0.0509881058	-0.1433101536	0.0474912532	0.122440781	0.0520231598	-0.07544499860000001	0.053949064000000005	0.0537889846	-0.0212606378	-0.0768591505	-0.0776300768	-0.0437531367	-0.0867719912	-0.025594509100000003	-0.0264620721	-0.104735991	-0.017922283799999997	0.0685994376	0.0969499434	-0.09641184480000001	-0.07216625509999999	0.1180795568	0.055348435099999996	-0.050714645499999995	0.060669120300000004	0.0168994568	-0.0316257396	0.0143090726	-0.0993312394	0.0205719984	0.06924770059999999	0.0829112649	0.0536490217	0.1350428138	-0.0062493114	-0.061211665599999986	-0.0162348477	-0.0243450145	-0.036586503199999995	-0.13483731470000002	-0.0637260521	-0.07716148860000001	0.08429112230000001	0.0175643495	0.0039700784	0.0663608917	-0.0707553153	-0.0141386894	-0.0699999362	0.0426704329	0.1152068291	-0.07640593450000001	0.0003010512	0.0327823942	0.0933819511	-0.0862594191	-0.0259750108	0.0560712543	-0.095984664	0.09290659400000001	-0.023660928199999997	-0.0381817798	-0.132754337	-0.09105590429999999	0.0373242223	0.0300703725	-0.08645740029999999	0.0	0.0	0.0	0.0	0.0	0.0	0.0	-0.005877	0.006198899999999999	3.842636121e-05	3.4539128999999995e-05	-0.0174423	-0.0285416	0.0008146229305599999	0.00030423382929	-0.00344524	0.01942556	1.18696786576e-05	0.0003773523813136001	-0.0009775500000000002	-7.276600000000026e-05	9.556040025000003e-07	5.2948907560000385e-09	0.00077079	0.0002003650000000001	5.941172241e-07	4.014613322500004e-08	0.00145322	-3.346999999999985e-05	2.1118483684000003e-06	1.1202408999999904e-09	0.0	0.0	0.0
511.931043315371	-0.9263991316344686	0.8582153510930975	262073.3931099643	647.2555676940592	0.16835480354791346	0.028343339877656526	418939.7699109589	456.1392982169976	-0.4168986546923179	0.17380448828426456	208063.05937789503	455.951848804856	580.8866212058335	0.9296	26.692774	0.031095060000000008	0.0169734	-0.104158505	-0.1609101777	-0.0113060151	0.0096722127	-0.1512790949	-0.024419756400000003	0.0070412243	-0.029393279100000006	-0.015540523600000003	0.0777506975	-0.1148500742	-0.0742926279	0.0005569845	0.007490536	-0.0246186038	-0.1031336474	0.0214022239	0.10737543210000004	-0.1446090019	0.0265659844	-0.0223211971	0.0848416625	0.09184735470000001	-0.0003750718	-0.057631958	-0.0094822396	0.021461912000000003	0.011894043500000001	0.021484661699999998	-0.0339013637	0.0137845252	0.1534810517	0.0842983242	0.0376264828	-0.030087219199999998	0.0477954653	0.0386740119	-0.049047009	-0.0224501451	-0.0720651626	0.08769504859999999	-0.1350673369	0.0059756463	-0.0228438322	-0.0700746357	-0.0249977319	0.0181158191	-0.17335708219999998	-0.049520830300000006	-0.0324922036	-0.0632804663	-0.0048055397	0.0712019838	0.0074090123	-0.0690118958	-0.0531798051	0.045838150999999994	0.0797268383	0.005035345300000001	-0.0831116923	-0.0592488093	-0.0638719805	-0.0865203558	-0.10370687279999999	-0.0034193917999999998	0.0852171593	0.152316423	-0.0575114616	-0.0345511117	0.0630578187	0.055120948499999996	0.0040586929	-0.0783869529	-0.0455964991	-0.029356958500000002	0.0111029999	-0.007794724	-0.031631957599999996	-0.0029855635	0.1093857568	0.0789413925	-0.0173334729	0.0367292462	-0.054078477300000004	-0.0834694584	-0.022660738599999997	-0.1363941423	0.0790057756	-0.0217968758	-0.0346502069	-0.0509060468	-0.0309408348	-0.105925904	0.0029899314	0.06618131969999999	-0.0402045678	-0.0603007696	0.0596177904	0.1591285569	0.060562542000000004	0.0082911843	-0.0042747087	-0.0282748894	0.1141165034	-0.07472722679999999	0.0632822794	0.0171005893	-0.0070261232	-0.0696773493	0.0670187141	-0.1562368208	-0.092292674	0.0413932844	0.023739897000000003	-0.0807097071	0.0	0.0	0.0	0.0	0.0	0.0	0.0	-0.00871884	-0.00284184	8.0760545856e-06	7.60181709456e-05	-0.00189997	0.01554233	0.0002415640218289	3.6098860009e-06	-0.00563413	-0.00218889	3.17434208569e-05	4.7912394321000006e-06	-0.00108979	-0.00011223999999999978	1.1876422441e-06	1.2597817599999951e-08	0.00068319	-8.760000000000007e-05	4.667485761e-07	7.673760000000013e-09	0.00144262	-1.060000000000015e-05	2.0811524644e-06	1.1236000000000317e-10	0.0	0.0	0.0
512.1890948173217	0.2580515019506606	0.0665905776589918	262337.6688497873	647.6726074725016	0.4170397784423585	0.17392217680325148	419479.80647022906	455.6941843110701	-0.4451139059274851	0.19812638925002207	207657.18961493156	455.5165524026036	581.5687430866678	0.914235	26.251579	0.07498203	0.0337699	-0.0871753361	-0.14471605769999998	0.0057331756	-0.0053520231000000005	-0.1485503883	-0.0459584161	0.0099129533	0.011940809299999999	-0.013922117900000001	0.0869050099	-0.0325142701	-0.07958106690000001	0.0505687872	0.0154600524	0.0384851231	-0.1001099121	9.022690000000001e-05	0.0627909801	-0.0917388844	0.0848553337	0.0017961563	0.026959469700000002	0.0194507758	-0.042698999800000005	-0.0180650621	-0.0019414879	0.030826011099999998	0.08546351349999999	-0.0041499922	-0.010865086000000001	0.09513589210000001	0.04208107269999999	0.12483802570000001	-0.007618300400000002	-0.0464294692	-0.0126793161	0.0579994202	-0.049194763499999995	-0.0667517905	0.0400718588	0.1745584922	-0.0089401446	0.04951392190000002	0.0658065188	0.025897671	-0.021278831800000002	0.1345788868	0.1009793164	0.032834828999999996	-0.0137657183	0.109253713	-0.0304674843	-0.032855079700000005	-0.06714915240000001	0.0355435862	-0.08730464439999999	0.09404352029999999	0.033886538	0.0614725625	-0.08797548570000001	-0.1603145991	-0.1618785325	-0.021593906200000002	-0.1003572474	0.0092651525	0.060054911900000015	0.0847136821	-0.087322749	-0.0392887998	0.0348964113	0.0182276418	-0.0642228507	-0.0221675216	-0.0259497694	-0.06743786339999999	0.0671523327	-0.013223188899999998	-0.0070601119	0.0784194294	-0.004191505900000001	0.09074513529999999	-0.061292493499999996	0.012487395900000002	-0.0875185884	-0.035637464300000005	-0.08874166689999999	-0.0734592712	0.0132555498	0.08998562210000001	-0.0557297239	-0.09178674519999999	0.0320133305	-0.0131019301	0.0247111342	-0.0224036951	0.0019495845999999999	0.1426163972	-0.1266057364	-0.0023605664000000003	-0.0092385223	0.09141982929999999	-0.0047454216	0.1626145104	0.0066589264	-0.06257932719999999	0.1060438135	0.0093018678	0.0362453854	-0.1782206537	0.0475118388	0.0110416705	-0.09349430369999999	0.0453993113	0.0173280926	-0.0744705708	0.0	0.0	0.0	0.0	0.0	0.0	0.0	-0.0193963	-0.010677459999999998	0.00011400815205159995	0.00037621645368999987	-0.0268638	-0.02496383	0.0006231928082688997	0.0007216637504399997	0.00599406	0.01162819	3.59287552836e-05	0.0001352148026761	-0.00125202	-0.00016222999999999994	1.5675540804e-06	2.631857289999999e-08	0.0008367810000000001	0.00015359100000000012	7.00202441961e-07	2.3590195281000038e-08	0.00168105	0.00023843	2.8259291025e-06	5.684886489999999e-08	0.0	0.0	0.0
511.57583793407485	-0.6132568832468337	0.3760840048496206	261709.83795795086	643.3708652412543	-4.301742231247316	18.504986224096648	413926.0702412801	454.9513928982302	-0.7427914128398925	0.5517390829886836	206980.76990003986	454.7157740958953	577.5713620234252	1.004	28.82913	0.060982359999999985	0.0266523	-0.09361606830000001	-0.09194732380000001	-0.0340094651	0.010273672	-0.1173720145	0.0143091749	0.027674197299999998	0.0516006387	-0.06496034070000001	0.0104558455	0.0056207886	-0.0775280143	0.0133427999	-0.0253038565	0.0001254781	-0.0908729826	-0.0012203891000000001	0.06866969469999999	-0.08670722300000001	-0.0136749578	0.005706544	0.0486557843	0.0579515311	-0.12826921119999998	-0.0548968795	-0.039797248199999996	-0.0672183985	-0.0191551992	0.0210031177	-0.1407127812	0.0902678922	0.1391199268	0.1309930632	0.030524827400000006	0.0156529249	0.0138423392	-0.0179895371	-0.0907974059	0.0147383431	-0.0038049315000000003	0.0727517809	-0.0334482223	-0.0024930942	0.04180128	-0.049453888700000004	-0.0590301666	0.0161432812	-0.0256258869	0.09839429470000001	-0.0742172924	-0.0535476829	-0.0572514222	0.0502987772	0.064936338	-0.1692591491	0.0307133962	0.14909133089999999	-0.0943349889	-0.055255902999999995	-0.051521026100000006	0.0346285494	-0.0343525987	0.0285155694	-0.0912676608	0.0246160929	0.048662460899999996	0.1197455184	0.0059153672	-0.0079515978	0.0246958121	0.0195277164	-0.0866145141	-0.0543355876	-0.1178988386	0.0694598977	0.02182791	0.0035996447999999998	-0.08884828869999999	0.08863157880000001	0.0708393519	0.1259178709	-0.0175976312	0.11437278619999999	-0.0613309295	-0.016157693799999998	-0.0347238167	-0.1275431356	-0.018350816699999998	0.0304691389	-0.0083953454	-0.036778363599999996	0.044369019100000004	-0.0229489093	-0.0319535242	0.0054740118	0.040525961299999996	-0.0121139947	-0.10320511630000001	0.1091239323	0.0794735388	-0.0092722816	-0.0776078154	-0.0095122723	0.1544651666	0.0443728528	0.08449780539999999	0.0152669881	0.0754626696	0.0550751451	0.18825974190000005	0.041185887000000004	-0.0946603359	0.0493362025	0.010856925	-0.0677779816	0.0	0.0	0.0	0.0	0.0	0.0	0.0	-0.014203899999999997	0.0051924	2.696101776e-05	0.00020175077520999995	-0.0120738	0.014789999999999998	0.00021874409999999992	0.00014577664643999994	-0.0056349	-0.01162896	3.175209801e-05	0.00013523271068160002	-0.0010629	0.00018911999999999987	1.1297564100000002e-06	3.576637439999995e-08	0.000584631	-0.0002521500000000001	3.41793406161e-07	6.357962250000006e-08	0.0015349	-0.00014614999999999984	2.3559180099999997e-06	2.1359822499999952e-08	0.0	0.0	0.0
511.22190713450965	-0.35393079956520523	0.12526701088086548	261347.8383342452	642.2166191681158	-1.154246073138438	1.3322839973555043	412442.1859357247	453.5701848812388	-1.3812080169914225	1.9077355862013776	205725.91261320113	453.32140022692334	582.1888652003348	1.020379	29.299438	0.08679225999999997	0.0391421	-0.0311028349	-0.0410944023	-0.0659978871	-0.0337622956	-0.1370487728	0.0744741949	0.018915557700000002	0.1951793775	-0.033445899	-0.1306231809	-0.055273776399999995	-0.0867471869	0.016938588799999998	-0.0812751786	-0.0856405622	-0.0734041475	0.07065543769999999	-0.030145537099999998	-0.10888398810000001	-0.1280969407	0.036758390499999995	-0.0304919113	0.0632296205	-0.006567145	-0.0853946286	-0.1105549778	0.0572377497	0.0764261857	0.0508191754	0.17230478359999998	-0.0508080941	-0.0041601169	0.0960325667	0.07965822480000001	-0.0609377183	-0.101472806	0.0642845281	-0.0051443635	-0.020845311000000002	-0.0305770883	0.0381568692	-0.0052934246	0.0252773921	-0.0248425054	0.2509279856	0.008996367	-0.0590779619	0.0610355469	-0.0179496954	0.051009344299999995	-0.025754658599999997	-0.1186376424	0.1011817894	0.10841851300000001	-0.0224090423	0.1549248787	-0.0753380551	-0.0024709987	0.0141922627	0.1380525913	0.0410035951	0.0941724541	-0.059176634699999994	-0.073703638	-0.043198269299999995	-0.031579966699999996	0.1494356	0.0651067416	0.08963429460000001	-0.0736619832	0.044142588899999995	0.0410953519	-0.0622299779	-0.09858998599999999	-0.0692033749	0.0760991925	-0.053453456100000005	0.1253604092	-0.11538775720000001	-0.07308736730000001	0.0736679616	-0.1306758469	-0.0129400125	-0.114987109	0.0005977829	0.0035718402000000002	0.0205923012	0.0169889417	-0.0019164535	0.039840254900000004	-0.1188475054	0.0674636522	0.14731378679999999	-0.0259582624	0.0799108959	0.0876421395	0.1459230517	0.052802749100000004	0.0364070653	0.0652078296	-0.0444334958	0.0079819825	-0.10422731539999999	-0.08359327009999999	0.1482388571	-0.13145358	0.0448933917	0.0170118337	0.025108592000000002	0.0001183708	-0.0688160805	-0.0957903267	0.053197962800000005	0.0043485634	-0.0606726909	0.0	0.0	0.0	0.0	0.0	0.0	0.0	-0.0212393	-0.007035400000000001	4.949685316000001e-05	0.00045110786449	-0.043030300000000014	-0.030956500000000012	0.0009583048922500004	0.0018516067180900009	0.007444209999999999	0.013079109999999998	5.5416262524099985e-05	0.00017106311839209994	-0.000924849	0.00013805100000000017	8.553456728009998e-07	1.905807860100004e-08	0.000888625	0.00030399400000000003	7.89654390625e-07	9.2412352036e-08	0.00180728	0.00027238	3.266260998400001e-06	7.419086440000001e-08	0.0	0.0	0.0
512.343884181895	1.1219770473853146	1.2588324948594685	262496.255658591	643.9297908778967	1.7131717097809087	2.9349573071936423	414645.5755800518	454.75473896326935	1.184554082030559	1.4031683732552596	206801.87260955124	454.58247169231214	591.9404026206272	1.027589	29.506474	0.05208218000000001	0.0304564	0.0251537659	-0.0151404597	-0.125730134	-0.09296359960000004	-0.0809654755	0.1257306914	0.0005549161000000001	-0.0335221523	-0.043800579000000006	-0.09064839699999999	0.0629489399	-0.0656375216	-0.0817566251	-0.0194292709	-0.12175916960000001	-0.099925888	0.006908831099999999	-0.1146749782	-0.0822025301	-0.1302077742	-0.0007761175	0.1199597657	0.06969325950000001	-0.0752214365	-0.0321768732	-0.0312257942	-0.11210920369999999	-0.052058491	0.025248283599999997	-0.032664997599999995	-0.0177797994	-0.0540282449	-0.009752798299999999	-0.0367314974	0.0168168289	0.08589718980000001	-0.029613501	-0.0450894368	-0.0847514554	-0.0805986343	-0.0330414309	0.014914709699999999	0.016572538	-0.0379112631	0.0672858708	-0.03285467	0.0290801248	-0.0553150867	0.1485348399	-0.005044213400000001	0.021137858199999998	-0.0562852502	-0.0826506967	0.0431328291	0.1702986343	0.1012201543	-0.0388124935	0.04461949269999999	-0.10926587789999999	0.052388992	-0.031511823	-0.12457757789999999	-0.0604242541	-0.09986569769999999	0.0170058071	-0.1164385236	0.09824659179999999	0.0952124885	0.0356693441	0.030071489	0.0578729706	-0.0129388119	-0.0220185079	-0.137749517	0.1395880907	-0.0063476351	0.0147816482	0.007726170999999999	0.0016316498	-0.058082332199999996	-0.0518080331	0.0755827692	0.005345186700000001	0.024211220800000002	-0.018007160600000002	-0.0436853929	-0.0466001692	0.06855473690000001	-0.0769037952	-0.0174687156	0.0021287294	0.009070900600000001	0.0770038208	-0.0061335285	0.042263941500000006	-0.0035426916	-0.1020475307	-0.1326261021	-0.0027667672	-0.0106284531	0.0705825558	0.1114713465	0.0166971593	-0.0533277957	0.1382501038	-0.1118128	-0.0678383989	0.0956954392	-0.0388079356	0.0033633444	-0.0102348861	-0.0968838458	0.0569787115	-0.0021746957	-0.053197962800000005	0.0	0.0	0.0	0.0	0.0	0.0	0.0	-0.0211947	4.459999999999881e-05	1.989159999999893e-09	0.00044921530808999995	-0.016767700000000003	0.026262600000000004	0.0006897241587600003	0.0002811557632900001	0.00646093	-0.000983279999999999	4.174361646490001e-05	9.668395583999977e-07	-0.00125202	-0.00032717099999999996	1.5675540804e-06	1.0704086324100002e-07	0.000981958	9.333300000000002e-05	9.64241513764e-07	8.711048889000005e-09	0.0017319499999999995	-7.533000000000062e-05	2.999650802499998e-06	5.674608900000094e-09	0.0	0.0	0.0
511.9964120189799	-0.3474721629150963	0.12073690400089525	262140.325920309	643.8476909805541	-0.08209989734257306	0.006740393143661034	414539.8491809911	454.4340892690486	-0.32064969422071954	0.10281622640384094	206510.3414897897	454.2102367496626	584.2756330104697	1.01479	29.13896	0.05974377	0.0359827	0.016558996200000002	0.0553547393	-0.1081091022	-0.1205545054	-0.0404620607	0.1475985451	-0.043634510999999994	0.0687020537	0.109794012	-0.07362467290000001	-0.0431993691	0.031767225	-0.0404927198	0.1662341794	-0.0671939021	-0.101507389	0.0267667845	-0.1590782717	-0.09368265710000001	-0.0439826223	-0.0446805313	0.1164452119	0.0645345596	0.0573995557	-0.018001876	-0.0379110686	0.0566807047	-0.1128001842	-0.016438115	-0.030423423999999998	0.030940640800000002	-0.0996823423	-0.0251913692	0.0132331271	0.017728631499999998	0.10449438039999999	0.12080256880000001	-0.061448157999999996	0.0305133816	0.0444951554	0.0690588977	0.0562870103	0.1396907558	0.1219802634	-0.0005632337	-0.0309955226	0.06584114370000001	-0.035435552200000005	0.06442783980000001	-0.06941882860000001	-0.027238437200000003	0.0609847333	0.0327884889	-0.0776337903	-0.07926520690000001	-0.0733126026	0.0154619792	-0.1699797086	0.0855159966	0.0757034644	-0.0099563076	0.1581103626	0.0883398001	-0.1012410428	0.0002935743	-0.14887392160000001	0.0792789045	0.023229841600000002	-0.0221103173	0.054420118499999996	0.0698720141	0.1251424399	-0.0377063739	-0.0741627393	-0.0287107614	-0.047196757400000004	0.0660937523	0.0050722996999999995	0.0556864311	0.0079404577	-0.1179372343	-0.036148249199999996	-0.0174935826	0.0327327365	-0.11899979710000001	0.057615243	-0.0473362775	-0.0522640325	0.047695056	-0.058496293899999996	-0.047699596799999994	0.184720892	-0.025708057000000003	-0.0580588036	-0.07424319089999999	-0.0343446715	-0.022899139500000002	-0.0939356974	0.05828762360000001	0.0095719379	0.0540684117	-0.0676916562	0.0152495997	0.010339323000000001	-0.06272850099999999	0.16783436010000002	0.0070582308	0.053357875	0.0679665124	-0.2615178503	0.0379393964	-0.0979404768	0.0606726909	-0.008690504699999999	-0.0453993113	0.0	0.0	0.0	0.0	0.0	0.0	0.0	-0.0261026	-0.0049079	2.408748241e-05	0.0006813457267599999	-0.0498202	-0.0330525	0.00109246775625	0.0024820523280400003	-0.00564634	-0.01210727	3.1881155395599995e-05	0.00014658598685289998	-0.00132615	-7.412999999999994e-05	1.7586738224999996e-06	5.4952568999999915e-09	0.00103775	5.579200000000004e-05	1.0769250625e-06	3.112747264000004e-09	0.00179555	6.360000000000046e-05	3.2239998025e-06	4.044960000000058e-09	0.0	0.0	0.0
512.2441841810491	0.2477721620692819	0.06139104429648649	262394.1042273086	643.4959002301782	-0.3517907503759261	0.12375673205005715	414086.9736130475	454.59557924147606	0.16148997242743235	0.02607901119461286	206657.14066589315	454.3920605505097	587.2742011431018	1.005103	28.86079	0.062067140000000014	0.0425215	0.0389238919	0.0799333052	-0.10015479699999999	-0.1354280248	0.0301772748	0.1421363412	-0.0484600445	-0.0595719034	-0.05218079230000002	-0.093807509	-0.0117810272	-0.035553223599999996	-0.0365785544	0.16392631900000001	-0.0297632587	-0.1097014524	0.0368664029	-0.1781825645	-0.013718811599999998	-0.0723020686	0.0277062842	0.1262287383	0.013577436799999999	-0.1511692509	-0.0588576325	0.0525622027	0.16958335170000002	-0.0506816115	-0.1484736047	-0.0524030355	-0.0094290504	0.0859472652	-0.0837817138	-0.0316352897	-0.045536859400000004	-0.09804121869999999	-0.0698568494	0.1210055291	0.0810060002	-0.0688857598	-0.0288995647	-0.0274882458	0.0866551082	0.11003522539999999	0.021862778599999997	0.0018193247	0.0342932192	0.1097737826	-0.0038335339	0.053625728	0.0610470299	0.16820326859999998	-0.0719923407	0.1197694891	0.0179899263	0.0418245232	-0.08353519849999999	0.08857548119999999	-0.08683175539999999	-0.0205965893	-0.0568219485	-0.0297641073	0.10926812220000001	-0.1095697924	-0.0206923608	-0.1852239909	0.017901704299999998	0.0751811124	0.037195036800000005	0.0776507776	0.0019234976000000001	-0.0852939873	-0.1039629399	-0.1262311044	-0.1569666629	-0.1117103307	0.1077638316	-0.11082361269999999	-0.0353696894	0.0986209125	0.0093523015	0.07073886160000001	-0.047479588200000006	0.0128379262	0.1292640564	0.0698943334	0.10982106330000001	0.0571194525	0.0368069219	0.0405554393	-0.08289329690000001	0.0806925372	-0.0399917671	-0.0137985554	-0.0032892156	-0.0745993026	0.0236300699	-0.0713651785	-0.1380221916	-0.1270921123	-0.1430049837	-0.0396883045	-0.01347473	-0.0686949896	0.0214165314	-0.0640624867	-0.10459526400000001	-0.0521660559	-0.11848412859999999	0.021185479500000003	0.1317794056	-0.0989598175	0.0642742758	-0.015176541399999997	-0.0373242223	0.0	0.0	0.0	0.0	0.0	0.0	0.0	-0.0259598	0.00014279999999999848	2.0391839999999567e-08	0.00067391121604	-0.00960275	0.04021745	0.0016174432845025002	9.22128075625e-05	-0.0019177	0.00372864	3.6775732900000005e-06	1.3902756249599998e-05	-0.00118696	0.00013918999999999995	1.4088740415999995e-06	1.9373856099999997e-08	0.000887465	-0.000150285	7.875941262250002e-07	2.2585581225e-08	0.00186564	7.009000000000008e-05	3.4806126096e-06	4.9126081000000114e-09	0.0	0.0	0.0
509.9140811928247	-2.3301029882244397	5.429379935732461	260012.37019872267	640.852006535151	-2.643893695027259	6.9901738706048935	410691.2942801292	452.7299373420058	-1.8656418994702333	3.4806196970589007	204964.39616569653	452.60453835071036	581.5964245170579	1.073972	30.838318	0.0980511	0.063159	0.028293046000000002	0.1334823302	-0.022181727000000002	-0.1518474742	0.0996938938	0.1057999298	-0.0154745708	0.0827972756	0.16861671820000002	0.0680302042	0.0441702233	-0.18772869949999998	0.0194089694	0.2234091797	-0.08683740849999999	-0.0839448577	0.0883762451	-0.17362228429999998	0.0012462094	-0.0499807049	-0.012453666799999999	0.03914027	-0.0054771184	0.0596405742	-0.0653536693	-0.0881860673	0.0014484923000000001	0.045866432	-0.0879188452	0.0768189342	-0.09201167730000001	0.0757358244	0.0079521863	-0.005349674699999999	0.0688625479	-0.08462506800000001	0.1377703933	-0.12596586529999998	-0.0043372636	0.0648115234	-0.1087155794	0.0771050227	-0.0013704957999999998	-0.018132216200000002	-0.1646925746	-0.0581405281	0.0186735204	-0.1918207948	0.1058087008	0.1014292809	0.1522315655	0.0077979743000000015	0.0007353819	0.082249059	-0.002610681	-0.0233087767	-0.0381404331	0.10247417130000001	-0.11281608720000001	0.0506912672	0.147291703	-0.0095298805	0.0873806158	-0.0837418869	-0.0752953174	-0.1719670761	-0.0106825219	0.0597844492	0.0053411664	0.0163871275	-0.028136914500000002	0.10831564519999999	-0.0407626683	-0.029171544599999998	-0.061075450499999996	0.1094406472	0.0415588783	-0.031933121	-0.1030520251	-0.0193093006	0.0304128085	-0.0586583156	0.0306947574	-0.0916800384	-0.1068608734	-0.0865017864	0.06163369	-0.1459850153	-0.18000096219999998	-0.0691357336	0.128552563	-0.0010238886	-0.1416739583	-0.023437204399999998	0.1207500569	-0.0051478631	-0.08852607	-0.1221102729	0.0035352815999999997	-0.0876587858	-0.0024667013	0.0360545821	-0.145740701	-0.0179376596	-0.0902974184	-0.1346406157	-0.030567235	-0.0545375622	0.0483031488	0.0337791005	0.048724407000000004	-0.0999414797	0.0677779816	-0.021610585699999997	-0.0290218654	0.0	0.0	0.0	0.0	0.0	0.0	0.0	-0.032719200000000004	-0.006759400000000002	4.568948836000003e-05	0.0010705460486400004	-0.0581781	-0.04857535	0.0023595646276225	0.0033846913196099995	0.0375778	0.039495499999999996	0.0014120910528399998	0.0015598945202500002	-0.0011966600000000006	-9.700000000000724e-06	1.4319951556000016e-06	9.409000000001406e-11	0.000833938	-5.352700000000005e-05	6.954525878439999e-07	2.865139729000005e-09	0.00186683	1.1900000000000886e-06	3.485054248900001e-06	1.4161000000002106e-12	0.0	0.0	0.0
512.9221634894269	3.0080822966021965	9.048559103131547	263089.14579867444	646.405868381636	5.553861846485006	30.84538140984184	417840.5466782169	454.07375324444007	1.3438159024342442	1.8058411796351612	206182.97338549266	453.8747754881804	589.6669026839106	1.097295	31.508011	0.09753144	0.06734560000000002	0.07587065650000001	0.10046176470000001	0.06917080219999999	-0.18483156539999998	0.1222155826	0.0410599825	-0.1236213621	0.032073605	-0.048344995599999996	-0.01080211	-0.1031173183	-0.132878528	-0.0884210929	0.0898149085	0.0227391863	-0.11452629460000001	0.1148248265	-0.0989635685	0.0502813106	-0.0820483841	0.0659515009	-0.1362220593	-0.0075303689	0.0236842951	-0.1027119224	0.0204414383	0.2058576202	-0.0432499529	0.0428811012	-0.043885315700000004	-0.0791871354	0.0713668162	-0.0172663568	-0.0434471605	0.013926173500000001	0.042118955599999994	0.0045815088	-0.10312836759999999	-0.0740919458	-0.049742813399999995	0.0584836379	0.105050695	-0.07369279690000001	0.0512879517	-0.1231415229	0.1065846871	0.0317413122	-0.018341546	0.0824835793	0.0197349224	0.0827213725	-0.0071590886	0.0305781823	-0.026669897	0.0310690067	-0.16952578510000002	-0.0417087298	-0.0864053475	-0.0814168874	0.0506191784	0.07900743610000001	0.09302809949999999	-0.022477835	-0.1142329793	-0.1285288335	-0.0786274028	-0.0718345099	0.033240355299999996	0.1376593623	-0.11802683929999999	-0.054928089000000006	0.057522336500000014	-0.1569524318	0.0153752298	-0.1490256528	-0.0941021329	-0.0118155898	-0.0178002945	-0.013410010600000001	0.0204727327	-0.0492416537	0.0714435776	0.0347369754	-0.027259052599999996	-0.0602195725	-0.0989780909	-0.1046371612	0.0131433081	-0.0788807253	-0.09627138730000001	0.0971529426	-0.007683284499999998	-0.0641445147	0.066641856	-0.046548985300000005	0.044641646900000005	0.021518804500000002	-0.1085932618	-0.0748496544	0.0057854117000000005	0.0170251501	0.087322312	-0.08914549810000001	-0.118513736	-0.0897705003	0.0524797012	0.0188369545	0.0468376428	0.0907324041	0.1387129125	0.0679522307	-0.10088508970000001	0.0711784728	-0.0279705958	-0.0205427938	0.0	0.0	0.0	0.0	0.0	0.0	0.0	-0.02942	0.0032992000000000056	1.0884720640000037e-05	0.0008655363999999999	0.00690144	0.06507953999999999	0.004235346526611599	4.76298740736e-05	0.0419526	0.004374799999999997	0.00176002064676	1.9138875039999985e-05	-0.00159478	-0.00039811999999999937	2.5433232484e-06	1.5849953439999953e-07	0.0008746060000000001	4.0668000000000106e-05	7.649356552360001e-07	1.6538862240000085e-09	0.0019236	5.6770000000000034e-05	3.70023696e-06	3.2228329000000048e-09	0.0	0.0	0.0
513.2603905792587	0.33822708983177563	0.11439756429607202	263436.2285375732	646.496663019747	0.09079463811099232	0.008243666309706058	417957.93529566826	453.45230302699326	-0.6214502174468066	0.3862003727646832	205618.99112048413	453.3537809282276	600.1945571717462	1.051769	30.200766	0.08229096000000001	0.0470245	0.1362435717	0.0563905404	0.13513650300000002	-0.127722545	0.1079109102	-0.07242167349999999	-0.1129258531	0.1121543137	0.016364136	-0.0322748976	0.1652159772	-0.045144924100000004	-0.08938244449999999	-0.0050728858	0.0103208967	-0.11078344080000001	0.1265143093	-0.0877861842	0.089434057	-0.1519714096	0.1068065049	-0.0873582948	0.08647203029999999	0.0191951995	-0.0946584183	-0.22647001739999997	0.1123683427	0.028393728599999998	0.0748804153	0.10199118039999999	0.025747554199999998	-0.02391478	-0.0004727728	-0.0516530812	0.0815111998	0.0328993355	-0.1051588106	0.0097336538	0.0366869927	0.0480956815	-0.07032592139999999	0.008219554300000001	0.1290558291	-0.0960906232	0.08986183810000001	-0.0194753588	0.17153679239999994	-0.0548493462	-0.0505794457	-0.0272991442	-0.0097132565	0.0024696097	-0.1321303338	-0.0591831576	0.0071539295	-0.034704496800000005	0.1028188071	-0.0375160754	0.0424217588	0.0268609918	-0.0977655101	0.07883537809999999	0.034065244	-0.1103099463	-0.1487407812	-0.034926733	-0.0906913231	0.07797982490000001	0.1852713246	-0.1110278995	0.0438414289	0.14475837119999999	-0.0564588247	-0.1805361846	-0.0852574407	0.0592250789	-0.0621399281	0.14276206789999998	0.0251224939	-0.0370574045	0.037557765800000004	0.021052701200000003	0.045922538	0.11458151300000001	0.0590731246	-0.0691636235	0.08429301759999999	-0.0330953877	-0.0721626083	0.0203860956	-0.045481558	0.0193705087	0.0619777022	0.0186391727	0.0093262482	-0.19451304390000002	-0.0005902803	0.0353392034	0.0071320492000000015	-0.018309829	0.14960361460000002	-0.0154334736	0.0579012349	0.076049088	0.0067826924	0.1233036156	-0.0848823756	0.030343910800000002	-0.0275532298	-0.0722452303	-0.0220311563	-0.1017902883	0.0744705708	-0.0342347832	-0.011938636599999998	0.0	0.0	0.0	0.0	0.0	0.0	0.0	-0.0252042	0.0042158	1.7772969639999988e-05	0.00063525169764	-0.00115051	-0.00805195	6.48338988025e-05	1.3236732601e-06	0.00801959	-0.03393301	6.43138237681e-05	0.0011514491676601	-0.00107374	0.0005210400000000002	1.1529175875999998e-06	2.7148268160000016e-07	0.00103775	0.00016314399999999994	1.0769250625e-06	2.661596473599998e-08	0.00188598	-3.762000000000015e-05	3.5569205604e-06	1.4152644000000108e-09	0.0	0.0	0.0
514.4913129771151	1.230922397856375	1.515169949544488	264701.3111289157	645.5756360551803	-0.9210269645666358	0.8482906694588309	416767.9018680506	454.561802618882	1.1094995918887207	1.230989344401238	206626.43240012747	454.4298915845429	610.6908661037908	1.047964	30.091505	0.08491767999999998	0.0431874	0.1883653166	0.047990812800000004	0.1170782424	-0.0677857786	0.0892915093	-0.1104148605	-0.09365747460000001	-0.0115268701	0.0416100371	-0.1581840834	-0.08638936	0.0544102188	-0.0945147034	0.022264663900000002	0.04316061	-0.1355564802	0.050467039400000004	-0.11842927310000001	0.056095730700000006	-0.0223461756	0.0872207182	-0.0625620238	-0.013341916	0.0060210739	0.0940005071	-0.1389798532	0.2053621327	0.1152986429	0.0048192864	-0.052909991399999995	0.0953865021	-0.0850340789	-0.1279990368	0.0481473084	0.036888814	-0.1719265009	0.0074483948	0.010652007	0.0376979186	-0.166026681	-0.15153654619999998	0.0158381975	-0.11254896369999999	-0.1028459515	0.06434322070000001	0.0896075347	-0.12596744210000002	-0.0236269875	0.0051507317	-0.1351355637	-0.16255371970000002	0.024397563799999997	0.18033922870000002	0.013545878600000002	0.0548039292	0.0246280092	0.0691475357	0.0637958612	0.17609390670000002	0.0379426489	-0.1158542414	0.0041310301	0.0351857346	-0.1350044227	-0.0712528944	-0.049670177	-0.1033978818	-0.006747030699999999	0.0925229274	-0.06080028110000001	-0.008279455699999999	0.0571719766	0.0866668632	-0.1115517716	-0.2409816227	-0.0059516770999999994	-0.10785052349999999	-0.025932698900000002	0.0549475626	0.0018743044	-0.0720526028	0.0835960477	0.0040710389	-0.0978346703	0.0617303017	0.2195529875	0.1523548815	0.024698804700000004	-0.1338482073	0.0846656999	-3.29924e-05	-0.036967177000000004	0.1517627609	0.062433680199999994	-0.036196969	0.1592847038	-0.09039677460000001	0.10522988960000004	0.1768440563	0.09573162449999999	-0.0841357331	0.0321825799	0.08927598369999999	0.0063113203	-0.028828745099999997	-0.0172390448	0.13636900529999998	-0.0323399241	-0.14121378	-0.1620703383	0.0169165255	-0.10265673060000001	0.0776492625	-0.0403816879	-0.0032617847999999996	0.0	0.0	0.0	0.0	0.0	0.0	0.0	-0.0314986	-0.006294400000000002	3.961947136000001e-05	0.00099216180196	-0.027803700000000004	-0.026653190000000004	0.0007103925371761003	0.0007730457336900003	-0.021417500000000003	-0.029437090000000006	0.0004587093062500001	0.0008665422676681001	-0.00132408	-0.0002503400000000001	1.7531878464e-06	6.267011560000009e-08	0.00120919	0.00017143999999999992	1.4621404560999996e-06	2.939167359999997e-08	0.0018571	-2.8880000000000225e-05	3.4488204099999984e-06	8.34054400000013e-10	0.0	0.0	0.0
507.291382191589	-7.199930785526076	51.839003316366174	257344.54644585281	640.3464035122464	-5.229232542933914	27.34487298807909	410043.51649106864	449.3739199879744	-5.187882630907608	26.91412619207285	201936.9199653584	449.3638043920717	592.6691211150552	1.223892	35.143166	0.10001515	0.0495201	0.10075960460000001	0.0725558417	0.14065709269999999	-0.026808372799999997	0.1140601201	-0.1080630172	0.0332419922	-0.09319768769999999	0.0570773293	-0.0538945419	0.145703805	-0.1118551318	-0.0906898307	-0.0747577421	-0.1098585929	-0.0538380887	0.0562986434	-0.0444120388	0.1435701559	0.0481601989	0.0155526795	-0.0142041005	0.0668287473	-0.0588953005	0.0188802333	-0.15186910509999998	-0.0302993158	-0.045934033099999994	-0.0197747507	0.059784404900000004	-0.0786990732	-0.0200554952	0.002994965	0.045330721500000004	0.20205117120000002	0.2482026529	-0.206709488	0.08170783870000001	-0.16374475089999999	-0.0390985721	0.1203254774	-0.0701988699	-0.0621308654	0.0288648989	-0.026597705	0.035501105	0.024122902	0.043195509900000005	0.056694067699999996	-0.09295485519999999	-0.0579873322	0.08626015140000001	-0.037624443199999996	0.1211826077	-0.09350011119999999	0.0251840124	-0.1859666653	-0.0064774472999999996	0.06455753269999999	-0.061154283	-0.1219616359	-0.0052647497	0.0914204789	-0.05379702769999999	-0.09026473759999999	0.009724754399999999	-0.1682098662	-0.0095227276	-0.0006041118	-0.0072160101	0.0557707026	0.0333797303	0.0355521967	-0.17719067530000002	0.0438104097	0.05379158480000002	0.0475340731	0.0691061009	-0.1086257098	-0.0049727195	-0.09969889130000001	0.0201478594	0.18642089539999998	0.21072409820000002	-0.0080375151	-0.06931450089999999	-0.1619436145	0.1992996074	0.0682580734	0.0505305303	0.0358941762	-0.030702549300000007	0.0312088479	0.0701786117	-0.14616802980000002	-0.046051007000000005	-0.0310631086	-0.0563101836	0.0474362329	-0.0451605618	-0.0797719184	-0.0503913945	-0.0847197625	-0.006360089100000001	0.1209544293	0.0567444313	0.051336353499999994	-0.028637194900000006	-0.1951314671	0.022929046	0.0578890943	-0.10348408699999999	0.0807097071	-0.0463902516	0.005434928100000001	0.0	0.0	0.0	0.0	0.0	0.0	0.0	-0.0107194	0.0207792	0.0004317751526400001	0.00011490553636	-0.0151636	0.012640100000000005	0.00015977212801000012	0.00022993476496	-0.0206797	0.0007378000000000037	0.00042764999209	5.443488400000055e-07	-0.000597949	0.0007261310000000001	3.57543006601e-07	5.27266229161e-07	0.00103775	-0.00017143999999999992	1.0769250625e-06	2.939167359999997e-08	0.00143751	-0.0004195899999999999	2.0664350001e-06	1.760557680999999e-07	0.0	0.0	0.0
504.79642924357216	-2.4949529480168167	6.224790212817804	254819.4349770608	640.7683677456369	0.4219642333904403	0.17805381426078198	410584.10110340774	447.31141995632277	-2.0625000316516093	4.2539063805628885	200087.50642334172	447.1842846819678	583.2336663614539	1.091791	31.349974	0.05741715	0.0334677	0.0529666857	0.0651186307	0.1313145194	-0.0036705927	0.1162560557	-0.1221593841	0.0305669167	-0.046720984400000005	0.0807449881	-0.0361952412	-0.1122689731	0.017652305400000002	-0.11202017339999999	0.0246258098	-0.013483923200000001	-0.0271288957	0.0739819299	0.025900954599999998	0.1213045128	0.06302113549999999	-0.0971744548	0.1304756739	-0.0262285386	-0.0334843152	0.1395447931	-0.0453295018	-0.0933115836	-0.0323249985	0.043163219100000004	-0.041115751	0.0481358285	0.0604121778	-0.0067597504	-0.0352991531	-0.0735140979	0.0807185008	-0.057428485599999995	-0.0214465047	0.0458165603	0.039945672599999996	-0.1214810456	-0.04951363860000002	-0.1059096055	0.1843669148	-0.0255783742	-0.03775676	-0.0167886429	0.0396271014	0.0035362539	0.0012417412	-0.0499294763	-0.0192941979	-0.1625695984	0.12434946460000001	-0.008535240999999999	0.0181459874	0.0256454724	-0.0487847012	0.1188088658	0.0199721441	-0.0350360398	-0.0918805358	0.0130018723	-0.0266198226	-0.09386013210000001	0.0310324685	-0.08874069970000001	0.017622221	-0.1205822163	0.1229194739	0.022066331800000002	-0.0007242656	0.1241184015	-0.050023114900000006	0.090423642	-0.0878838466	-0.0382079341	-0.0079883577	0.023563633100000002	0.0864060006	0.09000645060000001	0.0730227809	-0.06377397110000001	0.0462532309	0.0276043269	0.0348662905	-0.0406649543	-0.011483872	0.052949042	0.1510323699	0.18298047469999998	0.0445792074	-0.0309636253	-0.0649116296	-0.0094853391	0.0089342693	0.022012184599999998	-0.0590523839	0.0065669398	-0.0523571718	-0.061053984400000004	0.0733988089	0.06007143440000001	0.1662264435	0.09869709289999999	0.0073943716000000005	0.0761881432	0.0175403805	-0.013299670900000001	0.0002958098	0.010575863400000001	-0.1042720423	0.0836472442	-0.0522398899	0.0140985475	0.0	0.0	0.0	0.0	0.0	0.0	0.0	-0.020978	-0.0102586	0.00010523887396	0.000440076484	-0.0149741	0.00018949999999999867	3.5910249999999506e-08	0.00022422367081	-0.0344942	-0.013814499999999995	0.0011898498336399995	0.00019084041024999991	-0.0011826600000000005	-0.0005847110000000006	1.3986846756000013e-06	3.4188695352100066e-07	0.00103775	0.0	1.0769250625e-06	0.0	0.00135913	-7.837999999999987e-05	1.8472343569e-06	6.143424399999977e-09	0.0	0.0	0.0
505.4401394766462	0.6437102330740458	0.4143628641642425	255469.7345941716	643.8198370322523	3.0514692866154287	9.311464807157275	414503.9825562359	447.6195235330828	0.30810357676006106	0.09492781401234283	200363.2378479841	447.5520740691975	581.536111630264	1.0252059999999998	29.438055	0.07465644999999999	0.043369300000000006	0.021951128700000003	0.0061577176	0.145687971	0.0245771152	0.05252805	-0.1482404524	-0.023283898100000002	-0.0787555555	-0.0325438613	-0.047581400499999996	0.012334366299999998	0.0441517783	-0.0200249757	-0.026285521699999998	-0.10495633289999999	-0.0400688215	0.0276683711	0.1166125427	0.1458604959	0.150557907	0.0335064369	0.0705083853	-0.0682263596	-0.1330189673	0.0619348428	-0.19044371489999998	-0.056104807300000004	0.0645127403	0.1060641068	-0.0602446011	-0.06666066080000001	0.0016192053	-0.0526217154	-0.1559794276	-0.2076596556	0.0044853987	-0.0003765648	-0.0109741425	0.023001280699999998	0.0881170276	-0.0458334184	0.0227350423	-0.058951787699999994	0.1175968892	-0.0588715474	0.0349039396	-0.1096876716	0.004740782	0.0436224438	-0.026974598500000002	0.1767679243	-0.0004657874	0.1038805186	0.0672948169	0.1256108003	0.0096931819	0.0289506504	0.0727977746	0.1536773325	0.0592961213	0.1650634369	0.0334656548	0.0767852818	-0.039614774	-0.062377695199999986	0.1147179404	-0.1413283817	-0.0858361042	-0.0430621049	0.12111414720000001	-0.027505129399999998	-0.0603447445	0.1054000794	-0.1575482777	0.083067166	-0.029376148799999998	-0.1504748977	0.022070286600000003	0.0234618042	-0.0119475639	0.0564255443	0.0598661683	-0.2295783125	0.0100606754	-0.001490496	-0.1272057956	0.0125855013	-0.0425704837	0.0470058182	0.011864428	0.0772918986	0.042049022	-0.044502490199999994	-0.0087417113	0.0596114631	0.1677210901	0.07419651990000001	-0.0675427849	0.0156330201	-0.1092124273	-0.14091384869999998	0.062322427199999995	0.0636705815	-0.0665851366	-0.0712393604	-0.1029751616	0.1219652104	-0.0650321628	0.061124707199999996	-0.0775760907	0.11512099099999999	-0.1050202965	0.08645740029999999	-0.057910563	0.0226763207	0.0	0.0	0.0	0.0	0.0	0.0	0.0	-0.0273445	-0.006366500000000001	4.053232225000001e-05	0.00074772168025	0.00563075	0.02060485	0.0004245598435225	3.1705345562500004e-05	-0.0462054	-0.011711200000000005	0.00213493898916	0.00013715220544000009	-0.0005417919999999999	0.0006408680000000006	2.9353857126399987e-07	4.107117934240008e-07	0.00110282	6.506999999999997e-05	1.2162119524e-06	4.234104899999996e-09	0.0013726700000000005	1.354000000000047e-05	1.8842229289000011e-06	1.8333160000001276e-10	0.0	0.0	0.0
502.46492640012514	-2.9752130765210723	8.851892850701983	252471.0022622832	641.9107643490556	-1.909072683196655	3.644558509727676	412049.4293871888	445.36150466278434	-2.2580188702984856	5.098649218624049	198346.86983549927	445.3620217225338	575.9497445628159	1.055842	30.317726	0.10809498999999996	0.0724598	-0.0076726647	0.0017839983999999999	0.11835005	-0.0200350637	0.027799213599999997	-0.14755549869999998	0.022308767	-0.07670916700000001	0.0284568325	-0.041050193799999996	-0.1148595516	0.0394518877	0.0442647779	0.1420953532	-0.09910341980000001	-0.0084872338	0.1117243289	0.0724351437	0.110009244	-0.0106764272	-0.057659961399999994	-0.0049450118	-0.2000102295	-0.20753416940000002	0.0590342041	-0.10625220560000001	-0.0935163873	-0.0082105811	-0.0836235257	0.0891503504	-0.1267925977	-0.0257676797	0.0021817645000000003	-0.0358732935	-0.0185470009	-0.0030694540999999997	0.1429640679	0.0033624503999999996	0.16411989119999998	0.0868276508	-0.0074265002	-0.1168828542	0.1638746877	-0.019282147700000002	-0.0042188647	0.2503896132	0.060730945099999996	0.0254424578	-0.0844992844	-0.049988222	-0.0206063677	0.0030389519	-0.0077825271	-0.0830939998	-0.1612313234	-0.10128686710000001	-0.0659609808	0.0362160415	-0.070408193	-0.0245464317	-0.0307886789	-0.061774616399999996	-0.09622757929999999	-0.0090935966	-0.12155667199999999	0.075934917	-0.054821786500000004	0.08531234130000001	-0.09731376439999999	0.0205321121	-0.19171197199999998	-0.11074077369999999	0.1301615549	-0.141244871	0.054097747	-0.0307792502	-0.0010114925999999999	0.030287874700000002	-0.11313372869999999	-0.014249141100000001	0.045861600700000005	-0.062383900199999995	-0.16157144380000002	0.0706065702	-0.12335476869999999	0.0454120983	0.0644059691	-0.1287906248	-0.0369010513	0.0825564804	-0.1671872117	0.0720759984	-0.1344543275	0.21831506109999999	-0.0734383481	-0.0763368401	0.0717669929	0.09835526230000001	-0.0315075885	0.016837443799999997	0.0793148303	-0.0683525538	-0.1298538096	-0.0067104747	-0.0809003559	0.0131722619	-0.0084089035	-0.0206028682	-0.0465457623	0.19679485100000002	-0.0214844981	-0.10572856480000001	0.0891358961	-0.06338284400000001	0.031116017200000002	0.0	0.0	0.0	0.0	0.0	0.0	0.0	-0.029873	-0.0025284999999999995	6.393312249999998e-06	0.000892396129	0.00343008	-0.0022006700000000005	4.8429484489000015e-06	1.17654488064e-05	-0.00412648	0.04207892	1.70278371904e-05	0.0017706355083664	-0.00159546	-0.001053668	2.5454926116e-06	1.110216254224e-06	0.00103775	-6.506999999999997e-05	1.0769250625e-06	4.234104899999996e-09	0.00147967	0.00010699999999999946	2.1894233089e-06	1.1448999999999883e-08	0.0	0.0	0.0
498.1809933218768	-4.28393307824831	18.35208261891005	248184.3021071719	634.2219204486165	-7.688843900439109	59.11832052531971	402237.4443775312	441.4545812251948	-3.906923437589569	15.264050747186694	194882.14728471212	441.3339687997459	565.7447681673935	1.111042	31.902752000000003	0.07913339999999999	0.0391249	-0.046346467999999995	-0.0184347371	0.0841176649	-0.005873367900000001	0.0018024159	-0.1156506792	0.10159899289999999	0.0312218702	-0.1217680999	-0.0881763901	-0.028419283599999998	-0.09778585210000001	0.1537937333	-0.0098193885	-0.0812828842	0.0536108187	0.14382154949999998	0.1612378451	-0.0458758575	-0.1161331548	-0.1091344775	0.0811189338	-0.1879859952	-0.030631680699999997	0.017101661100000002	-0.0318494522	0.0728757382	-0.060822250599999995	-0.0509455112	-0.0926259154	0.1391614725	0.0949540817	0.043629721600000004	0.1659369225	0.0396844686	0.110609998	-0.1568201368	-0.000161958	0.0506850155	-0.0364149467	-0.24011478320000001	-0.061538135999999986	-0.1255970342	-0.009243400799999999	0.0349988832	0.0025983891	-0.020288959199999998	0.1769777995	-0.047118515	0.0704415051	0.1718523988	-0.1255442396	-0.0316340729	-0.0232410459	0.1308379204	-0.1702601923	-0.0656144085	0.0100664003	0.009225059300000001	-0.0201059345	0.0043437127	0.011924031000000002	-0.1025506386	0.0534043488	-0.13435929970000002	0.107101584	0.13655256300000002	0.0852815647	-0.07562281230000001	0.0509495973	-0.2071624734	0.0682765326	0.024460381200000002	-0.045154538499999994	-0.0052800778000000005	-0.1412291291	0.0365546348	-0.07660944559999999	0.0792853886	0.0850434005	0.0843018049	-0.0772473969	0.10875780800000001	0.1363868855	0.1229699051	0.0778944747	-0.0342641842	0.07390478269999999	-0.0897744832	0.24192600620000002	0.1061336399	-0.1396145756	0.0643127133	-0.0546380033	0.069121887	0.0746478324	0.1732365354	-0.0305886482	-0.14780323880000001	0.011919508200000001	0.043322716799999994	0.1629490825	-0.0103689414	-0.0655511403	-0.12128282439999999	0.008663565600000001	-0.0027569511999999997	0.039086461	0.0214347833	0.046758198099999995	-0.08938556800000001	-0.1063965774	0.0916786526	-0.0686379858	0.0393662476	0.0	0.0	0.0	0.0	0.0	0.0	0.0	-0.0210978	0.008775200000000004	7.700413504000008e-05	0.0004451171648399999	0.0143455	0.01091542	0.0001191463937764	0.00020579337025	0.0270841	0.03121058	0.0007335484728099999	0.0009741003039364	-0.00166444	-6.898000000000017e-05	2.7703605136000004e-06	4.758240400000023e-09	0.000843086	-0.00019466400000000002	7.107940033960002e-07	3.7894072896e-08	0.00117867	-0.00030100000000000005	1.3892629689e-06	9.060100000000003e-08	0.0	0.0	0.0
493.81178024490197	-4.369213076974859	19.090022912008113	243850.07430863933	630.2992073591782	-3.9227130894382753	15.38767798205038	397277.0907976084	437.20825197809984	-4.246329247094933	18.031312074733826	191151.05559774567	437.22293996475787	569.2275677554143	1.137131	32.651897	0.08641489999999999	0.0546721	-0.0058321545	0.0084023998	-0.012390512	-0.0452832492	-0.0194978465	-0.0284122849	0.1667224626	0.051815418099999996	-0.0559263986	-0.124226684	0.0415590004	-0.1434391555	0.058836275300000004	-0.0548694499	0.027559244500000003	0.12103044449999999	0.1054673492	0.012817259099999999	-0.1014799363	-0.21741908010000002	-0.1048376298	0.0875229299	-0.0659890409	0.1268486294	0.037075636	-0.0601477375	-0.0758451762	0.0094956233	0.0663580545	0.0692920651	-0.0511015295	0.0617964354	-0.0131712127	-0.054666657	-0.0409050505	-0.0324102904	-0.0296767963	0.1162746992	-0.114793928	-0.1234995027	-0.0162177886	-0.0783394845	0.011992967700000001	-0.021347183199999998	-0.1118638332	0.0699288766	-0.0740587414	0.11058950990000001	0.0436432367	0.0490058176	-0.006230657	0.0122542551	0.17135403289999998	-0.121017599	0.0199265426	-0.0254397177	0.030708788799999998	-0.013566001000000001	0.0283506635	0.042518909	0.022747143199999997	-0.20413498989999998	0.0290853356	0.1205480925	-0.0690293609	-0.0129961247	0.18285784530000002	0.155220471	-0.024447105099999998	0.0044832921	-0.051994867	0.1747231853	0.0712492569	0.005893380500000001	0.0589931671	-0.0035903525	-0.064291754	0.0702502366	-0.1008943199	0.006886175400000001	0.0566053632	0.0813133384	-0.038277971	-0.0288953196	-0.0036110081	-0.011236593000000001	0.0582444371	0.2229091049	-0.0411988304	-0.0401206071	-0.023256830299999996	-0.0584839958	-0.0831891326	0.046562674000000005	-0.0407016656	0.1319457108	-0.007616446	0.0119643098	-0.0344267875	0.1233267417	-0.063119164	-0.09789130039999999	0.0941464658	-0.0569168545	-0.114311834	-0.0021458254	0.12438674300000001	0.0498895047	0.0327806499	0.0289124449	0.0557419021	-0.1070240801	0.0940817976	-0.0736579852	0.047376776100000004	0.0	0.0	0.0	0.0	0.0	0.0	0.0	-0.0210399	5.7899999999996156e-05	3.352409999999554e-09	0.00044267739200999997	-0.036943300000000005	-0.05128880000000001	0.002630541005440001	0.0013648074148900006	0.0270951	1.0999999999997123e-05	0.0007341444440099997	1.2099999999993672e-10	-0.00153769	0.00012675000000000013	2.3644905361e-06	1.6065562500000034e-08	0.00103775	0.00019466400000000002	1.0769250625e-06	3.7894072896e-08	0.0015584	0.0003797300000000002	2.4286105600000005e-06	1.4419487290000015e-07	0.0	0.0	0.0
495.55249413031333	1.7407138854113102	3.0300848308637387	245572.27443877415	633.8858263983886	3.5866190392104045	12.863836132426565	401811.24090876814	438.8696846454498	1.6614326673499704	2.7603585081376374	192606.60010079652	438.80966442940803	569.8359231871323	1.117119	32.077251000000004	0.15388969	0.08933689999999997	0.009471971800000001	0.056349163	-0.1001531863	-0.004995853	-0.0015643726	0.0739763184	0.09572163759999999	-0.0376801831	-0.059349043399999996	-0.0996011198	0.0495438321	0.02363562	-0.10029682220000001	-0.0125331759	-0.08134178980000001	0.0857204414	0.05990500820000001	-0.021743049900000002	-0.0601027242	-0.078972925	-0.0486235682	0.1000608462	-0.0156164757	-0.1062274983	0.1422976035	0.008739344100000001	0.1031740462	-0.0206776304	0.0349424985	-0.0524272252	-0.1291806495	-0.177655993	-0.0504890303	-0.0055444245	0.0336394699	-0.028413564900000007	-0.029872368399999998	0.12078084130000001	-0.1730640356	0.0001436009	0.019857597299999998	0.08883123529999999	0.0436793672	-0.07659281030000001	-0.0047330029	0.09136123970000001	-0.0590803644	0.0021058834	-0.11065684320000001	-0.0068689031000000005	-0.0692341444	-0.06362223019999999	-0.07436042450000001	-0.0284113985	-0.0267872698	-0.065458148	0.09257688509999999	-0.048026833399999996	-0.05111989980000002	0.0297720501	-0.1313792702	0.0282231713	0.08295206599999999	0.0857479532	-0.0248875871	-0.0473790559	0.11523455210000001	0.0747002903	-0.0391727696	0.0180607633	0.0385713082	-0.0451238158	0.1188286118	-0.0684254328	-0.0668534491	-0.168902363	-0.023460001	-0.0364194109	-0.0373653598	-0.1655778924	-0.1570527376	-0.017622661499999998	-0.0191821675	0.0369585714	-0.0015338129000000002	-0.0380714812	0.0937851125	0.1257363198	-4.4283e-05	-0.0892467218	0.0184123825	0.017188247	0.054153549599999996	0.0476887955	-0.10266272289999999	0.0128231266	0.013064518899999999	0.1600668086	-0.0306493201	0.0398002183	0.0373854357	0.005928485799999999	0.0009153588000000001	0.087491445	0.0143334391	0.10307680300000001	-0.0653238783	0.0959107824	-0.0178221029	-0.0399149956	0.051630446600000005	-0.10761083390000001	0.0963416715	-0.0784256445	0.0550988265	0.0	0.0	0.0	0.0	0.0	0.0	0.0	-0.0210492	-9.30000000000028e-06	8.64900000000052e-11	0.00044306882064	0.00137274	0.03831604	0.0014681189212816005	1.8844151076e-06	-0.0420506	-0.0691457	0.0017682529603599997	0.004781127828490001	-0.000923935	0.000613755	8.536558842249998e-07	3.76695200025e-07	0.0007601119999999999	-0.0002776380000000002	5.777702525439998e-07	7.70828590440001e-08	0.00152142	-3.698000000000004e-05	2.3147188164000004e-06	1.367520400000003e-09	0.0	0.0	0.0
493.8489519042472	-1.7035422260660766	2.902056115990164	243886.78729692343	633.7391699744568	-0.14665642393185865	0.02150810668048104	401625.3355599134	437.1215041941829	-1.7481804512669328	3.0561348901918572	191075.20942898505	437.1759899924716	569.1302541155114	1.0114530000000002	29.043129	0.04823723999999999	0.033069	-0.0087978415	0.0622635267	-0.08691461589999999	-0.0422083715	0.0632894653	0.0947013853	0.0511209904	-0.0734571728	0.0907718679	-0.1212863109	0.1264925372	0.0732436504	0.0909320943	-0.12009017039999999	0.0364615058	0.1090390091	0.0520112948	-0.0745571446	-0.1294834237	0.0326312505	-0.0713425015	0.0906243322	-0.10770055380000004	-0.0704016115	0.143312266	0.083673016	-0.0267705423	-0.024921521800000002	0.1436712374	0.0159801713	0.0320230941	-0.1083405054	0.0724649147	0.0051267503	0.010069444200000001	-0.025367896600000002	0.0131710812	-0.09079240470000001	-0.056521372800000004	0.0726968994	0.033297591800000005	0.12298437	-0.002936555	-0.010641858700000001	0.134763725	0.042579973	-0.082154738	0.0508138529	0.0013498218	-0.023678396	-0.0064553528	0.1348910738	0.0235047479	-0.0767504744	0.11589900449999999	0.060021407199999995	0.050995222400000005	-0.2157700138	-0.030782054	0.0825134388	0.0501744189	-0.0067321759	-0.0746447053	0.1097603642	-0.026418375299999998	-0.1187850352	0.1124536497	-0.020142369099999998	-0.1055463326	0.045609725	-0.0048275196	-0.0817645746	0.15092858	0.042422246100000005	0.0352178219	-0.1112797157	-0.0360924052	0.0867485674	0.0578599384	-0.1300877225	-0.031826178	-0.0425733002	0.053680585999999995	-0.068161933	0.0196276197	-0.0619180324	-0.0323361942	-0.0781865842	0.0420363949	0.0023737022	0.015694786699999998	0.0899959506	0.1388081323	0.037491746400000005	-0.07583712719999999	0.0323742772	-0.0971263447	0.0307210145	-0.0496861679	-0.0236011402	-0.0420055479	0.0210161419	0.1298946355	-0.14686797470000001	0.0159253	0.0288649573	0.0036604153000000003	0.2048304273	0.1807998068	-0.0261819852	-0.1162222268	-0.10815661539999999	0.098454833	-0.0829246304	0.0624853789	0.0	0.0	0.0	0.0	0.0	0.0	0.0	-0.0210482	1.000000000001e-06	1.0000000000020003e-12	0.00044302672324	-0.030617	-0.03198974	0.0010233434652676002	0.000937400689	-0.0341785	0.0078721	0.00116816986225	6.196995840999999e-05	-0.0008547649999999997	6.917000000000023e-05	7.306232052249995e-07	4.784488900000033e-09	0.0008552199999999999	9.5108e-05	7.314012483999997e-07	9.045531664e-09	0.00152463	3.209999999999802e-06	2.3244966369e-06	1.0304099999998726e-11	0.0	0.0	0.0
492.7859476988372	-1.0630042054099818	1.129977940719307	242837.9902494411	636.1098333644568	2.3706633900000043	5.620044908686311	404635.72010295704	437.6353064416126	0.5138022474297372	0.2639927494638489	191524.66144424415	437.624021362944	558.7429978515421	1.057309	30.359856	0.11083980000000003	0.0668189	-0.0762738933	0.0671970247	-0.104549423	0.0254629779	0.0645476628	0.10405777640000001	0.0305482851	-0.1761764316	0.0197391822	-0.020877257	0.052500543399999995	0.10356967369999999	0.0555485094	-0.19787765359999998	-0.0207795056	0.0956383129	-0.0686089418	-0.055750710300000006	-0.0314786529	0.0908631716	-0.020273858500000002	-0.0154619364	0.011237928700000002	-0.0859976226	0.17252372829999998	0.1838554628	-0.0309078196	-0.0941360875	-0.0332166698	0.0679323032	0.1143787031	0.0917110299	-0.0225241502	0.11692225560000001	0.0375202667	-0.1035493911	-0.009400435300000001	0.0212165405	-0.0757695303	-0.0618496798	0.0853603776	-0.1550375342	-0.0393197951	-0.019589716899999998	-0.0436495483	0.0876835886	0.0082305765	-0.12327380380000001	-0.051525185599999995	-0.04233579690000002	-0.0548990716	0.09874983539999999	-0.08109545139999999	0.1098971088	0.023247406	-0.0259031231	0.1085341641	0.0200913937	-0.0748924513	0.0443182404	0.08809686300000001	0.09362183130000001	-0.0225954964	0.09625384960000001	0.0731819741	-0.0783204143	-0.0109401451	-0.060842868700000004	-0.059344862400000004	-0.0060325614	0.07385247639999999	-0.16136577470000002	0.1391026385	0.108688437	0.035701252	-0.0660443783	0.1492604007	0.045178399699999996	0.007353087199999999	0.0926140885	-0.0094204642	-0.0472440722	0.1381975808	-0.13647214119999998	0.0679639507	0.017550728999999998	0.0102817235	0.10649008439999999	0.0025168709	0.05014333940000002	-0.033685576200000004	-0.062121755999999986	-0.0787873247	0.1247063763	0.0086849874	-0.0819397345	-0.10570594789999999	0.0465481591	0.0472347859	-0.1000272125	-0.0788518565	0.060260070199999995	-0.0167991351	0.1082526691	-0.014339384699999999	0.0005162408999999999	-0.0693021619	-0.0107328856	0.0908158268	0.013485651599999999	-0.0100909893	-0.1086612169	0.1004180641	-0.0871395302	0.0694914565	0.0	0.0	0.0	0.0	0.0	0.0	0.0	-0.020971700000000003	7.649999999999671e-05	5.8522499999994974e-09	0.0004398122008900001	0.0118889	0.0425059	0.0018067515348099998	0.00014134594320999998	-0.08538849999999999	-0.051209999999999985	0.007291195932249999	0.0026224640999999997	-0.00100807	-0.00015330500000000028	1.0162051249e-06	2.3502423025000085e-08	0.000840887	-1.4332999999999835e-05	7.07090946769e-07	2.054348889999953e-10	0.00169794	0.0001733100000000001	2.8830002436e-06	3.003635610000003e-08	0.0	0.0	0.0
491.2434510453058	-1.5424966535314295	2.37929592615566	241320.1281949017	635.1034748289875	-1.0063585354693032	1.0127575019119208	403356.42373985436	437.0196037753434	-0.6157026662692147	0.37908977325102	190986.13408395814	437.0948074909337	546.2502936513353	1.005836	28.881855	0.12734931	0.0613307	-0.1504497144	0.0767917171	-0.0926137724	0.0051605182	0.0372734598	0.0928276049	0.0301309087	-0.06497274980000001	0.09796305550000001	0.06829715110000001	0.0326039634	0.09803555779999999	0.020509336	-0.0823491281	0.0079106827	0.09873722289999999	-0.013749949499999999	-0.0280470626	-0.0655596049	0.1280651196	-0.0250431769	0.0283594692	-0.032887158	0.046806655	-0.012271311699999999	0.0721783868	-0.1368414034	0.14606587710000002	0.0404945025	0.12460686779999999	0.0463680796	-0.0328609233	-0.08657671230000001	0.0484208814	0.059234005199999995	-0.1649741899	0.0118787019	-0.0778324999	0.0159360974	-0.12344607279999999	0.046178455800000004	-0.0941429047	0.0264177307	0.1288977473	0.1786714519	-0.013623228999999999	0.0393504716	0.0175405354	0.0466455832	0.06955916570000001	-0.0306847554	-0.1007383237	-0.0514969821	0.020211691	0.1215318319	-0.028493976	0.0092905363	0.1478015659	0.0321080412	0.1222671794	-0.0499624242	0.011447649099999999	0.0355630926	0.0988976783	0.0305993315	-0.06688972259999999	0.039629955099999996	-0.066323373	-0.0995516315	0.0633469133	0.0167018851	-0.0674476957	0.0373550902	0.12822042449999999	0.053175608099999994	0.1713169139	-0.069761499	0.12579519890000002	-0.0295425888	-0.0252654543	-0.0738517988	0.0413343156	0.042984017199999995	-0.1691717064	0.09310257300000001	0.042262513499999994	0.0360554614	0.0176733196	-0.0001731081	0.08407773689999999	-0.10439758390000001	0.123446673	0.035018791800000004	0.024029908500000002	0.1922795367000001	-0.0475055292	0.030071246099999997	-0.025111598399999997	-0.0722197108	0.0260693071	0.06503182019999999	0.17627646870000002	0.0886572665	0.0609040479	-0.0386447504	-0.1457343559	0.0354122137	0.018664428	-0.14064204789999998	0.0087279074	0.0382495745	-0.1091244461	0.1022283749	-0.09105590429999999	0.0760743991	0.0	0.0	0.0	0.0	0.0	0.0	0.0	-0.0309084	-0.009936699999999994	9.873800688999991e-05	0.00095532919056	-0.00604221	-0.01793111	0.0003215247058321	3.65083016841e-05	-0.037430300000000014	0.04795819999999999	0.0014010273580900006	0.0022999889472399985	-0.000264087	0.000743983	6.974194356899999e-08	5.535107042890001e-07	0.00103775	0.00019686300000000006	1.0769250625e-06	3.875504076900001e-08	0.00160832	-8.961999999999989e-05	2.5866932224e-06	8.031744399999978e-09	0.0	0.0	0.0
491.1036530184684	-0.13979802683741127	0.01954348830763356	241182.79800808415	634.170444505484	-0.9330303235034308	0.8705455845769167	402172.1526842832	437.0080726381847	-0.01153113715872678	0.00013296712417336948	190976.0555509409	436.8618218315223	534.1741244613677	1.060785	30.459671000000004	0.10904666	0.0561313	-0.1758048283	0.1185412701	-0.11184263369999999	0.0145211923	0.091643183	0.1259169069	0.0421652271	0.0159393367	-0.1528688181	0.1115906291	-0.1538859981	0.0298913933	0.0399239448	-0.0641031526	-0.1325876757	0.0948077825	-0.0752153358	-0.10571701609999999	-0.10098438050000001	0.11793088480000001	0.0511918171	-0.0473849594	-0.015497166100000001	-0.0402710359	-0.0731640662	0.1713735256	-0.1121012778	-0.0038590728999999997	0.00018682330000000002	-0.0452249655	-0.046131683099999994	-0.0191942205	-0.1250702613	0.033104937599999995	-0.0476145327	-0.026131147599999998	-0.0494277538	-0.0561335076	0.08582736210000001	0.0432187682	0.053996523399999996	-0.1125146184	-0.0479153629	-0.0716536525	0.06627241190000001	-0.06549538070000001	0.1484510879	0.0726458754	-0.022500904300000003	0.0995480539	0.0674502093	-0.0193902796	0.0278705108	0.053723842599999995	0.0410323898	0.051087782400000004	0.058375572699999996	-0.023592408399999997	0.1043399149	-0.18784714219999998	0.020078314	0.0099242127	-0.13826837390000002	0.0948246697	0.082770024	-0.1155822458	0.0322745161	-0.1354725845	0.031193018	0.008674605	-0.0212604977	-0.1394968324	-0.09416524470000001	0.0930938714	0.115850149	-0.0008307211	-0.0472531896	-0.0402922733	-0.0400333937	0.055879540199999994	-0.1313331451	0.0121616751	-0.0492719014	-0.0080282994	0.0886643792	0.0285419623	-0.0132901948	-0.0794263668	0.0040322763	0.0298698676	-0.0529612328	-0.1236679508	-0.0093076366	0.0025094028	0.116585815	-0.1037097797	0.14671109529999998	-0.1026110795	0.006818578100000001	0.0394368279	-0.060664456100000014	-0.0251162819	0.10055584699999999	-0.021312741899999998	0.0659180204	0.08707753720000001	0.0338894841	-0.1489908085	8.47039e-05	0.045270044599999996	-0.1078050609	-0.1095461267	0.1038830089	-0.0946603359	0.0821941232	0.0	0.0	0.0	0.0	0.0	0.0	0.0	-0.023132	0.007776399999999998	6.0472396959999986e-05	0.000535089424	0.0326248	0.03866701	0.0014951376623401002	0.0010643775750400002	-0.0753085	-0.0378782	0.005671370172249999	0.0014347580352399995	-0.000608968	-0.000344881	3.70842025024e-07	1.1894290416099999e-07	0.00103775	0.0	1.0769250625e-06	0.0	0.00175794	0.00014961999999999983	3.0903530436e-06	2.2386144399999953e-08	0.0	0.0	0.0
493.6399011424688	2.5362481240003945	6.4325545464955205	243680.35199994638	639.1481451230069	4.977700617522828	24.777503437687145	408510.3514141801	436.9400209115464	-0.06805172663825942	0.004631037498448387	190916.58187418265	436.950394119665	549.7066700558017	1.073783	30.832884000000004	0.070281509	0.0401522	-0.0951012683	0.0638416857	-0.10234039	-0.0062089502000000005	0.0465519896	0.0940790816	-0.021014456	0.1206770262	-0.0966579834	0.0618561972	0.07486248940000001	0.1017425936	0.1997753632	-0.09493570009999999	-0.0272293597	0.0939265826	-0.06675502030000001	-0.0309332781	-0.0925180421	0.06166227780000001	0.0559983975	-0.033329668	-0.0741836692	0.0142525413	0.09095703570000001	0.0448279943	0.026957494	-0.0744780405	0.0903303083	0.0526802422	0.041395300600000004	-0.0677013291	0.12983966630000002	-0.053330677400000005	0.1568927744	0.0729154328	0.0631464835	-0.0343192798	-0.054063435599999994	0.08795746789999999	-0.0091004633	-0.1916451565	-0.0030856752	-0.0727572813	-0.1118874919	-0.0481605661	0.0069371118	0.018051668400000002	-0.0455665772	0.0277910054	0.0769830771	-0.16928276809999998	-0.0456518333	-0.11114066339999999	-0.08395586039999997	0.1019463234	-0.0365227712	0.1888471024	-0.09949816339999999	-0.0050839844	0.0328359981	0.1844407718	-0.0143154978	0.09425261310000001	0.065011216	-0.0811529172	0.0232677618	-0.1107741558	0.0540406289	0.0023798701999999997	-0.0532883702	-0.0144281103	0.08993681810000001	0.0622546429	0.034427067900000004	-0.0741067501	0.0407561505	0.1122853811	0.027693205800000002	-0.0666109585	-0.0192935003	-0.018273103500000002	0.14119692679999998	0.0330717598	-0.17164590789999998	-0.0580716527	-0.053992869299999996	-0.0005208423	0.05633346	0.1010672757	-0.0446480263	-0.198796592	-0.13950577390000002	-0.055692395199999994	0.0283065565	0.07195258759999999	0.1457870207	0.0475226787	0.0042129649	0.0092631273	0.20884247620000002	-0.1082983846	-0.0902618614	0.0334399438	0.019133586299999998	-0.10352598800000001	-0.19563380660000002	-0.1712434035	-0.0294357058	-0.09003756789999999	-0.021099026099999998	-0.1099260982	0.1053794461	-0.0979404768	0.0878133654	0.0	0.0	0.0	0.0	0.0	0.0	0.0	-0.0210042	0.0021277999999999987	4.527532839999997e-06	0.0004411764176400001	-0.000709909	-0.033334709000000004	0.0011112028241146812	5.039707882810001e-07	-0.0680682	0.007240300000000005	0.004633279851239999	5.242194409000007e-05	-0.00082157	-0.000212602	6.749772648999999e-07	4.5199610404e-08	0.000743418	-0.000294332	5.526703227240001e-07	8.6631326224e-08	0.0017132999999999998	-4.4640000000000094e-05	2.9353968899999994e-06	1.9927296000000077e-09	0.0	0.0	0.0
494.81483956347137	1.1749384210025935	1.3804802931480682	244841.7254522239	640.418731444301	1.270586321294104	1.614389599859684	410136.15158472775	438.03163522923796	1.0916143176915512	1.1916218185891907	191871.7134616002	438.10130226822264	565.9005833717217	1.035081	29.721598	0.05021187100000001	0.0290024	-0.009140232199999999	0.0348992458	-0.1110442775	0.0275508752	0.0446026956	0.1019238725	-0.0445893338	-0.0155800673	0.090808612	0.0074927035	0.0464566529	0.1360083369	-0.0497301174	-0.0360924803	0.060814556299999996	0.0706142181	-0.1016151925	-0.0675916607	0.0359499628	-0.055035839	0.0100426961	-0.0668163107	0.0186786034	0.1413757297	0.0949576835	0.055186066299999996	-0.0084203427	-0.0470091257	-0.1352021841	-0.011366706	-0.0914619472	-0.0228010934	0.022003510299999997	-0.0765820129	0.074376674	-0.0091648751	0.0768385256	-0.11324309960000001	-0.0488221634	0.0738393771	0.0692620771	-0.0134480314	-0.1791024839	-0.0054347386999999995	-0.0065235036	0.0500217667	-0.026399478900000002	-0.0578693713	0.051829622199999995	-0.0447617362	-0.051743218099999995	0.045234475999999996	-0.0934769017	-0.0050837305	-0.0497568892	0.0703284662	-0.0482477318	-0.061982083099999995	-0.1143807577	-0.0429515467	-0.18437311690000002	0.0448098965	0.0666135524	0.071276146	0.0924033417	-0.0528620097	-0.0725144845	0.030891536600000002	0.0356810052	-0.09756921630000001	0.0355213824	0.07655074519999999	0.0965940526	0.1280246055	-0.030165051499999998	0.031630364300000005	0.13255402859999998	-0.092514675	-0.0962518433	-0.054406715599999995	-0.0654142462	0.0653621329	0.004703655399999999	-0.10034863949999999	-0.10575054939999999	-0.042746895099999994	-0.0531575254	-0.08597270259999999	0.0814568312	0.033585656299999996	0.09963394019999999	-0.0619298911	0.0250966758	0.10598867279999999	-0.0476086456	0.0081779485	-0.0758517709	-0.0104967583	0.0291272929	0.0216585786	0.0098459414	-0.0205584369	-0.023110034900000003	0.0037911566999999998	0.125784191	0.08730560300000001	-0.1208005494	0.1177848622	-0.14871612509999999	0.013968379199999999	0.0525794184	-0.1102642158	0.1067154078	-0.10088508970000001	0.0928979103	0.0	0.0	0.0	0.0	0.0	0.0	0.0	-0.0209868	1.7400000000000748e-05	3.0276000000002605e-10	0.00044044577424000005	-0.00951893	-0.008809021	7.7598850978441e-05	9.06100283449e-05	-0.09273890000000004	-0.024670700000000045	0.008600503573210008	0.0006086434384900022	-0.000717157	0.00010441300000000003	5.143141626489998e-07	1.0902074569000008e-08	0.0009137	0.000170282	8.3484769e-07	2.8995959524000006e-08	0.0017729	5.960000000000015e-05	3.1431744100000004e-06	3.5521600000000172e-09	0.0	0.0	0.0
494.8116717757244	-0.0031677877469746822	1.003487920988293e-05	244838.59052548718	637.850782077931	-2.567949366370044	6.594363948240312	406853.6201974281	437.56273835292063	-0.4688968763173307	0.2198642806201501	191461.14999490647	437.6299039835851	570.2426825873384	0.989424	28.410574	0.04595852	0.0317739	0.0177288598	-0.0122153223	-0.0535592684	0.0740954234	-0.0083621182	0.0753047657	-0.0140406685	0.0344173615	0.0414882748	0.009393971999999999	0.0456930565	0.027928503900000002	-0.06299159480000001	-0.050138606399999994	0.0717939138	0.0737383741	-0.0899716909	0.0433688675	0.0577670051	-0.0524079754	-0.0685043943	-0.1088216315	0.1383410981	0.12298244009999999	0.0681756508	0.0257611329	-0.0367275965	-0.0105656699	-0.0164166768	0.0539621785	-0.0860216463	-0.0026541234999999997	-0.0311666997	-0.11684336710000001	-0.09073857910000001	-0.0422775778	0.0402034316	0.026106099	-0.1080456073	0.1138894481	-0.0727535258	-0.021067441699999998	-0.0343974944	0.05266463	-0.09424087880000001	-0.0314278156	0.030241711299999998	0.0192285133	-0.017301185900000002	0.0448954045	-0.0586136608	0.0111063595	0.0839131716	-0.0972503912	-0.0211124273	-0.0030159803000000002	0.0004848527	0.1658726265	-0.0199977669	-0.0673620975	0.026492026000000002	-0.0452767313	-0.0840550591	0.0736864102	0.0865550318	0.0318001896	-0.0431676033	0.0562925909	-0.0205749211	-0.1356639492	0.13093335779999998	0.0740662557	0.028372166600000002	0.1024307698	0.029682053599999998	0.02573437	0.0445202888	0.013047238899999999	-0.0333120969	-0.0090058534	0.0079167762	0.037746510899999995	-0.1397263712	-0.0157200993	-0.0628651766	-0.1253605006	0.0882306029	0.0092815902	0.0128183342	-0.0102070411	0.11854054119999999	-0.0165194587	-0.1175336276	-0.06416889070000001	-0.039792743900000004	0.0140900453	0.0246866648	0.0186384406	0.0040835588	0.08125212	0.0204293465	-0.0802780534	-0.0081079655	0.0274154688	-0.11984588369999999	-0.11940007890000001	0.0056992143999999995	-0.08530955650000001	-0.0344069839	0.1036314218	-0.08942286	-0.110560351	0.10788885960000001	-0.10348408699999999	0.0974167978	0.0	0.0	0.0	0.0	0.0	0.0	0.0	-0.018691	0.002295800000000001	5.270697640000003e-06	0.00034935348100000003	-0.0139256	-0.00440667	1.94187404889e-05	0.00019392233536	-0.0926555	8.3400000000039e-05	0.00858504168025	6.955560000006504e-09	-0.00131056	-0.0005934029999999999	1.7175675135999997e-06	3.521271204089999e-07	0.00103775	0.00012405	1.0769250625e-06	1.5388402500000003e-08	0.0018389	6.599999999999987e-05	3.3815532099999994e-06	4.355999999999983e-09	0.0	0.0	0.0
495.1652621521805	0.35359037645611124	0.12502615432237446	245188.63684223767	640.2314482670449	2.3806661891139806	5.6675715039904855	409896.3073501177	437.6005508735202	0.03781252059957296	0.0014297867140931294	191494.24212480837	437.701231489074	577.0523697708335	0.937563	26.921432	0.0437201	0.024038	0.04313399019999999	-0.0335524104	-0.0180699658	0.0805046049	-0.0214788139	0.0285907237	-0.0200667192	-0.0041429376	0.10762373210000001	0.051940284100000005	-0.0492473942	-0.0455372037	-0.088784418	0.051509409400000004	0.1255915223	0.0697279083	-0.0668225458	0.018063047	0.038642678300000004	-0.010755068700000002	-0.0040349784	-0.0459906116	0.047386160700000006	-0.0909473301	-0.0642691338	0.0483580706	-0.0347049421	0.0462582049	-0.083400666	0.043090580999999996	-0.023601309700000003	-0.0887433309	0.07888532990000001	-0.0397183102	-0.0341453439	-0.046561541100000006	0.0754154918	-0.1379675257	-0.006150988100000001	0.1395821234	-0.0062051211	0.0107499913	-0.0178286699	0.0791718146	-0.0092944196	-0.0099022304	0.0441414442	-0.08693660560000001	0.0270112856	0.0119819637	-0.07551397230000001	0.045889175899999995	-0.0293810441	-0.044769715599999996	-0.0494286725	-0.033759275899999996	-0.037081937999999995	0.0001543119	0.0506685246	0.21842052039999998	0.0358921031	-0.08606635439999999	-0.0132035766	0.0691787033	0.0690265122	0.030499455	-0.0314412342	0.0481655021	-0.0202911957	-0.044804199	0.023285515299999997	-0.09866880789999999	-0.061334128099999996	0.0019330449	-0.0037017425	0.0840215815	0.0913870923	0.0089940595	0.0117667779	-0.11940187279999999	0.0084092726	-0.0136181257	-0.0569123126	-0.06919936759999999	-0.0380326279	-0.053635166	-0.0454269868	-0.149668956	0.0568628514	0.0510453554	0.0589979188	0.08540069410000001	-0.0772766557	0.0012006058999999999	-0.04387115849999999	-0.065730605	-0.029751422000000007	0.0010950027	0.022657060299999997	-0.0232423615	0.0572425688	-0.0660196628	-0.0356354647	0.0046817023	-0.0456915567	-0.0917294973	0.1087731066	0.0804144079	-0.0063572227	-0.1066638416	0.09530949640000001	-0.1108143908	0.10889801439999999	-0.10572856480000001	0.1013425123	0.0	0.0	0.0	0.0	0.0	0.0	0.0	-0.0289293	-0.010238300000000002	0.00010482278689000004	0.0008369043984900001	-0.0327804	-0.0188548	0.00035550348304000005	0.00107455462416	-0.092699	-4.350000000000187e-05	0.008593104601	1.8922500000001633e-09	-0.0010645	0.00024606	1.1331602499999998e-06	6.054552359999999e-08	0.00103775	0.0	1.0769250625e-06	0.0	0.00188451	4.5610000000000175e-05	3.5513779401000007e-06	2.0802721000000167e-09	0.0	0.0	0.0
494.60224712926384	-0.5630150229166588	0.3169859160298459	244631.38286531737	638.8421364147296	-1.3893118523153591	1.9301874229839335	408119.27525893593	436.8209919493857	-0.7795589241345056	0.6077121161977478	190812.57900764528	436.88717493339135	571.430827099533	0.949439	27.262459000000003	0.07841235999999999	0.0433942	0.025764211000000002	-0.0216922375	0.015756294	0.1339450826	-0.04372325690000002	-0.0083056561	0.0132258946	0.0827583418	0.0245731261	0.0974956318	-0.07074643679999999	-0.0046144772	-0.05878773230000001	-0.0460888835	0.11022814199999999	0.0800816483	-0.0651426221	0.052374787	0.0001098098	0.0498038778	0.0377018693	-0.0069879204	0.09089445980000001	-0.007460496800000002	-0.1225996349	-0.024360148999999998	0.0809665909	-0.007507464599999999	-0.008788332900000001	-0.0390852296	0.016232107	-0.029330032599999997	0.0765823045	-0.035355372	-0.018564488100000002	0.0807054629	-0.050304681600000005	0.0822120154	-0.014465923799999999	-0.0356082677	0.07540446349999999	0.1466294109	0.0395658693	0.0023904434	0.06345152309999999	-0.1486578498	-0.0768312924	-0.011222138500000001	-0.027278097400000003	0.11643699240000001	-0.0368259274	-0.049235011100000003	0.0802594896	-0.0270044893	-0.0388646822	-0.0987070689	0.10997809089999999	-0.0182275081	-0.008911070200000001	0.0041463368	0.013389086000000001	0.051385586100000005	0.1488342305	0.0798378462	0.0576504547	0.06621203469999999	-0.0138312555	-0.0488295764	0.0372127593	-0.0007670536000000001	0.0517721289	-0.020441401799999998	-0.14621192630000002	-0.0158520418	-0.0606686406	0.0104544478	0.0103388774	-0.0272783508	0.065716161	-0.0715147946	0.047290905999999994	-0.023151784100000003	-0.0005617994	0.0660513252	-0.0102133915	-0.0277420347	-0.0411985358	0.0305941458	0.07994372059999999	-0.1498124344	0.0160947297	0.043829248	0.13200624619999998	-0.1282154153	0.0997903509	0.0032627825	-0.0301306112	0.0696401505	-0.0282817494	0.0961924759	-0.0190274164	-0.0500994136	0.008817923100000001	0.004363045	-0.07988291110000001	0.0188301796	-0.0347998056	-0.0519912954	0.054043392999999995	0.004602594000000001	0.1681441722	-0.1110262386	0.10974133550000001	-0.10761083390000001	0.1046511502	0.0	0.0	0.0	0.0	0.0	0.0	0.0	-0.0295363	-0.0006069999999999999	3.684489999999999e-07	0.0008723930176900001	-0.00407919	0.02870121	0.0008237594554641001	1.66397910561e-05	-0.110517	-0.017818	0.012214007289000002	0.00031748112400000004	-0.000612765	0.0004517349999999999	3.75480945225e-07	2.040645102249999e-07	0.000944232	-9.351800000000012e-05	8.915740698239998e-07	8.74561632400002e-09	0.00180404	-8.047000000000002e-05	3.2545603216e-06	6.4754209000000036e-09	0.0	0.0	0.0
495.1801282164244	0.5778810871605629	0.3339465508978741	245203.3593804345	643.9567214908958	5.114585076166237	26.158980501342377	414680.2591533032	437.2715651280618	0.4505731786761089	0.2030161893422928	191206.4216695448	437.37078243068015	575.7311552855754	0.943296	27.086054	0.03347501	0.017243900000000003	0.0400370154	-0.0361613194	0.0755369494	0.10867679710000001	-0.022404091400000003	-0.0696012495	-0.010970566599999999	-0.04008752	-0.024313747799999997	0.11276527630000001	-0.0822975303	0.0083472602	-0.0417964928	0.0321235568	0.13685194679999999	0.07010742910000001	-0.0631882341	0.06338050099999999	0.05177278849999999	0.0122568265	0.08523930380000001	-0.028306816000000002	0.09705850490000001	-0.0504995075	-0.0696350526	0.073260351	0.0692445559	-0.0220355779	-0.0324551855	-0.0409491305	0.1646166221	0.0481316133	0.026665634599999998	0.009498075699999999	-0.0241017976	-0.0490839659	0.0462360343	0.15320807779999998	0.0401122892	-0.0965363558	0.0158631469	0.1157030612	0.055446864699999994	-0.0344124649	0.055482967300000005	-0.0881826022	0.024214208100000002	0.055857474299999994	0.08876322800000001	0.0132220248	-0.0930330547	0.0280074189	-0.0399994006	-0.0196929806	-0.0352192333	-0.014733956599999999	-0.0086585129	-0.0573325186	-0.0183327871	-0.1245742218	0.0972641934	0.12630088949999999	0.0217395887	0.0698743046	0.048284172800000004	0.09097298220000001	-0.0554583335	-0.011718591799999999	0.0652369896	-0.0041476103	0.0636872237	-0.0880160919	-0.0913761473	0.0025184389000000003	-0.0750434245	0.0107476247	0.0626238759	-0.0182147168	0.1224524649	0.0797752043	0.0816867059	-0.001542714	0.0351503091	-0.0140798408	0.044742467300000005	0.11941318769999999	0.08912555050000001	0.052634870800000004	0.07310609230000001	-0.0956096895	-0.0558958723	0.0266746569	0.1330737161	-0.10091510990000001	-0.0367734917	-0.018445829599999998	-0.1130617301	-0.070265537	-0.0757127049	0.0384422378	0.0211582381	-0.032891613199999996	-0.050495875499999995	-0.0018964301000000002	0.0370121515	0.1077771251	-0.0395397454	-0.1271037914	0.11062943230000001	-0.1119025731	-0.0220733111	-0.11119581369999999	0.11041753859999999	-0.1091244461	0.107322565	0.0	0.0	0.0	0.0	0.0	0.0	0.0	-0.0330776	-0.003541299999999997	1.254080568999998e-05	0.0010941276217600001	-0.018006999999999995	-0.013927809999999995	0.00019398389139609987	0.00032425204899999983	-0.109733	0.0007840000000000068	0.012041331288999998	6.14656000000011e-07	-0.000429315	0.00018345000000000004	1.84311369225e-07	3.3653902500000015e-08	0.00103775	9.351800000000012e-05	1.0769250625e-06	8.74561632400002e-09	0.00183151	2.7469999999999925e-05	3.3544288801e-06	7.546008999999959e-10	0.0	0.0	0.0
495.2868355130992	0.10670729667481282	0.011386447163646521	245309.0494325798	639.297263774413	-4.659457716482848	21.710546211691558	408700.99146945134	437.1856881852325	-0.0858769428293158	0.007374849309709573	191131.3259539953	437.1721811854627	569.984285698663	0.933712	26.810867	0.04108156999999999	0.0214907	0.035099335499999995	-0.0012089085	0.0779179799	0.1396348688	-0.008433998199999999	-0.10028240990000001	-0.0172744325	0.10158127980000001	-0.1353870508	0.049537547	0.0518059762	-0.0469828361	0.11606104710000001	0.0211804327	0.0492587631	0.071399361	-0.0558445865	0.040988867400000004	0.11776219619999999	0.0342701161	0.0372367285	-0.1152737609	0.0530903351	0.1312112569	-0.1684717107	0.105267011	-0.02777096	-0.0160753735	-0.0502212932	-0.0762771216	0.1633814171	-0.015062293400000001	-0.0136952258	0.1041125989	-0.0324854075	0.113890376	-0.05216182	-0.0140201801	0.0058921537	-0.028347592799999998	-0.0291046937	0.1329763619	0.0859004458	-0.0303438459	0.0278729033	0.0056805039	0.006183303100000001	-0.0523546166	-0.006314711	-0.011978028600000001	0.0159558557	-0.011674949399999999	-0.08274224179999999	0.1382013919	-0.1078328048	0.107003172	-0.0047694491999999995	-0.0851192793	0.0638463294	-0.1121081409	0.042397847999999995	-0.0603363663	-0.0191095347	0.0708319551	0.0332237619	0.07264215519999999	-0.1115684887	-0.0087551338	0.0415948325	-0.0362378811	-0.0090641285	0.0440277004	-0.1897054755	0.1424004713	0.073393015	0.0908639101	0.040791700800000004	-0.0567767957	0.18514128850000008	0.0728484642	-0.0147147914	-0.0668702595	0.0198991914	0.10375282220000001	0.0675427613	0.0640851304	-0.0574566083	0.013988103500000001	-0.09310782220000001	-0.0342667739	-0.0053012871	0.0737498304	0.0868420984	-0.0394034687	-0.0239731054	-0.023959630699999998	0.020751773799999998	0.0103632065	0.0117830855	-0.0663751696	-0.050444904299999996	-0.022202391499999998	-0.05084681	0.0779723376	0.1886577973	0.0635208197	0.0611526282	-0.043857958200000005	0.049373081	-0.08092018549999999	-0.0427312397	-0.1113230515	0.1109255941	-0.1102642158	0.10934049039999999	0.0	0.0	0.0	0.0	0.0	0.0	0.0	-0.0285637	0.004513899999999998	2.0375293209999978e-05	0.00081588495769	-0.00571093	0.012296069999999996	0.0001511933374448999	3.2614721464900005e-05	-0.125158	-0.015424999999999994	0.015664524963999997	0.00023793062499999985	-0.000387786	4.1528999999999995e-05	1.5037798179600002e-07	1.7246578410000004e-09	0.000907897	-0.00012985300000000009	8.242769626089998e-07	1.6861801609000018e-08	0.00182596	-5.5499999999999985e-06	3.3341299216e-06	3.0802499999999995e-11	0.0	0.0	0.0
497.0299539305452	1.7431184174459986	3.038461817239442	247038.77510419989	642.4223690514285	3.125105277015564	9.766282992430524	412706.50025764975	437.96777555142097	0.7820873661884775	0.6116606483516297	191815.77242145987	438.0314410365976	582.0425905489384	0.997292	28.636499	0.10988612	0.0706393	0.09207331869999999	-0.0121488144	0.1044678963	0.1008464529	-0.0296167758	-0.1059314514	-0.046062100300000006	0.0347839039	0.024052823799999998	0.0269557473	-0.0158754023	-0.0550289204	0.0140935991	0.066309792	0.0649923391	0.0561717868	0.0186004244	0.0488780128	0.1571152545	-0.0077254705000000005	0.07836934799999999	-0.044510861	0.0065124985	0.1004322658	-0.09288368	-0.0016896994	-0.07666349139999999	0.1555011659	0.083559438	0.0282331396	-0.1150660616	0.0503235676	-0.0118876868	0.0813275163	0.013171892900000001	0.0343712825	0.0385702721	0.0732351575	0.1509681967	-0.1039100761	-0.009123437600000001	0.025086629500000002	0.124417827	0.028769417400000007	-0.0541455037	-0.1405282112	-0.0572012132	0.0245332936	-0.0863907553	-0.0484419971	0.0421494988	-0.0147523642	0.1619956375	0.0642596594	0.0055887131999999996	0.025854348	-0.09144162730000001	-0.014000543	-0.0210154384	-0.0405579383	0.0402882331	-0.1253820501	-0.0491098917	0.0558205921	-0.032022349	0.0888898073	-0.10886279	0.0745724187	0.0570288301	0.0270527921	-0.0065990902	0.0142272026	-0.0673400581	0.0892713838	0.018988278	0.1433526208	-0.18634972079999998	-0.0103554814	-0.1023201157	0.0314002093	0.0612286055	-0.0338368552	0.0093178211	0.0698881096	-0.0214186101	0.1267168559	-0.0298740004	-0.0183514407	-0.06810148320000001	-0.100617452	-0.1143484646	0.043142433	-0.0589568996	-0.1713408727	0.0211790131	-0.0032708218	0.022654163999999997	0.0409918087	0.058942764400000014	-0.0253218427	-0.0765955229	0.0326517783	-0.0322895971	-0.049387943	-0.0318496277	-0.066970802	0.026545987400000002	-0.0019808067999999997	0.070661343	0.09150730230000001	-0.037132392	-0.11140790369999999	0.11126472820000001	-0.1110262386	0.1106926392	0.0	0.0	0.0	0.0	0.0	0.0	0.0	-0.0294469	-0.0008831999999999973	7.800422399999951e-07	0.0008671199196099999	-0.0224668	-0.016755870000000003	0.0002807591794569001	0.0005047571022400001	-0.05799600000000001	0.06716199999999999	0.003363536016000001	0.004510734243999998	-0.000309388	7.839799999999998e-05	9.5720934544e-08	6.146246403999997e-09	0.00103775	0.00012985300000000009	1.0769250625e-06	1.6861801609000018e-08	0.00153251	-0.00029345	2.3485869001e-06	8.61129025e-08	0.0	0.0	0.0
496.9817499076578	-0.04820402288743253	0.0023236278225321192	246990.8597412777	640.360561320223	-2.061807731205477	4.2510511204586745	410061.6484943511	438.2845995506572	0.3168239992362487	0.10037744649205052	192093.39020328	438.2951600298645	579.9398112021443	0.9520400000000002	27.337122	0.14213570000000006	0.0672342	0.0929669758	0.0036694637	0.0758613356	0.1228582215	-0.0337604923	-0.097523447	-0.018091898000000002	0.022164797599999998	-0.0876995722	0.0220153269	-0.0048355076	-0.0399148579	-0.033401109	0.0208347015	0.1173092517	0.04906071150000002	-0.0288976019	0.0782264692	0.08992611689999999	-0.0376473046	0.0305769439	-0.055269232300000005	0.0121917578	0.1417535496	-0.0801575249	0.05071544150000002	0.0191273903	0.0068028376	-0.1287374414	-0.0372486692	0.0051220811	0.0369948695	-0.0142210672	0.0281256459	-0.1073902635	0.0030018826	-0.0026857774	0.0355891158	0.1391683775	0.0071871625	-0.0010143863	0.067321418	-0.0446025903	-0.1794086593	-0.09009724150000001	0.0039078888	0.0046000976	-0.06590010019999999	-0.0284816629	-0.1086204261	0.0417429229	0.0523967003	0.0132561091	-0.023838383900000003	0.1534107083	0.105127434	-0.1289454495	-0.0378403368	-0.0478359487	-0.017273975	-0.046256484	-0.0070859721	-0.0456575715	0.0485213283	0.0131566935	0.1104241522	-0.0541985968	0.038123060699999996	0.0496364475	-0.021785682599999998	-0.0264281152	0.0915195441	-0.1031520478	0.1117738416	-0.044076149	0.0539738925	0.045846144900000003	-0.10904362890000001	0.0038518896	0.059562924800000014	0.0532903241	-0.0201097002	-0.0974183207	0.05697907	0.0645192911	0.07191799900000001	0.0092632349	-0.09868793699999999	-0.0645248062	-0.11706886	-0.0217739552	-0.16224899880000002	0.0010849869000000001	0.0458533694	-0.0763025105	-0.0208568098	-0.0995227664	0.013104298	0.06257066480000001	-0.0698136173	-0.0165768258	0.0879218373	0.0043301241	-0.1358149246	0.08725916130000001	-0.0362102502	-0.0180006193	0.0785612663	-0.014034070400000001	0.0637943141	-0.13434294759999998	-0.11145033789999999	0.1114344244	-0.11140790369999999	0.1113707782	0.0	0.0	0.0	0.0	0.0	0.0	0.0	-0.0159692	0.0134777	0.00018164839729	0.00025501534864	0.0132197	0.0356865	0.00127352628225	0.00017476046809000002	-0.106419	-0.048423	0.011325003561	0.0023447869289999995	-0.0009944830000000002	-0.0006850950000000001	9.889964372890005e-07	4.693551590250002e-07	0.000897805	-0.00013994500000000004	8.06053818025e-07	1.9584603025000008e-08	0.00159844	6.593000000000007e-05	2.5550104336e-06	4.3467649000000086e-09	0.0	0.0	0.0
